#COL_NUMBER  #ROW_NUMBER_1  #ROW_NUMBER_2  #RES_PAIR_HIT/NALT
     1    1    2 1.000000
     1    1    3 1.000000
     1    1    4 1.000000
     1    1    5 1.000000
     1    1    6 1.000000
     1    1    7 1.000000
     1    1    8 1.000000
     1    1    9 1.000000
     1    1   10 1.000000
     1    1   11 1.000000
     1    1   12 1.000000
     1    1   13 1.000000
     1    1   14 1.000000
     1    1   15 1.000000
     1    1   16 1.000000
     1    1   17 1.000000
     1    1   18 1.000000
     1    1   19 1.000000
     1    1   20 1.000000
     1    1   21 1.000000
     1    1   22 1.000000
     1    1   23 1.000000
     1    1   24 1.000000
     1    1   25 1.000000
     1    1   26 1.000000
     1    1   27 1.000000
     1    2    3 1.000000
     1    2    4 1.000000
     1    2    5 1.000000
     1    2    6 1.000000
     1    2    7 1.000000
     1    2    8 1.000000
     1    2    9 1.000000
     1    2   10 1.000000
     1    2   11 1.000000
     1    2   12 1.000000
     1    2   13 1.000000
     1    2   14 1.000000
     1    2   15 1.000000
     1    2   16 1.000000
     1    2   17 1.000000
     1    2   18 1.000000
     1    2   19 1.000000
     1    2   20 1.000000
     1    2   21 1.000000
     1    2   22 1.000000
     1    2   23 1.000000
     1    2   24 1.000000
     1    2   25 1.000000
     1    2   26 1.000000
     1    2   27 1.000000
     1    3    4 1.000000
     1    3    5 1.000000
     1    3    6 1.000000
     1    3    7 1.000000
     1    3    8 1.000000
     1    3    9 1.000000
     1    3   10 1.000000
     1    3   11 1.000000
     1    3   12 1.000000
     1    3   13 1.000000
     1    3   14 1.000000
     1    3   15 1.000000
     1    3   16 1.000000
     1    3   17 1.000000
     1    3   18 1.000000
     1    3   19 1.000000
     1    3   20 1.000000
     1    3   21 1.000000
     1    3   22 1.000000
     1    3   23 1.000000
     1    3   24 1.000000
     1    3   25 1.000000
     1    3   26 1.000000
     1    3   27 1.000000
     1    4    5 1.000000
     1    4    6 1.000000
     1    4    7 1.000000
     1    4    8 1.000000
     1    4    9 1.000000
     1    4   10 1.000000
     1    4   11 1.000000
     1    4   12 1.000000
     1    4   13 1.000000
     1    4   14 1.000000
     1    4   15 1.000000
     1    4   16 1.000000
     1    4   17 1.000000
     1    4   18 1.000000
     1    4   19 1.000000
     1    4   20 1.000000
     1    4   21 1.000000
     1    4   22 1.000000
     1    4   23 1.000000
     1    4   24 1.000000
     1    4   25 1.000000
     1    4   26 1.000000
     1    4   27 1.000000
     1    5    6 1.000000
     1    5    7 1.000000
     1    5    8 1.000000
     1    5    9 1.000000
     1    5   10 1.000000
     1    5   11 1.000000
     1    5   12 1.000000
     1    5   13 1.000000
     1    5   14 1.000000
     1    5   15 1.000000
     1    5   16 1.000000
     1    5   17 1.000000
     1    5   18 1.000000
     1    5   19 1.000000
     1    5   20 1.000000
     1    5   21 1.000000
     1    5   22 1.000000
     1    5   23 1.000000
     1    5   24 1.000000
     1    5   25 1.000000
     1    5   26 1.000000
     1    5   27 1.000000
     1    6    7 1.000000
     1    6    8 1.000000
     1    6    9 1.000000
     1    6   10 1.000000
     1    6   11 1.000000
     1    6   12 1.000000
     1    6   13 1.000000
     1    6   14 1.000000
     1    6   15 1.000000
     1    6   16 1.000000
     1    6   17 1.000000
     1    6   18 1.000000
     1    6   19 1.000000
     1    6   20 1.000000
     1    6   21 1.000000
     1    6   22 1.000000
     1    6   23 1.000000
     1    6   24 1.000000
     1    6   25 1.000000
     1    6   26 1.000000
     1    6   27 1.000000
     1    7    8 1.000000
     1    7    9 1.000000
     1    7   10 1.000000
     1    7   11 1.000000
     1    7   12 1.000000
     1    7   13 1.000000
     1    7   14 1.000000
     1    7   15 1.000000
     1    7   16 1.000000
     1    7   17 1.000000
     1    7   18 1.000000
     1    7   19 1.000000
     1    7   20 1.000000
     1    7   21 1.000000
     1    7   22 1.000000
     1    7   23 1.000000
     1    7   24 1.000000
     1    7   25 1.000000
     1    7   26 1.000000
     1    7   27 1.000000
     1    8    9 1.000000
     1    8   10 1.000000
     1    8   11 1.000000
     1    8   12 1.000000
     1    8   13 1.000000
     1    8   14 1.000000
     1    8   15 1.000000
     1    8   16 1.000000
     1    8   17 1.000000
     1    8   18 1.000000
     1    8   19 1.000000
     1    8   20 1.000000
     1    8   21 1.000000
     1    8   22 1.000000
     1    8   23 1.000000
     1    8   24 1.000000
     1    8   25 1.000000
     1    8   26 1.000000
     1    8   27 1.000000
     1    9   10 1.000000
     1    9   11 1.000000
     1    9   12 1.000000
     1    9   13 1.000000
     1    9   14 1.000000
     1    9   15 1.000000
     1    9   16 1.000000
     1    9   17 1.000000
     1    9   18 1.000000
     1    9   19 1.000000
     1    9   20 1.000000
     1    9   21 1.000000
     1    9   22 1.000000
     1    9   23 1.000000
     1    9   24 1.000000
     1    9   25 1.000000
     1    9   26 1.000000
     1    9   27 1.000000
     1   10   11 1.000000
     1   10   12 1.000000
     1   10   13 1.000000
     1   10   14 1.000000
     1   10   15 1.000000
     1   10   16 1.000000
     1   10   17 1.000000
     1   10   18 1.000000
     1   10   19 1.000000
     1   10   20 1.000000
     1   10   21 1.000000
     1   10   22 1.000000
     1   10   23 1.000000
     1   10   24 1.000000
     1   10   25 1.000000
     1   10   26 1.000000
     1   10   27 1.000000
     1   11   12 1.000000
     1   11   13 1.000000
     1   11   14 1.000000
     1   11   15 1.000000
     1   11   16 1.000000
     1   11   17 1.000000
     1   11   18 1.000000
     1   11   19 1.000000
     1   11   20 1.000000
     1   11   21 1.000000
     1   11   22 1.000000
     1   11   23 1.000000
     1   11   24 1.000000
     1   11   25 1.000000
     1   11   26 1.000000
     1   11   27 1.000000
     1   12   13 1.000000
     1   12   14 1.000000
     1   12   15 1.000000
     1   12   16 1.000000
     1   12   17 1.000000
     1   12   18 1.000000
     1   12   19 1.000000
     1   12   20 1.000000
     1   12   21 1.000000
     1   12   22 1.000000
     1   12   23 1.000000
     1   12   24 1.000000
     1   12   25 1.000000
     1   12   26 1.000000
     1   12   27 1.000000
     1   13   14 1.000000
     1   13   15 1.000000
     1   13   16 1.000000
     1   13   17 1.000000
     1   13   18 1.000000
     1   13   19 1.000000
     1   13   20 1.000000
     1   13   21 1.000000
     1   13   22 1.000000
     1   13   23 1.000000
     1   13   24 1.000000
     1   13   25 1.000000
     1   13   26 1.000000
     1   13   27 1.000000
     1   14   15 1.000000
     1   14   16 1.000000
     1   14   17 1.000000
     1   14   18 1.000000
     1   14   19 1.000000
     1   14   20 1.000000
     1   14   21 1.000000
     1   14   22 1.000000
     1   14   23 1.000000
     1   14   24 1.000000
     1   14   25 1.000000
     1   14   26 1.000000
     1   14   27 1.000000
     1   15   16 1.000000
     1   15   17 1.000000
     1   15   18 1.000000
     1   15   19 1.000000
     1   15   20 1.000000
     1   15   21 1.000000
     1   15   22 1.000000
     1   15   23 1.000000
     1   15   24 1.000000
     1   15   25 1.000000
     1   15   26 1.000000
     1   15   27 1.000000
     1   16   17 1.000000
     1   16   18 1.000000
     1   16   19 1.000000
     1   16   20 1.000000
     1   16   21 1.000000
     1   16   22 1.000000
     1   16   23 1.000000
     1   16   24 1.000000
     1   16   25 1.000000
     1   16   26 1.000000
     1   16   27 1.000000
     1   17   18 1.000000
     1   17   19 1.000000
     1   17   20 1.000000
     1   17   21 1.000000
     1   17   22 1.000000
     1   17   23 1.000000
     1   17   24 1.000000
     1   17   25 1.000000
     1   17   26 1.000000
     1   17   27 1.000000
     1   18   19 1.000000
     1   18   20 1.000000
     1   18   21 1.000000
     1   18   22 1.000000
     1   18   23 1.000000
     1   18   24 1.000000
     1   18   25 1.000000
     1   18   26 1.000000
     1   18   27 1.000000
     1   19   20 1.000000
     1   19   21 1.000000
     1   19   22 1.000000
     1   19   23 1.000000
     1   19   24 1.000000
     1   19   25 1.000000
     1   19   26 1.000000
     1   19   27 1.000000
     1   20   21 1.000000
     1   20   22 1.000000
     1   20   23 1.000000
     1   20   24 1.000000
     1   20   25 1.000000
     1   20   26 1.000000
     1   20   27 1.000000
     1   21   22 1.000000
     1   21   23 1.000000
     1   21   24 1.000000
     1   21   25 1.000000
     1   21   26 1.000000
     1   21   27 1.000000
     1   22   23 1.000000
     1   22   24 1.000000
     1   22   25 1.000000
     1   22   26 1.000000
     1   22   27 1.000000
     1   23   24 1.000000
     1   23   25 1.000000
     1   23   26 1.000000
     1   23   27 1.000000
     1   24   25 1.000000
     1   24   26 1.000000
     1   24   27 1.000000
     1   25   26 1.000000
     1   25   27 1.000000
     1   26   27 1.000000
     2    1    2 1.000000
     2    1    3 1.000000
     2    1    4 1.000000
     2    1    5 1.000000
     2    1    6 1.000000
     2    1    7 1.000000
     2    1    8 1.000000
     2    1    9 1.000000
     2    1   10 1.000000
     2    1   11 1.000000
     2    1   12 1.000000
     2    1   13 1.000000
     2    1   14 1.000000
     2    1   15 1.000000
     2    1   16 1.000000
     2    1   17 1.000000
     2    1   18 1.000000
     2    1   19 1.000000
     2    1   20 1.000000
     2    1   21 1.000000
     2    1   22 1.000000
     2    1   23 1.000000
     2    1   24 1.000000
     2    1   25 1.000000
     2    1   26 1.000000
     2    1   27 1.000000
     2    2    3 1.000000
     2    2    4 1.000000
     2    2    5 1.000000
     2    2    6 1.000000
     2    2    7 1.000000
     2    2    8 1.000000
     2    2    9 1.000000
     2    2   10 1.000000
     2    2   11 1.000000
     2    2   12 1.000000
     2    2   13 1.000000
     2    2   14 1.000000
     2    2   15 1.000000
     2    2   16 1.000000
     2    2   17 1.000000
     2    2   18 1.000000
     2    2   19 1.000000
     2    2   20 1.000000
     2    2   21 1.000000
     2    2   22 1.000000
     2    2   23 1.000000
     2    2   24 1.000000
     2    2   25 1.000000
     2    2   26 1.000000
     2    2   27 1.000000
     2    3    4 1.000000
     2    3    5 1.000000
     2    3    6 1.000000
     2    3    7 1.000000
     2    3    8 1.000000
     2    3    9 1.000000
     2    3   10 1.000000
     2    3   11 1.000000
     2    3   12 1.000000
     2    3   13 1.000000
     2    3   14 1.000000
     2    3   15 1.000000
     2    3   16 1.000000
     2    3   17 1.000000
     2    3   18 1.000000
     2    3   19 1.000000
     2    3   20 1.000000
     2    3   21 1.000000
     2    3   22 1.000000
     2    3   23 1.000000
     2    3   24 1.000000
     2    3   25 1.000000
     2    3   26 1.000000
     2    3   27 1.000000
     2    4    5 1.000000
     2    4    6 1.000000
     2    4    7 1.000000
     2    4    8 1.000000
     2    4    9 1.000000
     2    4   10 1.000000
     2    4   11 1.000000
     2    4   12 1.000000
     2    4   13 1.000000
     2    4   14 1.000000
     2    4   15 1.000000
     2    4   16 1.000000
     2    4   17 1.000000
     2    4   18 1.000000
     2    4   19 1.000000
     2    4   20 1.000000
     2    4   21 1.000000
     2    4   22 1.000000
     2    4   23 1.000000
     2    4   24 1.000000
     2    4   25 1.000000
     2    4   26 1.000000
     2    4   27 1.000000
     2    5    6 1.000000
     2    5    7 1.000000
     2    5    8 1.000000
     2    5    9 1.000000
     2    5   10 1.000000
     2    5   11 1.000000
     2    5   12 1.000000
     2    5   13 1.000000
     2    5   14 1.000000
     2    5   15 1.000000
     2    5   16 1.000000
     2    5   17 1.000000
     2    5   18 1.000000
     2    5   19 1.000000
     2    5   20 1.000000
     2    5   21 1.000000
     2    5   22 1.000000
     2    5   23 1.000000
     2    5   24 1.000000
     2    5   25 1.000000
     2    5   26 1.000000
     2    5   27 1.000000
     2    6    7 1.000000
     2    6    8 1.000000
     2    6    9 1.000000
     2    6   10 1.000000
     2    6   11 1.000000
     2    6   12 1.000000
     2    6   13 1.000000
     2    6   14 1.000000
     2    6   15 1.000000
     2    6   16 1.000000
     2    6   17 1.000000
     2    6   18 1.000000
     2    6   19 1.000000
     2    6   20 1.000000
     2    6   21 1.000000
     2    6   22 1.000000
     2    6   23 1.000000
     2    6   24 1.000000
     2    6   25 1.000000
     2    6   26 1.000000
     2    6   27 1.000000
     2    7    8 1.000000
     2    7    9 1.000000
     2    7   10 1.000000
     2    7   11 1.000000
     2    7   12 1.000000
     2    7   13 1.000000
     2    7   14 1.000000
     2    7   15 1.000000
     2    7   16 1.000000
     2    7   17 1.000000
     2    7   18 1.000000
     2    7   19 1.000000
     2    7   20 1.000000
     2    7   21 1.000000
     2    7   22 1.000000
     2    7   23 1.000000
     2    7   24 1.000000
     2    7   25 1.000000
     2    7   26 1.000000
     2    7   27 1.000000
     2    8    9 1.000000
     2    8   10 1.000000
     2    8   11 1.000000
     2    8   12 1.000000
     2    8   13 1.000000
     2    8   14 1.000000
     2    8   15 1.000000
     2    8   16 1.000000
     2    8   17 1.000000
     2    8   18 1.000000
     2    8   19 1.000000
     2    8   20 1.000000
     2    8   21 1.000000
     2    8   22 1.000000
     2    8   23 1.000000
     2    8   24 1.000000
     2    8   25 1.000000
     2    8   26 1.000000
     2    8   27 1.000000
     2    9   10 1.000000
     2    9   11 1.000000
     2    9   12 1.000000
     2    9   13 1.000000
     2    9   14 1.000000
     2    9   15 1.000000
     2    9   16 1.000000
     2    9   17 1.000000
     2    9   18 1.000000
     2    9   19 1.000000
     2    9   20 1.000000
     2    9   21 1.000000
     2    9   22 1.000000
     2    9   23 1.000000
     2    9   24 1.000000
     2    9   25 1.000000
     2    9   26 1.000000
     2    9   27 1.000000
     2   10   11 1.000000
     2   10   12 1.000000
     2   10   13 1.000000
     2   10   14 1.000000
     2   10   15 1.000000
     2   10   16 1.000000
     2   10   17 1.000000
     2   10   18 1.000000
     2   10   19 1.000000
     2   10   20 1.000000
     2   10   21 1.000000
     2   10   22 1.000000
     2   10   23 1.000000
     2   10   24 1.000000
     2   10   25 1.000000
     2   10   26 1.000000
     2   10   27 1.000000
     2   11   12 1.000000
     2   11   13 1.000000
     2   11   14 1.000000
     2   11   15 1.000000
     2   11   16 1.000000
     2   11   17 1.000000
     2   11   18 1.000000
     2   11   19 1.000000
     2   11   20 1.000000
     2   11   21 1.000000
     2   11   22 1.000000
     2   11   23 1.000000
     2   11   24 1.000000
     2   11   25 1.000000
     2   11   26 1.000000
     2   11   27 1.000000
     2   12   13 1.000000
     2   12   14 1.000000
     2   12   15 1.000000
     2   12   16 1.000000
     2   12   17 1.000000
     2   12   18 1.000000
     2   12   19 1.000000
     2   12   20 1.000000
     2   12   21 1.000000
     2   12   22 1.000000
     2   12   23 1.000000
     2   12   24 1.000000
     2   12   25 1.000000
     2   12   26 1.000000
     2   12   27 1.000000
     2   13   14 1.000000
     2   13   15 1.000000
     2   13   16 1.000000
     2   13   17 1.000000
     2   13   18 1.000000
     2   13   19 1.000000
     2   13   20 1.000000
     2   13   21 1.000000
     2   13   22 1.000000
     2   13   23 1.000000
     2   13   24 1.000000
     2   13   25 1.000000
     2   13   26 1.000000
     2   13   27 1.000000
     2   14   15 1.000000
     2   14   16 1.000000
     2   14   17 1.000000
     2   14   18 1.000000
     2   14   19 1.000000
     2   14   20 1.000000
     2   14   21 1.000000
     2   14   22 1.000000
     2   14   23 1.000000
     2   14   24 1.000000
     2   14   25 1.000000
     2   14   26 1.000000
     2   14   27 1.000000
     2   15   16 1.000000
     2   15   17 1.000000
     2   15   18 1.000000
     2   15   19 1.000000
     2   15   20 1.000000
     2   15   21 1.000000
     2   15   22 1.000000
     2   15   23 1.000000
     2   15   24 1.000000
     2   15   25 1.000000
     2   15   26 1.000000
     2   15   27 1.000000
     2   16   17 1.000000
     2   16   18 1.000000
     2   16   19 1.000000
     2   16   20 1.000000
     2   16   21 1.000000
     2   16   22 1.000000
     2   16   23 1.000000
     2   16   24 1.000000
     2   16   25 1.000000
     2   16   26 1.000000
     2   16   27 1.000000
     2   17   18 1.000000
     2   17   19 1.000000
     2   17   20 1.000000
     2   17   21 1.000000
     2   17   22 1.000000
     2   17   23 1.000000
     2   17   24 1.000000
     2   17   25 1.000000
     2   17   26 1.000000
     2   17   27 1.000000
     2   18   19 1.000000
     2   18   20 1.000000
     2   18   21 1.000000
     2   18   22 1.000000
     2   18   23 1.000000
     2   18   24 1.000000
     2   18   25 1.000000
     2   18   26 1.000000
     2   18   27 1.000000
     2   19   20 1.000000
     2   19   21 1.000000
     2   19   22 1.000000
     2   19   23 1.000000
     2   19   24 1.000000
     2   19   25 1.000000
     2   19   26 1.000000
     2   19   27 1.000000
     2   20   21 1.000000
     2   20   22 1.000000
     2   20   23 1.000000
     2   20   24 1.000000
     2   20   25 1.000000
     2   20   26 1.000000
     2   20   27 1.000000
     2   21   22 1.000000
     2   21   23 1.000000
     2   21   24 1.000000
     2   21   25 1.000000
     2   21   26 1.000000
     2   21   27 1.000000
     2   22   23 1.000000
     2   22   24 1.000000
     2   22   25 1.000000
     2   22   26 1.000000
     2   22   27 1.000000
     2   23   24 1.000000
     2   23   25 1.000000
     2   23   26 1.000000
     2   23   27 1.000000
     2   24   25 1.000000
     2   24   26 1.000000
     2   24   27 1.000000
     2   25   26 1.000000
     2   25   27 1.000000
     2   26   27 1.000000
     3    1    2 1.000000
     3    1    3 1.000000
     3    1    4 1.000000
     3    1    5 1.000000
     3    1    6 1.000000
     3    1    7 1.000000
     3    1    8 1.000000
     3    1    9 1.000000
     3    1   10 1.000000
     3    1   11 1.000000
     3    1   12 1.000000
     3    1   13 1.000000
     3    1   14 1.000000
     3    1   15 1.000000
     3    1   16 1.000000
     3    1   17 1.000000
     3    1   18 1.000000
     3    1   19 1.000000
     3    1   20 1.000000
     3    1   21 1.000000
     3    1   22 1.000000
     3    1   23 1.000000
     3    1   24 1.000000
     3    1   25 1.000000
     3    1   26 1.000000
     3    1   27 1.000000
     3    2    3 1.000000
     3    2    4 1.000000
     3    2    5 1.000000
     3    2    6 1.000000
     3    2    7 1.000000
     3    2    8 1.000000
     3    2    9 1.000000
     3    2   10 1.000000
     3    2   11 1.000000
     3    2   12 1.000000
     3    2   13 1.000000
     3    2   14 1.000000
     3    2   15 1.000000
     3    2   16 1.000000
     3    2   17 1.000000
     3    2   18 1.000000
     3    2   19 1.000000
     3    2   20 1.000000
     3    2   21 1.000000
     3    2   22 1.000000
     3    2   23 1.000000
     3    2   24 1.000000
     3    2   25 1.000000
     3    2   26 1.000000
     3    2   27 1.000000
     3    3    4 1.000000
     3    3    5 1.000000
     3    3    6 1.000000
     3    3    7 1.000000
     3    3    8 1.000000
     3    3    9 1.000000
     3    3   10 1.000000
     3    3   11 1.000000
     3    3   12 1.000000
     3    3   13 1.000000
     3    3   14 1.000000
     3    3   15 1.000000
     3    3   16 1.000000
     3    3   17 1.000000
     3    3   18 1.000000
     3    3   19 1.000000
     3    3   20 1.000000
     3    3   21 1.000000
     3    3   22 1.000000
     3    3   23 1.000000
     3    3   24 1.000000
     3    3   25 1.000000
     3    3   26 1.000000
     3    3   27 1.000000
     3    4    5 1.000000
     3    4    6 1.000000
     3    4    7 1.000000
     3    4    8 1.000000
     3    4    9 1.000000
     3    4   10 1.000000
     3    4   11 1.000000
     3    4   12 1.000000
     3    4   13 1.000000
     3    4   14 1.000000
     3    4   15 1.000000
     3    4   16 1.000000
     3    4   17 1.000000
     3    4   18 1.000000
     3    4   19 1.000000
     3    4   20 1.000000
     3    4   21 1.000000
     3    4   22 1.000000
     3    4   23 1.000000
     3    4   24 1.000000
     3    4   25 1.000000
     3    4   26 1.000000
     3    4   27 1.000000
     3    5    6 1.000000
     3    5    7 1.000000
     3    5    8 1.000000
     3    5    9 1.000000
     3    5   10 1.000000
     3    5   11 1.000000
     3    5   12 1.000000
     3    5   13 1.000000
     3    5   14 1.000000
     3    5   15 1.000000
     3    5   16 1.000000
     3    5   17 1.000000
     3    5   18 1.000000
     3    5   19 1.000000
     3    5   20 1.000000
     3    5   21 1.000000
     3    5   22 1.000000
     3    5   23 1.000000
     3    5   24 1.000000
     3    5   25 1.000000
     3    5   26 1.000000
     3    5   27 1.000000
     3    6    7 1.000000
     3    6    8 1.000000
     3    6    9 1.000000
     3    6   10 1.000000
     3    6   11 1.000000
     3    6   12 1.000000
     3    6   13 1.000000
     3    6   14 1.000000
     3    6   15 1.000000
     3    6   16 1.000000
     3    6   17 1.000000
     3    6   18 1.000000
     3    6   19 1.000000
     3    6   20 1.000000
     3    6   21 1.000000
     3    6   22 1.000000
     3    6   23 1.000000
     3    6   24 1.000000
     3    6   25 1.000000
     3    6   26 1.000000
     3    6   27 1.000000
     3    7    8 1.000000
     3    7    9 1.000000
     3    7   10 1.000000
     3    7   11 1.000000
     3    7   12 1.000000
     3    7   13 1.000000
     3    7   14 1.000000
     3    7   15 1.000000
     3    7   16 1.000000
     3    7   17 1.000000
     3    7   18 1.000000
     3    7   19 1.000000
     3    7   20 1.000000
     3    7   21 1.000000
     3    7   22 1.000000
     3    7   23 1.000000
     3    7   24 1.000000
     3    7   25 1.000000
     3    7   26 1.000000
     3    7   27 1.000000
     3    8    9 1.000000
     3    8   10 1.000000
     3    8   11 1.000000
     3    8   12 1.000000
     3    8   13 1.000000
     3    8   14 1.000000
     3    8   15 1.000000
     3    8   16 1.000000
     3    8   17 1.000000
     3    8   18 1.000000
     3    8   19 1.000000
     3    8   20 1.000000
     3    8   21 1.000000
     3    8   22 1.000000
     3    8   23 1.000000
     3    8   24 1.000000
     3    8   25 1.000000
     3    8   26 1.000000
     3    8   27 1.000000
     3    9   10 1.000000
     3    9   11 1.000000
     3    9   12 1.000000
     3    9   13 1.000000
     3    9   14 1.000000
     3    9   15 1.000000
     3    9   16 1.000000
     3    9   17 1.000000
     3    9   18 1.000000
     3    9   19 1.000000
     3    9   20 1.000000
     3    9   21 1.000000
     3    9   22 1.000000
     3    9   23 1.000000
     3    9   24 1.000000
     3    9   25 1.000000
     3    9   26 1.000000
     3    9   27 1.000000
     3   10   11 1.000000
     3   10   12 1.000000
     3   10   13 1.000000
     3   10   14 1.000000
     3   10   15 1.000000
     3   10   16 1.000000
     3   10   17 1.000000
     3   10   18 1.000000
     3   10   19 1.000000
     3   10   20 1.000000
     3   10   21 1.000000
     3   10   22 1.000000
     3   10   23 1.000000
     3   10   24 1.000000
     3   10   25 1.000000
     3   10   26 1.000000
     3   10   27 1.000000
     3   11   12 1.000000
     3   11   13 1.000000
     3   11   14 1.000000
     3   11   15 1.000000
     3   11   16 1.000000
     3   11   17 1.000000
     3   11   18 1.000000
     3   11   19 1.000000
     3   11   20 1.000000
     3   11   21 1.000000
     3   11   22 1.000000
     3   11   23 1.000000
     3   11   24 1.000000
     3   11   25 1.000000
     3   11   26 1.000000
     3   11   27 1.000000
     3   12   13 1.000000
     3   12   14 1.000000
     3   12   15 1.000000
     3   12   16 1.000000
     3   12   17 1.000000
     3   12   18 1.000000
     3   12   19 1.000000
     3   12   20 1.000000
     3   12   21 1.000000
     3   12   22 1.000000
     3   12   23 1.000000
     3   12   24 1.000000
     3   12   25 1.000000
     3   12   26 1.000000
     3   12   27 1.000000
     3   13   14 1.000000
     3   13   15 1.000000
     3   13   16 1.000000
     3   13   17 1.000000
     3   13   18 1.000000
     3   13   19 1.000000
     3   13   20 1.000000
     3   13   21 1.000000
     3   13   22 1.000000
     3   13   23 1.000000
     3   13   24 1.000000
     3   13   25 1.000000
     3   13   26 1.000000
     3   13   27 1.000000
     3   14   15 1.000000
     3   14   16 1.000000
     3   14   17 1.000000
     3   14   18 1.000000
     3   14   19 1.000000
     3   14   20 1.000000
     3   14   21 1.000000
     3   14   22 1.000000
     3   14   23 1.000000
     3   14   24 1.000000
     3   14   25 1.000000
     3   14   26 1.000000
     3   14   27 1.000000
     3   15   16 1.000000
     3   15   17 1.000000
     3   15   18 1.000000
     3   15   19 1.000000
     3   15   20 1.000000
     3   15   21 1.000000
     3   15   22 1.000000
     3   15   23 1.000000
     3   15   24 1.000000
     3   15   25 1.000000
     3   15   26 1.000000
     3   15   27 1.000000
     3   16   17 1.000000
     3   16   18 1.000000
     3   16   19 1.000000
     3   16   20 1.000000
     3   16   21 1.000000
     3   16   22 1.000000
     3   16   23 1.000000
     3   16   24 1.000000
     3   16   25 1.000000
     3   16   26 1.000000
     3   16   27 1.000000
     3   17   18 1.000000
     3   17   19 1.000000
     3   17   20 1.000000
     3   17   21 1.000000
     3   17   22 1.000000
     3   17   23 1.000000
     3   17   24 1.000000
     3   17   25 1.000000
     3   17   26 1.000000
     3   17   27 1.000000
     3   18   19 1.000000
     3   18   20 1.000000
     3   18   21 1.000000
     3   18   22 1.000000
     3   18   23 1.000000
     3   18   24 1.000000
     3   18   25 1.000000
     3   18   26 1.000000
     3   18   27 1.000000
     3   19   20 1.000000
     3   19   21 1.000000
     3   19   22 1.000000
     3   19   23 1.000000
     3   19   24 1.000000
     3   19   25 1.000000
     3   19   26 1.000000
     3   19   27 1.000000
     3   20   21 1.000000
     3   20   22 1.000000
     3   20   23 1.000000
     3   20   24 1.000000
     3   20   25 1.000000
     3   20   26 1.000000
     3   20   27 1.000000
     3   21   22 1.000000
     3   21   23 1.000000
     3   21   24 1.000000
     3   21   25 1.000000
     3   21   26 1.000000
     3   21   27 1.000000
     3   22   23 1.000000
     3   22   24 1.000000
     3   22   25 1.000000
     3   22   26 1.000000
     3   22   27 1.000000
     3   23   24 1.000000
     3   23   25 1.000000
     3   23   26 1.000000
     3   23   27 1.000000
     3   24   25 1.000000
     3   24   26 1.000000
     3   24   27 1.000000
     3   25   26 1.000000
     3   25   27 1.000000
     3   26   27 1.000000
     4    1    2 1.000000
     4    1    3 1.000000
     4    1    4 1.000000
     4    1    5 1.000000
     4    1    6 1.000000
     4    1    7 1.000000
     4    1    8 1.000000
     4    1    9 1.000000
     4    1   10 1.000000
     4    1   11 1.000000
     4    1   12 1.000000
     4    1   13 1.000000
     4    1   14 1.000000
     4    1   15 1.000000
     4    1   16 1.000000
     4    1   17 1.000000
     4    1   18 1.000000
     4    1   19 1.000000
     4    1   20 1.000000
     4    1   21 1.000000
     4    1   22 1.000000
     4    1   23 1.000000
     4    1   24 1.000000
     4    1   25 1.000000
     4    1   26 1.000000
     4    1   27 1.000000
     4    2    3 1.000000
     4    2    4 1.000000
     4    2    5 1.000000
     4    2    6 1.000000
     4    2    7 1.000000
     4    2    8 1.000000
     4    2    9 1.000000
     4    2   10 1.000000
     4    2   11 1.000000
     4    2   12 1.000000
     4    2   13 1.000000
     4    2   14 1.000000
     4    2   15 1.000000
     4    2   16 1.000000
     4    2   17 1.000000
     4    2   18 1.000000
     4    2   19 1.000000
     4    2   20 1.000000
     4    2   21 1.000000
     4    2   22 1.000000
     4    2   23 1.000000
     4    2   24 1.000000
     4    2   25 1.000000
     4    2   26 1.000000
     4    2   27 1.000000
     4    3    4 1.000000
     4    3    5 1.000000
     4    3    6 1.000000
     4    3    7 1.000000
     4    3    8 1.000000
     4    3    9 1.000000
     4    3   10 1.000000
     4    3   11 1.000000
     4    3   12 1.000000
     4    3   13 1.000000
     4    3   14 1.000000
     4    3   15 1.000000
     4    3   16 1.000000
     4    3   17 1.000000
     4    3   18 1.000000
     4    3   19 1.000000
     4    3   20 1.000000
     4    3   21 1.000000
     4    3   22 1.000000
     4    3   23 1.000000
     4    3   24 1.000000
     4    3   25 1.000000
     4    3   26 1.000000
     4    3   27 1.000000
     4    4    5 1.000000
     4    4    6 1.000000
     4    4    7 1.000000
     4    4    8 1.000000
     4    4    9 1.000000
     4    4   10 1.000000
     4    4   11 1.000000
     4    4   12 1.000000
     4    4   13 1.000000
     4    4   14 1.000000
     4    4   15 1.000000
     4    4   16 1.000000
     4    4   17 1.000000
     4    4   18 1.000000
     4    4   19 1.000000
     4    4   20 1.000000
     4    4   21 1.000000
     4    4   22 1.000000
     4    4   23 1.000000
     4    4   24 1.000000
     4    4   25 1.000000
     4    4   26 1.000000
     4    4   27 1.000000
     4    5    6 1.000000
     4    5    7 1.000000
     4    5    8 1.000000
     4    5    9 1.000000
     4    5   10 1.000000
     4    5   11 1.000000
     4    5   12 1.000000
     4    5   13 1.000000
     4    5   14 1.000000
     4    5   15 1.000000
     4    5   16 1.000000
     4    5   17 1.000000
     4    5   18 1.000000
     4    5   19 1.000000
     4    5   20 1.000000
     4    5   21 1.000000
     4    5   22 1.000000
     4    5   23 1.000000
     4    5   24 1.000000
     4    5   25 1.000000
     4    5   26 1.000000
     4    5   27 1.000000
     4    6    7 1.000000
     4    6    8 1.000000
     4    6    9 1.000000
     4    6   10 1.000000
     4    6   11 1.000000
     4    6   12 1.000000
     4    6   13 1.000000
     4    6   14 1.000000
     4    6   15 1.000000
     4    6   16 1.000000
     4    6   17 1.000000
     4    6   18 1.000000
     4    6   19 1.000000
     4    6   20 1.000000
     4    6   21 1.000000
     4    6   22 1.000000
     4    6   23 1.000000
     4    6   24 1.000000
     4    6   25 1.000000
     4    6   26 1.000000
     4    6   27 1.000000
     4    7    8 1.000000
     4    7    9 1.000000
     4    7   10 1.000000
     4    7   11 1.000000
     4    7   12 1.000000
     4    7   13 1.000000
     4    7   14 1.000000
     4    7   15 1.000000
     4    7   16 1.000000
     4    7   17 1.000000
     4    7   18 1.000000
     4    7   19 1.000000
     4    7   20 1.000000
     4    7   21 1.000000
     4    7   22 1.000000
     4    7   23 1.000000
     4    7   24 1.000000
     4    7   25 1.000000
     4    7   26 1.000000
     4    7   27 1.000000
     4    8    9 1.000000
     4    8   10 1.000000
     4    8   11 1.000000
     4    8   12 1.000000
     4    8   13 1.000000
     4    8   14 1.000000
     4    8   15 1.000000
     4    8   16 1.000000
     4    8   17 1.000000
     4    8   18 1.000000
     4    8   19 1.000000
     4    8   20 1.000000
     4    8   21 1.000000
     4    8   22 1.000000
     4    8   23 1.000000
     4    8   24 1.000000
     4    8   25 1.000000
     4    8   26 1.000000
     4    8   27 1.000000
     4    9   10 1.000000
     4    9   11 1.000000
     4    9   12 1.000000
     4    9   13 1.000000
     4    9   14 1.000000
     4    9   15 1.000000
     4    9   16 1.000000
     4    9   17 1.000000
     4    9   18 1.000000
     4    9   19 1.000000
     4    9   20 1.000000
     4    9   21 1.000000
     4    9   22 1.000000
     4    9   23 1.000000
     4    9   24 1.000000
     4    9   25 1.000000
     4    9   26 1.000000
     4    9   27 1.000000
     4   10   11 1.000000
     4   10   12 1.000000
     4   10   13 1.000000
     4   10   14 1.000000
     4   10   15 1.000000
     4   10   16 1.000000
     4   10   17 1.000000
     4   10   18 1.000000
     4   10   19 1.000000
     4   10   20 1.000000
     4   10   21 1.000000
     4   10   22 1.000000
     4   10   23 1.000000
     4   10   24 1.000000
     4   10   25 1.000000
     4   10   26 1.000000
     4   10   27 1.000000
     4   11   12 1.000000
     4   11   13 1.000000
     4   11   14 1.000000
     4   11   15 1.000000
     4   11   16 1.000000
     4   11   17 1.000000
     4   11   18 1.000000
     4   11   19 1.000000
     4   11   20 1.000000
     4   11   21 1.000000
     4   11   22 1.000000
     4   11   23 1.000000
     4   11   24 1.000000
     4   11   25 1.000000
     4   11   26 1.000000
     4   11   27 1.000000
     4   12   13 1.000000
     4   12   14 1.000000
     4   12   15 1.000000
     4   12   16 1.000000
     4   12   17 1.000000
     4   12   18 1.000000
     4   12   19 1.000000
     4   12   20 1.000000
     4   12   21 1.000000
     4   12   22 1.000000
     4   12   23 1.000000
     4   12   24 1.000000
     4   12   25 1.000000
     4   12   26 1.000000
     4   12   27 1.000000
     4   13   14 1.000000
     4   13   15 1.000000
     4   13   16 1.000000
     4   13   17 1.000000
     4   13   18 1.000000
     4   13   19 1.000000
     4   13   20 1.000000
     4   13   21 1.000000
     4   13   22 1.000000
     4   13   23 1.000000
     4   13   24 1.000000
     4   13   25 1.000000
     4   13   26 1.000000
     4   13   27 1.000000
     4   14   15 1.000000
     4   14   16 1.000000
     4   14   17 1.000000
     4   14   18 1.000000
     4   14   19 1.000000
     4   14   20 1.000000
     4   14   21 1.000000
     4   14   22 1.000000
     4   14   23 1.000000
     4   14   24 1.000000
     4   14   25 1.000000
     4   14   26 1.000000
     4   14   27 1.000000
     4   15   16 1.000000
     4   15   17 1.000000
     4   15   18 1.000000
     4   15   19 1.000000
     4   15   20 1.000000
     4   15   21 1.000000
     4   15   22 1.000000
     4   15   23 1.000000
     4   15   24 1.000000
     4   15   25 1.000000
     4   15   26 1.000000
     4   15   27 1.000000
     4   16   17 1.000000
     4   16   18 1.000000
     4   16   19 1.000000
     4   16   20 1.000000
     4   16   21 1.000000
     4   16   22 1.000000
     4   16   23 1.000000
     4   16   24 1.000000
     4   16   25 1.000000
     4   16   26 1.000000
     4   16   27 1.000000
     4   17   18 1.000000
     4   17   19 1.000000
     4   17   20 1.000000
     4   17   21 1.000000
     4   17   22 1.000000
     4   17   23 1.000000
     4   17   24 1.000000
     4   17   25 1.000000
     4   17   26 1.000000
     4   17   27 1.000000
     4   18   19 1.000000
     4   18   20 1.000000
     4   18   21 1.000000
     4   18   22 1.000000
     4   18   23 1.000000
     4   18   24 1.000000
     4   18   25 1.000000
     4   18   26 1.000000
     4   18   27 1.000000
     4   19   20 1.000000
     4   19   21 1.000000
     4   19   22 1.000000
     4   19   23 1.000000
     4   19   24 1.000000
     4   19   25 1.000000
     4   19   26 1.000000
     4   19   27 1.000000
     4   20   21 1.000000
     4   20   22 1.000000
     4   20   23 1.000000
     4   20   24 1.000000
     4   20   25 1.000000
     4   20   26 1.000000
     4   20   27 1.000000
     4   21   22 1.000000
     4   21   23 1.000000
     4   21   24 1.000000
     4   21   25 1.000000
     4   21   26 1.000000
     4   21   27 1.000000
     4   22   23 1.000000
     4   22   24 1.000000
     4   22   25 1.000000
     4   22   26 1.000000
     4   22   27 1.000000
     4   23   24 1.000000
     4   23   25 1.000000
     4   23   26 1.000000
     4   23   27 1.000000
     4   24   25 1.000000
     4   24   26 1.000000
     4   24   27 1.000000
     4   25   26 1.000000
     4   25   27 1.000000
     4   26   27 1.000000
     5    1    2 1.000000
     5    1    3 1.000000
     5    1    4 1.000000
     5    1    5 1.000000
     5    1    6 1.000000
     5    1    7 1.000000
     5    1    8 1.000000
     5    1    9 1.000000
     5    1   10 1.000000
     5    1   11 1.000000
     5    1   12 1.000000
     5    1   13 1.000000
     5    1   14 1.000000
     5    1   15 1.000000
     5    1   16 1.000000
     5    1   17 1.000000
     5    1   18 1.000000
     5    1   19 1.000000
     5    1   20 1.000000
     5    1   21 1.000000
     5    1   22 1.000000
     5    1   23 1.000000
     5    1   24 1.000000
     5    1   25 1.000000
     5    1   26 1.000000
     5    1   27 1.000000
     5    2    3 1.000000
     5    2    4 1.000000
     5    2    5 1.000000
     5    2    6 1.000000
     5    2    7 1.000000
     5    2    8 1.000000
     5    2    9 1.000000
     5    2   10 1.000000
     5    2   11 1.000000
     5    2   12 1.000000
     5    2   13 1.000000
     5    2   14 1.000000
     5    2   15 1.000000
     5    2   16 1.000000
     5    2   17 1.000000
     5    2   18 1.000000
     5    2   19 1.000000
     5    2   20 1.000000
     5    2   21 1.000000
     5    2   22 1.000000
     5    2   23 1.000000
     5    2   24 1.000000
     5    2   25 1.000000
     5    2   26 1.000000
     5    2   27 1.000000
     5    3    4 1.000000
     5    3    5 1.000000
     5    3    6 1.000000
     5    3    7 1.000000
     5    3    8 1.000000
     5    3    9 1.000000
     5    3   10 1.000000
     5    3   11 1.000000
     5    3   12 1.000000
     5    3   13 1.000000
     5    3   14 1.000000
     5    3   15 1.000000
     5    3   16 1.000000
     5    3   17 1.000000
     5    3   18 1.000000
     5    3   19 1.000000
     5    3   20 1.000000
     5    3   21 1.000000
     5    3   22 1.000000
     5    3   23 1.000000
     5    3   24 1.000000
     5    3   25 1.000000
     5    3   26 1.000000
     5    3   27 1.000000
     5    4    5 1.000000
     5    4    6 1.000000
     5    4    7 1.000000
     5    4    8 1.000000
     5    4    9 1.000000
     5    4   10 1.000000
     5    4   11 1.000000
     5    4   12 1.000000
     5    4   13 1.000000
     5    4   14 1.000000
     5    4   15 1.000000
     5    4   16 1.000000
     5    4   17 1.000000
     5    4   18 1.000000
     5    4   19 1.000000
     5    4   20 1.000000
     5    4   21 1.000000
     5    4   22 1.000000
     5    4   23 1.000000
     5    4   24 1.000000
     5    4   25 1.000000
     5    4   26 1.000000
     5    4   27 1.000000
     5    5    6 1.000000
     5    5    7 1.000000
     5    5    8 1.000000
     5    5    9 1.000000
     5    5   10 1.000000
     5    5   11 1.000000
     5    5   12 1.000000
     5    5   13 1.000000
     5    5   14 1.000000
     5    5   15 1.000000
     5    5   16 1.000000
     5    5   17 1.000000
     5    5   18 1.000000
     5    5   19 1.000000
     5    5   20 1.000000
     5    5   21 1.000000
     5    5   22 1.000000
     5    5   23 1.000000
     5    5   24 1.000000
     5    5   25 1.000000
     5    5   26 1.000000
     5    5   27 1.000000
     5    6    7 1.000000
     5    6    8 1.000000
     5    6    9 1.000000
     5    6   10 1.000000
     5    6   11 1.000000
     5    6   12 1.000000
     5    6   13 1.000000
     5    6   14 1.000000
     5    6   15 1.000000
     5    6   16 1.000000
     5    6   17 1.000000
     5    6   18 1.000000
     5    6   19 1.000000
     5    6   20 1.000000
     5    6   21 1.000000
     5    6   22 1.000000
     5    6   23 1.000000
     5    6   24 1.000000
     5    6   25 1.000000
     5    6   26 1.000000
     5    6   27 1.000000
     5    7    8 1.000000
     5    7    9 1.000000
     5    7   10 1.000000
     5    7   11 1.000000
     5    7   12 1.000000
     5    7   13 1.000000
     5    7   14 1.000000
     5    7   15 1.000000
     5    7   16 1.000000
     5    7   17 1.000000
     5    7   18 1.000000
     5    7   19 1.000000
     5    7   20 1.000000
     5    7   21 1.000000
     5    7   22 1.000000
     5    7   23 1.000000
     5    7   24 1.000000
     5    7   25 1.000000
     5    7   26 1.000000
     5    7   27 1.000000
     5    8    9 1.000000
     5    8   10 1.000000
     5    8   11 1.000000
     5    8   12 1.000000
     5    8   13 1.000000
     5    8   14 1.000000
     5    8   15 1.000000
     5    8   16 1.000000
     5    8   17 1.000000
     5    8   18 1.000000
     5    8   19 1.000000
     5    8   20 1.000000
     5    8   21 1.000000
     5    8   22 1.000000
     5    8   23 1.000000
     5    8   24 1.000000
     5    8   25 1.000000
     5    8   26 1.000000
     5    8   27 1.000000
     5    9   10 1.000000
     5    9   11 1.000000
     5    9   12 1.000000
     5    9   13 1.000000
     5    9   14 1.000000
     5    9   15 1.000000
     5    9   16 1.000000
     5    9   17 1.000000
     5    9   18 1.000000
     5    9   19 1.000000
     5    9   20 1.000000
     5    9   21 1.000000
     5    9   22 1.000000
     5    9   23 1.000000
     5    9   24 1.000000
     5    9   25 1.000000
     5    9   26 1.000000
     5    9   27 1.000000
     5   10   11 1.000000
     5   10   12 1.000000
     5   10   13 1.000000
     5   10   14 1.000000
     5   10   15 1.000000
     5   10   16 1.000000
     5   10   17 1.000000
     5   10   18 1.000000
     5   10   19 1.000000
     5   10   20 1.000000
     5   10   21 1.000000
     5   10   22 1.000000
     5   10   23 1.000000
     5   10   24 1.000000
     5   10   25 1.000000
     5   10   26 1.000000
     5   10   27 1.000000
     5   11   12 1.000000
     5   11   13 1.000000
     5   11   14 1.000000
     5   11   15 1.000000
     5   11   16 1.000000
     5   11   17 1.000000
     5   11   18 1.000000
     5   11   19 1.000000
     5   11   20 1.000000
     5   11   21 1.000000
     5   11   22 1.000000
     5   11   23 1.000000
     5   11   24 1.000000
     5   11   25 1.000000
     5   11   26 1.000000
     5   11   27 1.000000
     5   12   13 1.000000
     5   12   14 1.000000
     5   12   15 1.000000
     5   12   16 1.000000
     5   12   17 1.000000
     5   12   18 1.000000
     5   12   19 1.000000
     5   12   20 1.000000
     5   12   21 1.000000
     5   12   22 1.000000
     5   12   23 1.000000
     5   12   24 1.000000
     5   12   25 1.000000
     5   12   26 1.000000
     5   12   27 1.000000
     5   13   14 1.000000
     5   13   15 1.000000
     5   13   16 1.000000
     5   13   17 1.000000
     5   13   18 1.000000
     5   13   19 1.000000
     5   13   20 1.000000
     5   13   21 1.000000
     5   13   22 1.000000
     5   13   23 1.000000
     5   13   24 1.000000
     5   13   25 1.000000
     5   13   26 1.000000
     5   13   27 1.000000
     5   14   15 1.000000
     5   14   16 1.000000
     5   14   17 1.000000
     5   14   18 1.000000
     5   14   19 1.000000
     5   14   20 1.000000
     5   14   21 1.000000
     5   14   22 1.000000
     5   14   23 1.000000
     5   14   24 1.000000
     5   14   25 1.000000
     5   14   26 1.000000
     5   14   27 1.000000
     5   15   16 1.000000
     5   15   17 1.000000
     5   15   18 1.000000
     5   15   19 1.000000
     5   15   20 1.000000
     5   15   21 1.000000
     5   15   22 1.000000
     5   15   23 1.000000
     5   15   24 1.000000
     5   15   25 1.000000
     5   15   26 1.000000
     5   15   27 1.000000
     5   16   17 1.000000
     5   16   18 1.000000
     5   16   19 1.000000
     5   16   20 1.000000
     5   16   21 1.000000
     5   16   22 1.000000
     5   16   23 1.000000
     5   16   24 1.000000
     5   16   25 1.000000
     5   16   26 1.000000
     5   16   27 1.000000
     5   17   18 1.000000
     5   17   19 1.000000
     5   17   20 1.000000
     5   17   21 1.000000
     5   17   22 1.000000
     5   17   23 1.000000
     5   17   24 1.000000
     5   17   25 1.000000
     5   17   26 1.000000
     5   17   27 1.000000
     5   18   19 1.000000
     5   18   20 1.000000
     5   18   21 1.000000
     5   18   22 1.000000
     5   18   23 1.000000
     5   18   24 1.000000
     5   18   25 1.000000
     5   18   26 1.000000
     5   18   27 1.000000
     5   19   20 1.000000
     5   19   21 1.000000
     5   19   22 1.000000
     5   19   23 1.000000
     5   19   24 1.000000
     5   19   25 1.000000
     5   19   26 1.000000
     5   19   27 1.000000
     5   20   21 1.000000
     5   20   22 1.000000
     5   20   23 1.000000
     5   20   24 1.000000
     5   20   25 1.000000
     5   20   26 1.000000
     5   20   27 1.000000
     5   21   22 1.000000
     5   21   23 1.000000
     5   21   24 1.000000
     5   21   25 1.000000
     5   21   26 1.000000
     5   21   27 1.000000
     5   22   23 1.000000
     5   22   24 1.000000
     5   22   25 1.000000
     5   22   26 1.000000
     5   22   27 1.000000
     5   23   24 1.000000
     5   23   25 1.000000
     5   23   26 1.000000
     5   23   27 1.000000
     5   24   25 1.000000
     5   24   26 1.000000
     5   24   27 1.000000
     5   25   26 1.000000
     5   25   27 1.000000
     5   26   27 1.000000
     6    1    2 1.000000
     6    1    3 1.000000
     6    1    4 1.000000
     6    1    5 1.000000
     6    1    6 1.000000
     6    1    7 1.000000
     6    1    8 1.000000
     6    1    9 1.000000
     6    1   10 1.000000
     6    1   11 1.000000
     6    1   12 1.000000
     6    1   13 1.000000
     6    1   14 1.000000
     6    1   15 1.000000
     6    1   16 1.000000
     6    1   17 1.000000
     6    1   18 1.000000
     6    1   19 1.000000
     6    1   20 1.000000
     6    1   21 1.000000
     6    1   22 1.000000
     6    1   23 1.000000
     6    1   24 1.000000
     6    1   25 1.000000
     6    1   26 1.000000
     6    1   27 1.000000
     6    2    3 1.000000
     6    2    4 1.000000
     6    2    5 1.000000
     6    2    6 1.000000
     6    2    7 1.000000
     6    2    8 1.000000
     6    2    9 1.000000
     6    2   10 1.000000
     6    2   11 1.000000
     6    2   12 1.000000
     6    2   13 1.000000
     6    2   14 1.000000
     6    2   15 1.000000
     6    2   16 1.000000
     6    2   17 1.000000
     6    2   18 1.000000
     6    2   19 1.000000
     6    2   20 1.000000
     6    2   21 1.000000
     6    2   22 1.000000
     6    2   23 1.000000
     6    2   24 1.000000
     6    2   25 1.000000
     6    2   26 1.000000
     6    2   27 1.000000
     6    3    4 1.000000
     6    3    5 1.000000
     6    3    6 1.000000
     6    3    7 1.000000
     6    3    8 1.000000
     6    3    9 1.000000
     6    3   10 1.000000
     6    3   11 1.000000
     6    3   12 1.000000
     6    3   13 1.000000
     6    3   14 1.000000
     6    3   15 1.000000
     6    3   16 1.000000
     6    3   17 1.000000
     6    3   18 1.000000
     6    3   19 1.000000
     6    3   20 1.000000
     6    3   21 1.000000
     6    3   22 1.000000
     6    3   23 1.000000
     6    3   24 1.000000
     6    3   25 1.000000
     6    3   26 1.000000
     6    3   27 1.000000
     6    4    5 1.000000
     6    4    6 1.000000
     6    4    7 1.000000
     6    4    8 1.000000
     6    4    9 1.000000
     6    4   10 1.000000
     6    4   11 1.000000
     6    4   12 1.000000
     6    4   13 1.000000
     6    4   14 1.000000
     6    4   15 1.000000
     6    4   16 1.000000
     6    4   17 1.000000
     6    4   18 1.000000
     6    4   19 1.000000
     6    4   20 1.000000
     6    4   21 1.000000
     6    4   22 1.000000
     6    4   23 1.000000
     6    4   24 1.000000
     6    4   25 1.000000
     6    4   26 1.000000
     6    4   27 1.000000
     6    5    6 1.000000
     6    5    7 1.000000
     6    5    8 1.000000
     6    5    9 1.000000
     6    5   10 1.000000
     6    5   11 1.000000
     6    5   12 1.000000
     6    5   13 1.000000
     6    5   14 1.000000
     6    5   15 1.000000
     6    5   16 1.000000
     6    5   17 1.000000
     6    5   18 1.000000
     6    5   19 1.000000
     6    5   20 1.000000
     6    5   21 1.000000
     6    5   22 1.000000
     6    5   23 1.000000
     6    5   24 1.000000
     6    5   25 1.000000
     6    5   26 1.000000
     6    5   27 1.000000
     6    6    7 1.000000
     6    6    8 1.000000
     6    6    9 1.000000
     6    6   10 1.000000
     6    6   11 1.000000
     6    6   12 1.000000
     6    6   13 1.000000
     6    6   14 1.000000
     6    6   15 1.000000
     6    6   16 1.000000
     6    6   17 1.000000
     6    6   18 1.000000
     6    6   19 1.000000
     6    6   20 1.000000
     6    6   21 1.000000
     6    6   22 1.000000
     6    6   23 1.000000
     6    6   24 1.000000
     6    6   25 1.000000
     6    6   26 1.000000
     6    6   27 1.000000
     6    7    8 1.000000
     6    7    9 1.000000
     6    7   10 1.000000
     6    7   11 1.000000
     6    7   12 1.000000
     6    7   13 1.000000
     6    7   14 1.000000
     6    7   15 1.000000
     6    7   16 1.000000
     6    7   17 1.000000
     6    7   18 1.000000
     6    7   19 1.000000
     6    7   20 1.000000
     6    7   21 1.000000
     6    7   22 1.000000
     6    7   23 1.000000
     6    7   24 1.000000
     6    7   25 1.000000
     6    7   26 1.000000
     6    7   27 1.000000
     6    8    9 1.000000
     6    8   10 1.000000
     6    8   11 1.000000
     6    8   12 1.000000
     6    8   13 1.000000
     6    8   14 1.000000
     6    8   15 1.000000
     6    8   16 1.000000
     6    8   17 1.000000
     6    8   18 1.000000
     6    8   19 1.000000
     6    8   20 1.000000
     6    8   21 1.000000
     6    8   22 1.000000
     6    8   23 1.000000
     6    8   24 1.000000
     6    8   25 1.000000
     6    8   26 1.000000
     6    8   27 1.000000
     6    9   10 1.000000
     6    9   11 1.000000
     6    9   12 1.000000
     6    9   13 1.000000
     6    9   14 1.000000
     6    9   15 1.000000
     6    9   16 1.000000
     6    9   17 1.000000
     6    9   18 1.000000
     6    9   19 1.000000
     6    9   20 1.000000
     6    9   21 1.000000
     6    9   22 1.000000
     6    9   23 1.000000
     6    9   24 1.000000
     6    9   25 1.000000
     6    9   26 1.000000
     6    9   27 1.000000
     6   10   11 1.000000
     6   10   12 1.000000
     6   10   13 1.000000
     6   10   14 1.000000
     6   10   15 1.000000
     6   10   16 1.000000
     6   10   17 1.000000
     6   10   18 1.000000
     6   10   19 1.000000
     6   10   20 1.000000
     6   10   21 1.000000
     6   10   22 1.000000
     6   10   23 1.000000
     6   10   24 1.000000
     6   10   25 1.000000
     6   10   26 1.000000
     6   10   27 1.000000
     6   11   12 1.000000
     6   11   13 1.000000
     6   11   14 1.000000
     6   11   15 1.000000
     6   11   16 1.000000
     6   11   17 1.000000
     6   11   18 1.000000
     6   11   19 1.000000
     6   11   20 1.000000
     6   11   21 1.000000
     6   11   22 1.000000
     6   11   23 1.000000
     6   11   24 1.000000
     6   11   25 1.000000
     6   11   26 1.000000
     6   11   27 1.000000
     6   12   13 1.000000
     6   12   14 1.000000
     6   12   15 1.000000
     6   12   16 1.000000
     6   12   17 1.000000
     6   12   18 1.000000
     6   12   19 1.000000
     6   12   20 1.000000
     6   12   21 1.000000
     6   12   22 1.000000
     6   12   23 1.000000
     6   12   24 1.000000
     6   12   25 1.000000
     6   12   26 1.000000
     6   12   27 1.000000
     6   13   14 1.000000
     6   13   15 1.000000
     6   13   16 1.000000
     6   13   17 1.000000
     6   13   18 1.000000
     6   13   19 1.000000
     6   13   20 1.000000
     6   13   21 1.000000
     6   13   22 1.000000
     6   13   23 1.000000
     6   13   24 1.000000
     6   13   25 1.000000
     6   13   26 1.000000
     6   13   27 1.000000
     6   14   15 1.000000
     6   14   16 1.000000
     6   14   17 1.000000
     6   14   18 1.000000
     6   14   19 1.000000
     6   14   20 1.000000
     6   14   21 1.000000
     6   14   22 1.000000
     6   14   23 1.000000
     6   14   24 1.000000
     6   14   25 1.000000
     6   14   26 1.000000
     6   14   27 1.000000
     6   15   16 1.000000
     6   15   17 1.000000
     6   15   18 1.000000
     6   15   19 1.000000
     6   15   20 1.000000
     6   15   21 1.000000
     6   15   22 1.000000
     6   15   23 1.000000
     6   15   24 1.000000
     6   15   25 1.000000
     6   15   26 1.000000
     6   15   27 1.000000
     6   16   17 1.000000
     6   16   18 1.000000
     6   16   19 1.000000
     6   16   20 1.000000
     6   16   21 1.000000
     6   16   22 1.000000
     6   16   23 1.000000
     6   16   24 1.000000
     6   16   25 1.000000
     6   16   26 1.000000
     6   16   27 1.000000
     6   17   18 1.000000
     6   17   19 1.000000
     6   17   20 1.000000
     6   17   21 1.000000
     6   17   22 1.000000
     6   17   23 1.000000
     6   17   24 1.000000
     6   17   25 1.000000
     6   17   26 1.000000
     6   17   27 1.000000
     6   18   19 1.000000
     6   18   20 1.000000
     6   18   21 1.000000
     6   18   22 1.000000
     6   18   23 1.000000
     6   18   24 1.000000
     6   18   25 1.000000
     6   18   26 1.000000
     6   18   27 1.000000
     6   19   20 1.000000
     6   19   21 1.000000
     6   19   22 1.000000
     6   19   23 1.000000
     6   19   24 1.000000
     6   19   25 1.000000
     6   19   26 1.000000
     6   19   27 1.000000
     6   20   21 1.000000
     6   20   22 1.000000
     6   20   23 1.000000
     6   20   24 1.000000
     6   20   25 1.000000
     6   20   26 1.000000
     6   20   27 1.000000
     6   21   22 1.000000
     6   21   23 1.000000
     6   21   24 1.000000
     6   21   25 1.000000
     6   21   26 1.000000
     6   21   27 1.000000
     6   22   23 1.000000
     6   22   24 1.000000
     6   22   25 1.000000
     6   22   26 1.000000
     6   22   27 1.000000
     6   23   24 1.000000
     6   23   25 1.000000
     6   23   26 1.000000
     6   23   27 1.000000
     6   24   25 1.000000
     6   24   26 1.000000
     6   24   27 1.000000
     6   25   26 1.000000
     6   25   27 1.000000
     6   26   27 1.000000
     7    1    2 1.000000
     7    1    3 1.000000
     7    1    4 1.000000
     7    1    5 1.000000
     7    1    6 1.000000
     7    1    7 1.000000
     7    1    8 1.000000
     7    1    9 1.000000
     7    1   10 1.000000
     7    1   11 1.000000
     7    1   12 1.000000
     7    1   13 1.000000
     7    1   14 1.000000
     7    1   15 1.000000
     7    1   16 1.000000
     7    1   17 1.000000
     7    1   18 1.000000
     7    1   19 1.000000
     7    1   20 1.000000
     7    1   21 1.000000
     7    1   22 1.000000
     7    1   23 1.000000
     7    1   24 1.000000
     7    1   25 1.000000
     7    1   26 1.000000
     7    1   27 1.000000
     7    2    3 1.000000
     7    2    4 1.000000
     7    2    5 1.000000
     7    2    6 1.000000
     7    2    7 1.000000
     7    2    8 1.000000
     7    2    9 1.000000
     7    2   10 1.000000
     7    2   11 1.000000
     7    2   12 1.000000
     7    2   13 1.000000
     7    2   14 1.000000
     7    2   15 1.000000
     7    2   16 1.000000
     7    2   17 1.000000
     7    2   18 1.000000
     7    2   19 1.000000
     7    2   20 1.000000
     7    2   21 1.000000
     7    2   22 1.000000
     7    2   23 1.000000
     7    2   24 1.000000
     7    2   25 1.000000
     7    2   26 1.000000
     7    2   27 1.000000
     7    3    4 1.000000
     7    3    5 1.000000
     7    3    6 1.000000
     7    3    7 1.000000
     7    3    8 1.000000
     7    3    9 1.000000
     7    3   10 1.000000
     7    3   11 1.000000
     7    3   12 1.000000
     7    3   13 1.000000
     7    3   14 1.000000
     7    3   15 1.000000
     7    3   16 1.000000
     7    3   17 1.000000
     7    3   18 1.000000
     7    3   19 1.000000
     7    3   20 1.000000
     7    3   21 1.000000
     7    3   22 1.000000
     7    3   23 1.000000
     7    3   24 1.000000
     7    3   25 1.000000
     7    3   26 1.000000
     7    3   27 1.000000
     7    4    5 1.000000
     7    4    6 1.000000
     7    4    7 1.000000
     7    4    8 1.000000
     7    4    9 1.000000
     7    4   10 1.000000
     7    4   11 1.000000
     7    4   12 1.000000
     7    4   13 1.000000
     7    4   14 1.000000
     7    4   15 1.000000
     7    4   16 1.000000
     7    4   17 1.000000
     7    4   18 1.000000
     7    4   19 1.000000
     7    4   20 1.000000
     7    4   21 1.000000
     7    4   22 1.000000
     7    4   23 1.000000
     7    4   24 1.000000
     7    4   25 1.000000
     7    4   26 1.000000
     7    4   27 1.000000
     7    5    6 1.000000
     7    5    7 1.000000
     7    5    8 1.000000
     7    5    9 1.000000
     7    5   10 1.000000
     7    5   11 1.000000
     7    5   12 1.000000
     7    5   13 1.000000
     7    5   14 1.000000
     7    5   15 1.000000
     7    5   16 1.000000
     7    5   17 1.000000
     7    5   18 1.000000
     7    5   19 1.000000
     7    5   20 1.000000
     7    5   21 1.000000
     7    5   22 1.000000
     7    5   23 1.000000
     7    5   24 1.000000
     7    5   25 1.000000
     7    5   26 1.000000
     7    5   27 1.000000
     7    6    7 1.000000
     7    6    8 1.000000
     7    6    9 1.000000
     7    6   10 1.000000
     7    6   11 1.000000
     7    6   12 1.000000
     7    6   13 1.000000
     7    6   14 1.000000
     7    6   15 1.000000
     7    6   16 1.000000
     7    6   17 1.000000
     7    6   18 1.000000
     7    6   19 1.000000
     7    6   20 1.000000
     7    6   21 1.000000
     7    6   22 1.000000
     7    6   23 1.000000
     7    6   24 1.000000
     7    6   25 1.000000
     7    6   26 1.000000
     7    6   27 1.000000
     7    7    8 1.000000
     7    7    9 1.000000
     7    7   10 1.000000
     7    7   11 1.000000
     7    7   12 1.000000
     7    7   13 1.000000
     7    7   14 1.000000
     7    7   15 1.000000
     7    7   16 1.000000
     7    7   17 1.000000
     7    7   18 1.000000
     7    7   19 1.000000
     7    7   20 1.000000
     7    7   21 1.000000
     7    7   22 1.000000
     7    7   23 1.000000
     7    7   24 1.000000
     7    7   25 1.000000
     7    7   26 1.000000
     7    7   27 1.000000
     7    8    9 1.000000
     7    8   10 1.000000
     7    8   11 1.000000
     7    8   12 1.000000
     7    8   13 1.000000
     7    8   14 1.000000
     7    8   15 1.000000
     7    8   16 1.000000
     7    8   17 1.000000
     7    8   18 1.000000
     7    8   19 1.000000
     7    8   20 1.000000
     7    8   21 1.000000
     7    8   22 1.000000
     7    8   23 1.000000
     7    8   24 1.000000
     7    8   25 1.000000
     7    8   26 1.000000
     7    8   27 1.000000
     7    9   10 1.000000
     7    9   11 1.000000
     7    9   12 1.000000
     7    9   13 1.000000
     7    9   14 1.000000
     7    9   15 1.000000
     7    9   16 1.000000
     7    9   17 1.000000
     7    9   18 1.000000
     7    9   19 1.000000
     7    9   20 1.000000
     7    9   21 1.000000
     7    9   22 1.000000
     7    9   23 1.000000
     7    9   24 1.000000
     7    9   25 1.000000
     7    9   26 1.000000
     7    9   27 1.000000
     7   10   11 1.000000
     7   10   12 1.000000
     7   10   13 1.000000
     7   10   14 1.000000
     7   10   15 1.000000
     7   10   16 1.000000
     7   10   17 1.000000
     7   10   18 1.000000
     7   10   19 1.000000
     7   10   20 1.000000
     7   10   21 1.000000
     7   10   22 1.000000
     7   10   23 1.000000
     7   10   24 1.000000
     7   10   25 1.000000
     7   10   26 1.000000
     7   10   27 1.000000
     7   11   12 1.000000
     7   11   13 1.000000
     7   11   14 1.000000
     7   11   15 1.000000
     7   11   16 1.000000
     7   11   17 1.000000
     7   11   18 1.000000
     7   11   19 1.000000
     7   11   20 1.000000
     7   11   21 1.000000
     7   11   22 1.000000
     7   11   23 1.000000
     7   11   24 1.000000
     7   11   25 1.000000
     7   11   26 1.000000
     7   11   27 1.000000
     7   12   13 1.000000
     7   12   14 1.000000
     7   12   15 1.000000
     7   12   16 1.000000
     7   12   17 1.000000
     7   12   18 1.000000
     7   12   19 1.000000
     7   12   20 1.000000
     7   12   21 1.000000
     7   12   22 1.000000
     7   12   23 1.000000
     7   12   24 1.000000
     7   12   25 1.000000
     7   12   26 1.000000
     7   12   27 1.000000
     7   13   14 1.000000
     7   13   15 1.000000
     7   13   16 1.000000
     7   13   17 1.000000
     7   13   18 1.000000
     7   13   19 1.000000
     7   13   20 1.000000
     7   13   21 1.000000
     7   13   22 1.000000
     7   13   23 1.000000
     7   13   24 1.000000
     7   13   25 1.000000
     7   13   26 1.000000
     7   13   27 1.000000
     7   14   15 1.000000
     7   14   16 1.000000
     7   14   17 1.000000
     7   14   18 1.000000
     7   14   19 1.000000
     7   14   20 1.000000
     7   14   21 1.000000
     7   14   22 1.000000
     7   14   23 1.000000
     7   14   24 1.000000
     7   14   25 1.000000
     7   14   26 1.000000
     7   14   27 1.000000
     7   15   16 1.000000
     7   15   17 1.000000
     7   15   18 1.000000
     7   15   19 1.000000
     7   15   20 1.000000
     7   15   21 1.000000
     7   15   22 1.000000
     7   15   23 1.000000
     7   15   24 1.000000
     7   15   25 1.000000
     7   15   26 1.000000
     7   15   27 1.000000
     7   16   17 1.000000
     7   16   18 1.000000
     7   16   19 1.000000
     7   16   20 1.000000
     7   16   21 1.000000
     7   16   22 1.000000
     7   16   23 1.000000
     7   16   24 1.000000
     7   16   25 1.000000
     7   16   26 1.000000
     7   16   27 1.000000
     7   17   18 1.000000
     7   17   19 1.000000
     7   17   20 1.000000
     7   17   21 1.000000
     7   17   22 1.000000
     7   17   23 1.000000
     7   17   24 1.000000
     7   17   25 1.000000
     7   17   26 1.000000
     7   17   27 1.000000
     7   18   19 1.000000
     7   18   20 1.000000
     7   18   21 1.000000
     7   18   22 1.000000
     7   18   23 1.000000
     7   18   24 1.000000
     7   18   25 1.000000
     7   18   26 1.000000
     7   18   27 1.000000
     7   19   20 1.000000
     7   19   21 1.000000
     7   19   22 1.000000
     7   19   23 1.000000
     7   19   24 1.000000
     7   19   25 1.000000
     7   19   26 1.000000
     7   19   27 1.000000
     7   20   21 1.000000
     7   20   22 1.000000
     7   20   23 1.000000
     7   20   24 1.000000
     7   20   25 1.000000
     7   20   26 1.000000
     7   20   27 1.000000
     7   21   22 1.000000
     7   21   23 1.000000
     7   21   24 1.000000
     7   21   25 1.000000
     7   21   26 1.000000
     7   21   27 1.000000
     7   22   23 1.000000
     7   22   24 1.000000
     7   22   25 1.000000
     7   22   26 1.000000
     7   22   27 1.000000
     7   23   24 1.000000
     7   23   25 1.000000
     7   23   26 1.000000
     7   23   27 1.000000
     7   24   25 1.000000
     7   24   26 1.000000
     7   24   27 1.000000
     7   25   26 1.000000
     7   25   27 1.000000
     7   26   27 1.000000
     8    1    2 1.000000
     8    1    3 1.000000
     8    1    4 1.000000
     8    1    5 1.000000
     8    1    6 1.000000
     8    1    7 1.000000
     8    1    8 1.000000
     8    1    9 1.000000
     8    1   10 1.000000
     8    1   11 1.000000
     8    1   12 1.000000
     8    1   13 1.000000
     8    1   14 1.000000
     8    1   15 1.000000
     8    1   16 1.000000
     8    1   17 1.000000
     8    1   18 1.000000
     8    1   19 1.000000
     8    1   20 1.000000
     8    1   21 1.000000
     8    1   22 1.000000
     8    1   23 1.000000
     8    1   24 1.000000
     8    1   25 1.000000
     8    1   26 1.000000
     8    1   27 1.000000
     8    2    3 1.000000
     8    2    4 1.000000
     8    2    5 1.000000
     8    2    6 1.000000
     8    2    7 1.000000
     8    2    8 1.000000
     8    2    9 1.000000
     8    2   10 1.000000
     8    2   11 1.000000
     8    2   12 1.000000
     8    2   13 1.000000
     8    2   14 1.000000
     8    2   15 1.000000
     8    2   16 1.000000
     8    2   17 1.000000
     8    2   18 1.000000
     8    2   19 1.000000
     8    2   20 1.000000
     8    2   21 1.000000
     8    2   22 1.000000
     8    2   23 1.000000
     8    2   24 1.000000
     8    2   25 1.000000
     8    2   26 1.000000
     8    2   27 1.000000
     8    3    4 1.000000
     8    3    5 1.000000
     8    3    6 1.000000
     8    3    7 1.000000
     8    3    8 1.000000
     8    3    9 1.000000
     8    3   10 1.000000
     8    3   11 1.000000
     8    3   12 1.000000
     8    3   13 1.000000
     8    3   14 1.000000
     8    3   15 1.000000
     8    3   16 1.000000
     8    3   17 1.000000
     8    3   18 1.000000
     8    3   19 1.000000
     8    3   20 1.000000
     8    3   21 1.000000
     8    3   22 1.000000
     8    3   23 1.000000
     8    3   24 1.000000
     8    3   25 1.000000
     8    3   26 1.000000
     8    3   27 1.000000
     8    4    5 1.000000
     8    4    6 1.000000
     8    4    7 1.000000
     8    4    8 1.000000
     8    4    9 1.000000
     8    4   10 1.000000
     8    4   11 1.000000
     8    4   12 1.000000
     8    4   13 1.000000
     8    4   14 1.000000
     8    4   15 1.000000
     8    4   16 1.000000
     8    4   17 1.000000
     8    4   18 1.000000
     8    4   19 1.000000
     8    4   20 1.000000
     8    4   21 1.000000
     8    4   22 1.000000
     8    4   23 1.000000
     8    4   24 1.000000
     8    4   25 1.000000
     8    4   26 1.000000
     8    4   27 1.000000
     8    5    6 1.000000
     8    5    7 1.000000
     8    5    8 1.000000
     8    5    9 1.000000
     8    5   10 1.000000
     8    5   11 1.000000
     8    5   12 1.000000
     8    5   13 1.000000
     8    5   14 1.000000
     8    5   15 1.000000
     8    5   16 1.000000
     8    5   17 1.000000
     8    5   18 1.000000
     8    5   19 1.000000
     8    5   20 1.000000
     8    5   21 1.000000
     8    5   22 1.000000
     8    5   23 1.000000
     8    5   24 1.000000
     8    5   25 1.000000
     8    5   26 1.000000
     8    5   27 1.000000
     8    6    7 1.000000
     8    6    8 1.000000
     8    6    9 1.000000
     8    6   10 1.000000
     8    6   11 1.000000
     8    6   12 1.000000
     8    6   13 1.000000
     8    6   14 1.000000
     8    6   15 1.000000
     8    6   16 1.000000
     8    6   17 1.000000
     8    6   18 1.000000
     8    6   19 1.000000
     8    6   20 1.000000
     8    6   21 1.000000
     8    6   22 1.000000
     8    6   23 1.000000
     8    6   24 1.000000
     8    6   25 1.000000
     8    6   26 1.000000
     8    6   27 1.000000
     8    7    8 1.000000
     8    7    9 1.000000
     8    7   10 1.000000
     8    7   11 1.000000
     8    7   12 1.000000
     8    7   13 1.000000
     8    7   14 1.000000
     8    7   15 1.000000
     8    7   16 1.000000
     8    7   17 1.000000
     8    7   18 1.000000
     8    7   19 1.000000
     8    7   20 1.000000
     8    7   21 1.000000
     8    7   22 1.000000
     8    7   23 1.000000
     8    7   24 1.000000
     8    7   25 1.000000
     8    7   26 1.000000
     8    7   27 1.000000
     8    8    9 1.000000
     8    8   10 1.000000
     8    8   11 1.000000
     8    8   12 1.000000
     8    8   13 1.000000
     8    8   14 1.000000
     8    8   15 1.000000
     8    8   16 1.000000
     8    8   17 1.000000
     8    8   18 1.000000
     8    8   19 1.000000
     8    8   20 1.000000
     8    8   21 1.000000
     8    8   22 1.000000
     8    8   23 1.000000
     8    8   24 1.000000
     8    8   25 1.000000
     8    8   26 1.000000
     8    8   27 1.000000
     8    9   10 1.000000
     8    9   11 1.000000
     8    9   12 1.000000
     8    9   13 1.000000
     8    9   14 1.000000
     8    9   15 1.000000
     8    9   16 1.000000
     8    9   17 1.000000
     8    9   18 1.000000
     8    9   19 1.000000
     8    9   20 1.000000
     8    9   21 1.000000
     8    9   22 1.000000
     8    9   23 1.000000
     8    9   24 1.000000
     8    9   25 1.000000
     8    9   26 1.000000
     8    9   27 1.000000
     8   10   11 1.000000
     8   10   12 1.000000
     8   10   13 1.000000
     8   10   14 1.000000
     8   10   15 1.000000
     8   10   16 1.000000
     8   10   17 1.000000
     8   10   18 1.000000
     8   10   19 1.000000
     8   10   20 1.000000
     8   10   21 1.000000
     8   10   22 1.000000
     8   10   23 1.000000
     8   10   24 1.000000
     8   10   25 1.000000
     8   10   26 1.000000
     8   10   27 1.000000
     8   11   12 1.000000
     8   11   13 1.000000
     8   11   14 1.000000
     8   11   15 1.000000
     8   11   16 1.000000
     8   11   17 1.000000
     8   11   18 1.000000
     8   11   19 1.000000
     8   11   20 1.000000
     8   11   21 1.000000
     8   11   22 1.000000
     8   11   23 1.000000
     8   11   24 1.000000
     8   11   25 1.000000
     8   11   26 1.000000
     8   11   27 1.000000
     8   12   13 1.000000
     8   12   14 1.000000
     8   12   15 1.000000
     8   12   16 1.000000
     8   12   17 1.000000
     8   12   18 1.000000
     8   12   19 1.000000
     8   12   20 1.000000
     8   12   21 1.000000
     8   12   22 1.000000
     8   12   23 1.000000
     8   12   24 1.000000
     8   12   25 1.000000
     8   12   26 1.000000
     8   12   27 1.000000
     8   13   14 1.000000
     8   13   15 1.000000
     8   13   16 1.000000
     8   13   17 1.000000
     8   13   18 1.000000
     8   13   19 1.000000
     8   13   20 1.000000
     8   13   21 1.000000
     8   13   22 1.000000
     8   13   23 1.000000
     8   13   24 1.000000
     8   13   25 1.000000
     8   13   26 1.000000
     8   13   27 1.000000
     8   14   15 1.000000
     8   14   16 1.000000
     8   14   17 1.000000
     8   14   18 1.000000
     8   14   19 1.000000
     8   14   20 1.000000
     8   14   21 1.000000
     8   14   22 1.000000
     8   14   23 1.000000
     8   14   24 1.000000
     8   14   25 1.000000
     8   14   26 1.000000
     8   14   27 1.000000
     8   15   16 1.000000
     8   15   17 1.000000
     8   15   18 1.000000
     8   15   19 1.000000
     8   15   20 1.000000
     8   15   21 1.000000
     8   15   22 1.000000
     8   15   23 1.000000
     8   15   24 1.000000
     8   15   25 1.000000
     8   15   26 1.000000
     8   15   27 1.000000
     8   16   17 1.000000
     8   16   18 1.000000
     8   16   19 1.000000
     8   16   20 1.000000
     8   16   21 1.000000
     8   16   22 1.000000
     8   16   23 1.000000
     8   16   24 1.000000
     8   16   25 1.000000
     8   16   26 1.000000
     8   16   27 1.000000
     8   17   18 1.000000
     8   17   19 1.000000
     8   17   20 1.000000
     8   17   21 1.000000
     8   17   22 1.000000
     8   17   23 1.000000
     8   17   24 1.000000
     8   17   25 1.000000
     8   17   26 1.000000
     8   17   27 1.000000
     8   18   19 1.000000
     8   18   20 1.000000
     8   18   21 1.000000
     8   18   22 1.000000
     8   18   23 1.000000
     8   18   24 1.000000
     8   18   25 1.000000
     8   18   26 1.000000
     8   18   27 1.000000
     8   19   20 1.000000
     8   19   21 1.000000
     8   19   22 1.000000
     8   19   23 1.000000
     8   19   24 1.000000
     8   19   25 1.000000
     8   19   26 1.000000
     8   19   27 1.000000
     8   20   21 1.000000
     8   20   22 1.000000
     8   20   23 1.000000
     8   20   24 1.000000
     8   20   25 1.000000
     8   20   26 1.000000
     8   20   27 1.000000
     8   21   22 1.000000
     8   21   23 1.000000
     8   21   24 1.000000
     8   21   25 1.000000
     8   21   26 1.000000
     8   21   27 1.000000
     8   22   23 1.000000
     8   22   24 1.000000
     8   22   25 1.000000
     8   22   26 1.000000
     8   22   27 1.000000
     8   23   24 1.000000
     8   23   25 1.000000
     8   23   26 1.000000
     8   23   27 1.000000
     8   24   25 1.000000
     8   24   26 1.000000
     8   24   27 1.000000
     8   25   26 1.000000
     8   25   27 1.000000
     8   26   27 1.000000
     9    1    2 1.000000
     9    1    3 1.000000
     9    1    4 1.000000
     9    1    5 1.000000
     9    1    6 1.000000
     9    1    7 1.000000
     9    1    8 1.000000
     9    1    9 1.000000
     9    1   10 1.000000
     9    1   11 1.000000
     9    1   12 1.000000
     9    1   13 1.000000
     9    1   14 1.000000
     9    1   15 1.000000
     9    1   16 1.000000
     9    1   17 1.000000
     9    1   18 1.000000
     9    1   19 1.000000
     9    1   20 1.000000
     9    1   21 1.000000
     9    1   22 1.000000
     9    1   23 1.000000
     9    1   24 1.000000
     9    1   25 1.000000
     9    1   26 1.000000
     9    1   27 1.000000
     9    2    3 1.000000
     9    2    4 1.000000
     9    2    5 1.000000
     9    2    6 1.000000
     9    2    7 1.000000
     9    2    8 1.000000
     9    2    9 1.000000
     9    2   10 1.000000
     9    2   11 1.000000
     9    2   12 1.000000
     9    2   13 1.000000
     9    2   14 1.000000
     9    2   15 1.000000
     9    2   16 1.000000
     9    2   17 1.000000
     9    2   18 1.000000
     9    2   19 1.000000
     9    2   20 1.000000
     9    2   21 1.000000
     9    2   22 1.000000
     9    2   23 1.000000
     9    2   24 1.000000
     9    2   25 1.000000
     9    2   26 1.000000
     9    2   27 1.000000
     9    3    4 1.000000
     9    3    5 1.000000
     9    3    6 1.000000
     9    3    7 1.000000
     9    3    8 1.000000
     9    3    9 1.000000
     9    3   10 1.000000
     9    3   11 1.000000
     9    3   12 1.000000
     9    3   13 1.000000
     9    3   14 1.000000
     9    3   15 1.000000
     9    3   16 1.000000
     9    3   17 1.000000
     9    3   18 1.000000
     9    3   19 1.000000
     9    3   20 1.000000
     9    3   21 1.000000
     9    3   22 1.000000
     9    3   23 1.000000
     9    3   24 1.000000
     9    3   25 1.000000
     9    3   26 1.000000
     9    3   27 1.000000
     9    4    5 1.000000
     9    4    6 1.000000
     9    4    7 1.000000
     9    4    8 1.000000
     9    4    9 1.000000
     9    4   10 1.000000
     9    4   11 1.000000
     9    4   12 1.000000
     9    4   13 1.000000
     9    4   14 1.000000
     9    4   15 1.000000
     9    4   16 1.000000
     9    4   17 1.000000
     9    4   18 1.000000
     9    4   19 1.000000
     9    4   20 1.000000
     9    4   21 1.000000
     9    4   22 1.000000
     9    4   23 1.000000
     9    4   24 1.000000
     9    4   25 1.000000
     9    4   26 1.000000
     9    4   27 1.000000
     9    5    6 1.000000
     9    5    7 1.000000
     9    5    8 1.000000
     9    5    9 1.000000
     9    5   10 1.000000
     9    5   11 1.000000
     9    5   12 1.000000
     9    5   13 1.000000
     9    5   14 1.000000
     9    5   15 1.000000
     9    5   16 1.000000
     9    5   17 1.000000
     9    5   18 1.000000
     9    5   19 1.000000
     9    5   20 1.000000
     9    5   21 1.000000
     9    5   22 1.000000
     9    5   23 1.000000
     9    5   24 1.000000
     9    5   25 1.000000
     9    5   26 1.000000
     9    5   27 1.000000
     9    6    7 1.000000
     9    6    8 1.000000
     9    6    9 1.000000
     9    6   10 1.000000
     9    6   11 1.000000
     9    6   12 1.000000
     9    6   13 1.000000
     9    6   14 1.000000
     9    6   15 1.000000
     9    6   16 1.000000
     9    6   17 1.000000
     9    6   18 1.000000
     9    6   19 1.000000
     9    6   20 1.000000
     9    6   21 1.000000
     9    6   22 1.000000
     9    6   23 1.000000
     9    6   24 1.000000
     9    6   25 1.000000
     9    6   26 1.000000
     9    6   27 1.000000
     9    7    8 1.000000
     9    7    9 1.000000
     9    7   10 1.000000
     9    7   11 1.000000
     9    7   12 1.000000
     9    7   13 1.000000
     9    7   14 1.000000
     9    7   15 1.000000
     9    7   16 1.000000
     9    7   17 1.000000
     9    7   18 1.000000
     9    7   19 1.000000
     9    7   20 1.000000
     9    7   21 1.000000
     9    7   22 1.000000
     9    7   23 1.000000
     9    7   24 1.000000
     9    7   25 1.000000
     9    7   26 1.000000
     9    7   27 1.000000
     9    8    9 1.000000
     9    8   10 1.000000
     9    8   11 1.000000
     9    8   12 1.000000
     9    8   13 1.000000
     9    8   14 1.000000
     9    8   15 1.000000
     9    8   16 1.000000
     9    8   17 1.000000
     9    8   18 1.000000
     9    8   19 1.000000
     9    8   20 1.000000
     9    8   21 1.000000
     9    8   22 1.000000
     9    8   23 1.000000
     9    8   24 1.000000
     9    8   25 1.000000
     9    8   26 1.000000
     9    8   27 1.000000
     9    9   10 1.000000
     9    9   11 1.000000
     9    9   12 1.000000
     9    9   13 1.000000
     9    9   14 1.000000
     9    9   15 1.000000
     9    9   16 1.000000
     9    9   17 1.000000
     9    9   18 1.000000
     9    9   19 1.000000
     9    9   20 1.000000
     9    9   21 1.000000
     9    9   22 1.000000
     9    9   23 1.000000
     9    9   24 1.000000
     9    9   25 1.000000
     9    9   26 1.000000
     9    9   27 1.000000
     9   10   11 1.000000
     9   10   12 1.000000
     9   10   13 1.000000
     9   10   14 1.000000
     9   10   15 1.000000
     9   10   16 1.000000
     9   10   17 1.000000
     9   10   18 1.000000
     9   10   19 1.000000
     9   10   20 1.000000
     9   10   21 1.000000
     9   10   22 1.000000
     9   10   23 1.000000
     9   10   24 1.000000
     9   10   25 1.000000
     9   10   26 1.000000
     9   10   27 1.000000
     9   11   12 1.000000
     9   11   13 1.000000
     9   11   14 1.000000
     9   11   15 1.000000
     9   11   16 1.000000
     9   11   17 1.000000
     9   11   18 1.000000
     9   11   19 1.000000
     9   11   20 1.000000
     9   11   21 1.000000
     9   11   22 1.000000
     9   11   23 1.000000
     9   11   24 1.000000
     9   11   25 1.000000
     9   11   26 1.000000
     9   11   27 1.000000
     9   12   13 1.000000
     9   12   14 1.000000
     9   12   15 1.000000
     9   12   16 1.000000
     9   12   17 1.000000
     9   12   18 1.000000
     9   12   19 1.000000
     9   12   20 1.000000
     9   12   21 1.000000
     9   12   22 1.000000
     9   12   23 1.000000
     9   12   24 1.000000
     9   12   25 1.000000
     9   12   26 1.000000
     9   12   27 1.000000
     9   13   14 1.000000
     9   13   15 1.000000
     9   13   16 1.000000
     9   13   17 1.000000
     9   13   18 1.000000
     9   13   19 1.000000
     9   13   20 1.000000
     9   13   21 1.000000
     9   13   22 1.000000
     9   13   23 1.000000
     9   13   24 1.000000
     9   13   25 1.000000
     9   13   26 1.000000
     9   13   27 1.000000
     9   14   15 1.000000
     9   14   16 1.000000
     9   14   17 1.000000
     9   14   18 1.000000
     9   14   19 1.000000
     9   14   20 1.000000
     9   14   21 1.000000
     9   14   22 1.000000
     9   14   23 1.000000
     9   14   24 1.000000
     9   14   25 1.000000
     9   14   26 1.000000
     9   14   27 1.000000
     9   15   16 1.000000
     9   15   17 1.000000
     9   15   18 1.000000
     9   15   19 1.000000
     9   15   20 1.000000
     9   15   21 1.000000
     9   15   22 1.000000
     9   15   23 1.000000
     9   15   24 1.000000
     9   15   25 1.000000
     9   15   26 1.000000
     9   15   27 1.000000
     9   16   17 1.000000
     9   16   18 1.000000
     9   16   19 1.000000
     9   16   20 1.000000
     9   16   21 1.000000
     9   16   22 1.000000
     9   16   23 1.000000
     9   16   24 1.000000
     9   16   25 1.000000
     9   16   26 1.000000
     9   16   27 1.000000
     9   17   18 1.000000
     9   17   19 1.000000
     9   17   20 1.000000
     9   17   21 1.000000
     9   17   22 1.000000
     9   17   23 1.000000
     9   17   24 1.000000
     9   17   25 1.000000
     9   17   26 1.000000
     9   17   27 1.000000
     9   18   19 1.000000
     9   18   20 1.000000
     9   18   21 1.000000
     9   18   22 1.000000
     9   18   23 1.000000
     9   18   24 1.000000
     9   18   25 1.000000
     9   18   26 1.000000
     9   18   27 1.000000
     9   19   20 1.000000
     9   19   21 1.000000
     9   19   22 1.000000
     9   19   23 1.000000
     9   19   24 1.000000
     9   19   25 1.000000
     9   19   26 1.000000
     9   19   27 1.000000
     9   20   21 1.000000
     9   20   22 1.000000
     9   20   23 1.000000
     9   20   24 1.000000
     9   20   25 1.000000
     9   20   26 1.000000
     9   20   27 1.000000
     9   21   22 1.000000
     9   21   23 1.000000
     9   21   24 1.000000
     9   21   25 1.000000
     9   21   26 1.000000
     9   21   27 1.000000
     9   22   23 1.000000
     9   22   24 1.000000
     9   22   25 1.000000
     9   22   26 1.000000
     9   22   27 1.000000
     9   23   24 1.000000
     9   23   25 1.000000
     9   23   26 1.000000
     9   23   27 1.000000
     9   24   25 1.000000
     9   24   26 1.000000
     9   24   27 1.000000
     9   25   26 1.000000
     9   25   27 1.000000
     9   26   27 1.000000
    10    1    2 1.000000
    10    1    3 1.000000
    10    1    4 1.000000
    10    1    5 1.000000
    10    1    6 1.000000
    10    1    7 1.000000
    10    1    8 1.000000
    10    1    9 1.000000
    10    1   10 1.000000
    10    1   11 1.000000
    10    1   12 1.000000
    10    1   13 1.000000
    10    1   14 1.000000
    10    1   15 1.000000
    10    1   16 1.000000
    10    1   17 1.000000
    10    1   19 1.000000
    10    1   20 0.989583
    10    1   21 1.000000
    10    1   22 1.000000
    10    1   23 1.000000
    10    1   24 1.000000
    10    1   25 1.000000
    10    1   26 1.000000
    10    1   27 1.000000
    10    2    3 1.000000
    10    2    4 1.000000
    10    2    5 1.000000
    10    2    6 1.000000
    10    2    7 1.000000
    10    2    8 1.000000
    10    2    9 1.000000
    10    2   10 1.000000
    10    2   11 1.000000
    10    2   12 1.000000
    10    2   13 1.000000
    10    2   14 1.000000
    10    2   15 1.000000
    10    2   16 1.000000
    10    2   17 1.000000
    10    2   19 1.000000
    10    2   20 0.989583
    10    2   21 1.000000
    10    2   22 1.000000
    10    2   23 1.000000
    10    2   24 1.000000
    10    2   25 1.000000
    10    2   26 1.000000
    10    2   27 1.000000
    10    3    4 1.000000
    10    3    5 1.000000
    10    3    6 1.000000
    10    3    7 1.000000
    10    3    8 1.000000
    10    3    9 1.000000
    10    3   10 1.000000
    10    3   11 1.000000
    10    3   12 1.000000
    10    3   13 1.000000
    10    3   14 1.000000
    10    3   15 1.000000
    10    3   16 1.000000
    10    3   17 1.000000
    10    3   19 1.000000
    10    3   20 0.989583
    10    3   21 1.000000
    10    3   22 1.000000
    10    3   23 1.000000
    10    3   24 1.000000
    10    3   25 1.000000
    10    3   26 1.000000
    10    3   27 1.000000
    10    4    5 1.000000
    10    4    6 1.000000
    10    4    7 1.000000
    10    4    8 1.000000
    10    4    9 1.000000
    10    4   10 1.000000
    10    4   11 1.000000
    10    4   12 1.000000
    10    4   13 1.000000
    10    4   14 1.000000
    10    4   15 1.000000
    10    4   16 1.000000
    10    4   17 1.000000
    10    4   19 1.000000
    10    4   20 0.989583
    10    4   21 1.000000
    10    4   22 1.000000
    10    4   23 1.000000
    10    4   24 1.000000
    10    4   25 1.000000
    10    4   26 1.000000
    10    4   27 1.000000
    10    5    6 1.000000
    10    5    7 1.000000
    10    5    8 1.000000
    10    5    9 1.000000
    10    5   10 1.000000
    10    5   11 1.000000
    10    5   12 1.000000
    10    5   13 1.000000
    10    5   14 1.000000
    10    5   15 1.000000
    10    5   16 1.000000
    10    5   17 1.000000
    10    5   19 1.000000
    10    5   20 0.989583
    10    5   21 1.000000
    10    5   22 1.000000
    10    5   23 1.000000
    10    5   24 1.000000
    10    5   25 1.000000
    10    5   26 1.000000
    10    5   27 1.000000
    10    6    7 1.000000
    10    6    8 1.000000
    10    6    9 1.000000
    10    6   10 1.000000
    10    6   11 1.000000
    10    6   12 1.000000
    10    6   13 1.000000
    10    6   14 1.000000
    10    6   15 1.000000
    10    6   16 1.000000
    10    6   17 1.000000
    10    6   19 1.000000
    10    6   20 0.989583
    10    6   21 1.000000
    10    6   22 1.000000
    10    6   23 1.000000
    10    6   24 1.000000
    10    6   25 1.000000
    10    6   26 1.000000
    10    6   27 1.000000
    10    7    8 1.000000
    10    7    9 1.000000
    10    7   10 1.000000
    10    7   11 1.000000
    10    7   12 1.000000
    10    7   13 1.000000
    10    7   14 1.000000
    10    7   15 1.000000
    10    7   16 1.000000
    10    7   17 1.000000
    10    7   19 1.000000
    10    7   20 0.989583
    10    7   21 1.000000
    10    7   22 1.000000
    10    7   23 1.000000
    10    7   24 1.000000
    10    7   25 1.000000
    10    7   26 1.000000
    10    7   27 1.000000
    10    8    9 1.000000
    10    8   10 1.000000
    10    8   11 1.000000
    10    8   12 1.000000
    10    8   13 1.000000
    10    8   14 1.000000
    10    8   15 1.000000
    10    8   16 1.000000
    10    8   17 1.000000
    10    8   19 1.000000
    10    8   20 0.989583
    10    8   21 1.000000
    10    8   22 1.000000
    10    8   23 1.000000
    10    8   24 1.000000
    10    8   25 1.000000
    10    8   26 1.000000
    10    8   27 1.000000
    10    9   10 1.000000
    10    9   11 1.000000
    10    9   12 1.000000
    10    9   13 1.000000
    10    9   14 1.000000
    10    9   15 1.000000
    10    9   16 1.000000
    10    9   17 1.000000
    10    9   19 1.000000
    10    9   20 0.989583
    10    9   21 1.000000
    10    9   22 1.000000
    10    9   23 1.000000
    10    9   24 1.000000
    10    9   25 1.000000
    10    9   26 1.000000
    10    9   27 1.000000
    10   10   11 1.000000
    10   10   12 1.000000
    10   10   13 1.000000
    10   10   14 1.000000
    10   10   15 1.000000
    10   10   16 1.000000
    10   10   17 1.000000
    10   10   19 1.000000
    10   10   20 0.989583
    10   10   21 1.000000
    10   10   22 1.000000
    10   10   23 1.000000
    10   10   24 1.000000
    10   10   25 1.000000
    10   10   26 1.000000
    10   10   27 1.000000
    10   11   12 1.000000
    10   11   13 1.000000
    10   11   14 1.000000
    10   11   15 1.000000
    10   11   16 1.000000
    10   11   17 1.000000
    10   11   19 1.000000
    10   11   20 0.989583
    10   11   21 1.000000
    10   11   22 1.000000
    10   11   23 1.000000
    10   11   24 1.000000
    10   11   25 1.000000
    10   11   26 1.000000
    10   11   27 1.000000
    10   12   13 1.000000
    10   12   14 1.000000
    10   12   15 1.000000
    10   12   16 1.000000
    10   12   17 1.000000
    10   12   19 1.000000
    10   12   20 0.989583
    10   12   21 1.000000
    10   12   22 1.000000
    10   12   23 1.000000
    10   12   24 1.000000
    10   12   25 1.000000
    10   12   26 1.000000
    10   12   27 1.000000
    10   13   14 1.000000
    10   13   15 1.000000
    10   13   16 1.000000
    10   13   17 1.000000
    10   13   19 1.000000
    10   13   20 0.989583
    10   13   21 1.000000
    10   13   22 1.000000
    10   13   23 1.000000
    10   13   24 1.000000
    10   13   25 1.000000
    10   13   26 1.000000
    10   13   27 1.000000
    10   14   15 1.000000
    10   14   16 1.000000
    10   14   17 1.000000
    10   14   19 1.000000
    10   14   20 0.989583
    10   14   21 1.000000
    10   14   22 1.000000
    10   14   23 1.000000
    10   14   24 1.000000
    10   14   25 1.000000
    10   14   26 1.000000
    10   14   27 1.000000
    10   15   16 1.000000
    10   15   17 1.000000
    10   15   19 1.000000
    10   15   20 0.989583
    10   15   21 1.000000
    10   15   22 1.000000
    10   15   23 1.000000
    10   15   24 1.000000
    10   15   25 1.000000
    10   15   26 1.000000
    10   15   27 1.000000
    10   16   17 1.000000
    10   16   19 1.000000
    10   16   20 0.989583
    10   16   21 1.000000
    10   16   22 1.000000
    10   16   23 1.000000
    10   16   24 1.000000
    10   16   25 1.000000
    10   16   26 1.000000
    10   16   27 1.000000
    10   17   19 1.000000
    10   17   20 0.989583
    10   17   21 1.000000
    10   17   22 1.000000
    10   17   23 1.000000
    10   17   24 1.000000
    10   17   25 1.000000
    10   17   26 1.000000
    10   17   27 1.000000
    10   19   20 0.989583
    10   19   21 1.000000
    10   19   22 1.000000
    10   19   23 1.000000
    10   19   24 1.000000
    10   19   25 1.000000
    10   19   26 1.000000
    10   19   27 1.000000
    10   20   21 0.989583
    10   20   22 0.989583
    10   20   23 0.989583
    10   20   24 0.989583
    10   20   25 0.989583
    10   20   26 0.989583
    10   20   27 0.989583
    10   21   22 1.000000
    10   21   23 1.000000
    10   21   24 1.000000
    10   21   25 1.000000
    10   21   26 1.000000
    10   21   27 1.000000
    10   22   23 1.000000
    10   22   24 1.000000
    10   22   25 1.000000
    10   22   26 1.000000
    10   22   27 1.000000
    10   23   24 1.000000
    10   23   25 1.000000
    10   23   26 1.000000
    10   23   27 1.000000
    10   24   25 1.000000
    10   24   26 1.000000
    10   24   27 1.000000
    10   25   26 1.000000
    10   25   27 1.000000
    10   26   27 1.000000
    11    1    2 1.000000
    11    1    3 1.000000
    11    1    4 1.000000
    11    1    5 1.000000
    11    1    6 1.000000
    11    1    7 1.000000
    11    1    8 1.000000
    11    1    9 1.000000
    11    1   10 1.000000
    11    1   11 1.000000
    11    1   12 1.000000
    11    1   13 1.000000
    11    1   14 1.000000
    11    1   15 1.000000
    11    1   16 1.000000
    11    1   17 1.000000
    11    1   19 1.000000
    11    1   20 0.979167
    11    1   21 1.000000
    11    1   22 1.000000
    11    1   23 1.000000
    11    1   24 1.000000
    11    1   25 1.000000
    11    1   26 1.000000
    11    1   27 1.000000
    11    2    3 1.000000
    11    2    4 1.000000
    11    2    5 1.000000
    11    2    6 1.000000
    11    2    7 1.000000
    11    2    8 1.000000
    11    2    9 1.000000
    11    2   10 1.000000
    11    2   11 1.000000
    11    2   12 1.000000
    11    2   13 1.000000
    11    2   14 1.000000
    11    2   15 1.000000
    11    2   16 1.000000
    11    2   17 1.000000
    11    2   19 1.000000
    11    2   20 0.979167
    11    2   21 1.000000
    11    2   22 1.000000
    11    2   23 1.000000
    11    2   24 1.000000
    11    2   25 1.000000
    11    2   26 1.000000
    11    2   27 1.000000
    11    3    4 1.000000
    11    3    5 1.000000
    11    3    6 1.000000
    11    3    7 1.000000
    11    3    8 1.000000
    11    3    9 1.000000
    11    3   10 1.000000
    11    3   11 1.000000
    11    3   12 1.000000
    11    3   13 1.000000
    11    3   14 1.000000
    11    3   15 1.000000
    11    3   16 1.000000
    11    3   17 1.000000
    11    3   19 1.000000
    11    3   20 0.979167
    11    3   21 1.000000
    11    3   22 1.000000
    11    3   23 1.000000
    11    3   24 1.000000
    11    3   25 1.000000
    11    3   26 1.000000
    11    3   27 1.000000
    11    4    5 1.000000
    11    4    6 1.000000
    11    4    7 1.000000
    11    4    8 1.000000
    11    4    9 1.000000
    11    4   10 1.000000
    11    4   11 1.000000
    11    4   12 1.000000
    11    4   13 1.000000
    11    4   14 1.000000
    11    4   15 1.000000
    11    4   16 1.000000
    11    4   17 1.000000
    11    4   19 1.000000
    11    4   20 0.979167
    11    4   21 1.000000
    11    4   22 1.000000
    11    4   23 1.000000
    11    4   24 1.000000
    11    4   25 1.000000
    11    4   26 1.000000
    11    4   27 1.000000
    11    5    6 1.000000
    11    5    7 1.000000
    11    5    8 1.000000
    11    5    9 1.000000
    11    5   10 1.000000
    11    5   11 1.000000
    11    5   12 1.000000
    11    5   13 1.000000
    11    5   14 1.000000
    11    5   15 1.000000
    11    5   16 1.000000
    11    5   17 1.000000
    11    5   19 1.000000
    11    5   20 0.979167
    11    5   21 1.000000
    11    5   22 1.000000
    11    5   23 1.000000
    11    5   24 1.000000
    11    5   25 1.000000
    11    5   26 1.000000
    11    5   27 1.000000
    11    6    7 1.000000
    11    6    8 1.000000
    11    6    9 1.000000
    11    6   10 1.000000
    11    6   11 1.000000
    11    6   12 1.000000
    11    6   13 1.000000
    11    6   14 1.000000
    11    6   15 1.000000
    11    6   16 1.000000
    11    6   17 1.000000
    11    6   19 1.000000
    11    6   20 0.979167
    11    6   21 1.000000
    11    6   22 1.000000
    11    6   23 1.000000
    11    6   24 1.000000
    11    6   25 1.000000
    11    6   26 1.000000
    11    6   27 1.000000
    11    7    8 1.000000
    11    7    9 1.000000
    11    7   10 1.000000
    11    7   11 1.000000
    11    7   12 1.000000
    11    7   13 1.000000
    11    7   14 1.000000
    11    7   15 1.000000
    11    7   16 1.000000
    11    7   17 1.000000
    11    7   19 1.000000
    11    7   20 0.979167
    11    7   21 1.000000
    11    7   22 1.000000
    11    7   23 1.000000
    11    7   24 1.000000
    11    7   25 1.000000
    11    7   26 1.000000
    11    7   27 1.000000
    11    8    9 1.000000
    11    8   10 1.000000
    11    8   11 1.000000
    11    8   12 1.000000
    11    8   13 1.000000
    11    8   14 1.000000
    11    8   15 1.000000
    11    8   16 1.000000
    11    8   17 1.000000
    11    8   19 1.000000
    11    8   20 0.979167
    11    8   21 1.000000
    11    8   22 1.000000
    11    8   23 1.000000
    11    8   24 1.000000
    11    8   25 1.000000
    11    8   26 1.000000
    11    8   27 1.000000
    11    9   10 1.000000
    11    9   11 1.000000
    11    9   12 1.000000
    11    9   13 1.000000
    11    9   14 1.000000
    11    9   15 1.000000
    11    9   16 1.000000
    11    9   17 1.000000
    11    9   19 1.000000
    11    9   20 0.979167
    11    9   21 1.000000
    11    9   22 1.000000
    11    9   23 1.000000
    11    9   24 1.000000
    11    9   25 1.000000
    11    9   26 1.000000
    11    9   27 1.000000
    11   10   11 1.000000
    11   10   12 1.000000
    11   10   13 1.000000
    11   10   14 1.000000
    11   10   15 1.000000
    11   10   16 1.000000
    11   10   17 1.000000
    11   10   19 1.000000
    11   10   20 0.979167
    11   10   21 1.000000
    11   10   22 1.000000
    11   10   23 1.000000
    11   10   24 1.000000
    11   10   25 1.000000
    11   10   26 1.000000
    11   10   27 1.000000
    11   11   12 1.000000
    11   11   13 1.000000
    11   11   14 1.000000
    11   11   15 1.000000
    11   11   16 1.000000
    11   11   17 1.000000
    11   11   19 1.000000
    11   11   20 0.979167
    11   11   21 1.000000
    11   11   22 1.000000
    11   11   23 1.000000
    11   11   24 1.000000
    11   11   25 1.000000
    11   11   26 1.000000
    11   11   27 1.000000
    11   12   13 1.000000
    11   12   14 1.000000
    11   12   15 1.000000
    11   12   16 1.000000
    11   12   17 1.000000
    11   12   19 1.000000
    11   12   20 0.979167
    11   12   21 1.000000
    11   12   22 1.000000
    11   12   23 1.000000
    11   12   24 1.000000
    11   12   25 1.000000
    11   12   26 1.000000
    11   12   27 1.000000
    11   13   14 1.000000
    11   13   15 1.000000
    11   13   16 1.000000
    11   13   17 1.000000
    11   13   19 1.000000
    11   13   20 0.979167
    11   13   21 1.000000
    11   13   22 1.000000
    11   13   23 1.000000
    11   13   24 1.000000
    11   13   25 1.000000
    11   13   26 1.000000
    11   13   27 1.000000
    11   14   15 1.000000
    11   14   16 1.000000
    11   14   17 1.000000
    11   14   19 1.000000
    11   14   20 0.979167
    11   14   21 1.000000
    11   14   22 1.000000
    11   14   23 1.000000
    11   14   24 1.000000
    11   14   25 1.000000
    11   14   26 1.000000
    11   14   27 1.000000
    11   15   16 1.000000
    11   15   17 1.000000
    11   15   19 1.000000
    11   15   20 0.979167
    11   15   21 1.000000
    11   15   22 1.000000
    11   15   23 1.000000
    11   15   24 1.000000
    11   15   25 1.000000
    11   15   26 1.000000
    11   15   27 1.000000
    11   16   17 1.000000
    11   16   19 1.000000
    11   16   20 0.979167
    11   16   21 1.000000
    11   16   22 1.000000
    11   16   23 1.000000
    11   16   24 1.000000
    11   16   25 1.000000
    11   16   26 1.000000
    11   16   27 1.000000
    11   17   19 1.000000
    11   17   20 0.979167
    11   17   21 1.000000
    11   17   22 1.000000
    11   17   23 1.000000
    11   17   24 1.000000
    11   17   25 1.000000
    11   17   26 1.000000
    11   17   27 1.000000
    11   19   20 0.979167
    11   19   21 1.000000
    11   19   22 1.000000
    11   19   23 1.000000
    11   19   24 1.000000
    11   19   25 1.000000
    11   19   26 1.000000
    11   19   27 1.000000
    11   20   21 0.979167
    11   20   22 0.979167
    11   20   23 0.979167
    11   20   24 0.979167
    11   20   25 0.979167
    11   20   26 0.979167
    11   20   27 0.979167
    11   21   22 1.000000
    11   21   23 1.000000
    11   21   24 1.000000
    11   21   25 1.000000
    11   21   26 1.000000
    11   21   27 1.000000
    11   22   23 1.000000
    11   22   24 1.000000
    11   22   25 1.000000
    11   22   26 1.000000
    11   22   27 1.000000
    11   23   24 1.000000
    11   23   25 1.000000
    11   23   26 1.000000
    11   23   27 1.000000
    11   24   25 1.000000
    11   24   26 1.000000
    11   24   27 1.000000
    11   25   26 1.000000
    11   25   27 1.000000
    11   26   27 1.000000
    12    1    2 1.000000
    12    1    3 1.000000
    12    1    4 1.000000
    12    1    5 1.000000
    12    1    6 1.000000
    12    1    7 1.000000
    12    1    8 1.000000
    12    1    9 1.000000
    12    1   10 1.000000
    12    1   11 1.000000
    12    1   12 1.000000
    12    1   13 1.000000
    12    1   14 1.000000
    12    1   15 1.000000
    12    1   16 1.000000
    12    1   17 1.000000
    12    1   19 1.000000
    12    1   20 0.979167
    12    1   21 1.000000
    12    1   22 1.000000
    12    1   23 1.000000
    12    1   24 1.000000
    12    1   25 1.000000
    12    1   26 1.000000
    12    1   27 1.000000
    12    2    3 1.000000
    12    2    4 1.000000
    12    2    5 1.000000
    12    2    6 1.000000
    12    2    7 1.000000
    12    2    8 1.000000
    12    2    9 1.000000
    12    2   10 1.000000
    12    2   11 1.000000
    12    2   12 1.000000
    12    2   13 1.000000
    12    2   14 1.000000
    12    2   15 1.000000
    12    2   16 1.000000
    12    2   17 1.000000
    12    2   19 1.000000
    12    2   20 0.979167
    12    2   21 1.000000
    12    2   22 1.000000
    12    2   23 1.000000
    12    2   24 1.000000
    12    2   25 1.000000
    12    2   26 1.000000
    12    2   27 1.000000
    12    3    4 1.000000
    12    3    5 1.000000
    12    3    6 1.000000
    12    3    7 1.000000
    12    3    8 1.000000
    12    3    9 1.000000
    12    3   10 1.000000
    12    3   11 1.000000
    12    3   12 1.000000
    12    3   13 1.000000
    12    3   14 1.000000
    12    3   15 1.000000
    12    3   16 1.000000
    12    3   17 1.000000
    12    3   19 1.000000
    12    3   20 0.979167
    12    3   21 1.000000
    12    3   22 1.000000
    12    3   23 1.000000
    12    3   24 1.000000
    12    3   25 1.000000
    12    3   26 1.000000
    12    3   27 1.000000
    12    4    5 1.000000
    12    4    6 1.000000
    12    4    7 1.000000
    12    4    8 1.000000
    12    4    9 1.000000
    12    4   10 1.000000
    12    4   11 1.000000
    12    4   12 1.000000
    12    4   13 1.000000
    12    4   14 1.000000
    12    4   15 1.000000
    12    4   16 1.000000
    12    4   17 1.000000
    12    4   19 1.000000
    12    4   20 0.979167
    12    4   21 1.000000
    12    4   22 1.000000
    12    4   23 1.000000
    12    4   24 1.000000
    12    4   25 1.000000
    12    4   26 1.000000
    12    4   27 1.000000
    12    5    6 1.000000
    12    5    7 1.000000
    12    5    8 1.000000
    12    5    9 1.000000
    12    5   10 1.000000
    12    5   11 1.000000
    12    5   12 1.000000
    12    5   13 1.000000
    12    5   14 1.000000
    12    5   15 1.000000
    12    5   16 1.000000
    12    5   17 1.000000
    12    5   19 1.000000
    12    5   20 0.979167
    12    5   21 1.000000
    12    5   22 1.000000
    12    5   23 1.000000
    12    5   24 1.000000
    12    5   25 1.000000
    12    5   26 1.000000
    12    5   27 1.000000
    12    6    7 1.000000
    12    6    8 1.000000
    12    6    9 1.000000
    12    6   10 1.000000
    12    6   11 1.000000
    12    6   12 1.000000
    12    6   13 1.000000
    12    6   14 1.000000
    12    6   15 1.000000
    12    6   16 1.000000
    12    6   17 1.000000
    12    6   19 1.000000
    12    6   20 0.979167
    12    6   21 1.000000
    12    6   22 1.000000
    12    6   23 1.000000
    12    6   24 1.000000
    12    6   25 1.000000
    12    6   26 1.000000
    12    6   27 1.000000
    12    7    8 1.000000
    12    7    9 1.000000
    12    7   10 1.000000
    12    7   11 1.000000
    12    7   12 1.000000
    12    7   13 1.000000
    12    7   14 1.000000
    12    7   15 1.000000
    12    7   16 1.000000
    12    7   17 1.000000
    12    7   19 1.000000
    12    7   20 0.979167
    12    7   21 1.000000
    12    7   22 1.000000
    12    7   23 1.000000
    12    7   24 1.000000
    12    7   25 1.000000
    12    7   26 1.000000
    12    7   27 1.000000
    12    8    9 1.000000
    12    8   10 1.000000
    12    8   11 1.000000
    12    8   12 1.000000
    12    8   13 1.000000
    12    8   14 1.000000
    12    8   15 1.000000
    12    8   16 1.000000
    12    8   17 1.000000
    12    8   19 1.000000
    12    8   20 0.979167
    12    8   21 1.000000
    12    8   22 1.000000
    12    8   23 1.000000
    12    8   24 1.000000
    12    8   25 1.000000
    12    8   26 1.000000
    12    8   27 1.000000
    12    9   10 1.000000
    12    9   11 1.000000
    12    9   12 1.000000
    12    9   13 1.000000
    12    9   14 1.000000
    12    9   15 1.000000
    12    9   16 1.000000
    12    9   17 1.000000
    12    9   19 1.000000
    12    9   20 0.979167
    12    9   21 1.000000
    12    9   22 1.000000
    12    9   23 1.000000
    12    9   24 1.000000
    12    9   25 1.000000
    12    9   26 1.000000
    12    9   27 1.000000
    12   10   11 1.000000
    12   10   12 1.000000
    12   10   13 1.000000
    12   10   14 1.000000
    12   10   15 1.000000
    12   10   16 1.000000
    12   10   17 1.000000
    12   10   19 1.000000
    12   10   20 0.979167
    12   10   21 1.000000
    12   10   22 1.000000
    12   10   23 1.000000
    12   10   24 1.000000
    12   10   25 1.000000
    12   10   26 1.000000
    12   10   27 1.000000
    12   11   12 1.000000
    12   11   13 1.000000
    12   11   14 1.000000
    12   11   15 1.000000
    12   11   16 1.000000
    12   11   17 1.000000
    12   11   19 1.000000
    12   11   20 0.979167
    12   11   21 1.000000
    12   11   22 1.000000
    12   11   23 1.000000
    12   11   24 1.000000
    12   11   25 1.000000
    12   11   26 1.000000
    12   11   27 1.000000
    12   12   13 1.000000
    12   12   14 1.000000
    12   12   15 1.000000
    12   12   16 1.000000
    12   12   17 1.000000
    12   12   19 1.000000
    12   12   20 0.979167
    12   12   21 1.000000
    12   12   22 1.000000
    12   12   23 1.000000
    12   12   24 1.000000
    12   12   25 1.000000
    12   12   26 1.000000
    12   12   27 1.000000
    12   13   14 1.000000
    12   13   15 1.000000
    12   13   16 1.000000
    12   13   17 1.000000
    12   13   19 1.000000
    12   13   20 0.979167
    12   13   21 1.000000
    12   13   22 1.000000
    12   13   23 1.000000
    12   13   24 1.000000
    12   13   25 1.000000
    12   13   26 1.000000
    12   13   27 1.000000
    12   14   15 1.000000
    12   14   16 1.000000
    12   14   17 1.000000
    12   14   19 1.000000
    12   14   20 0.979167
    12   14   21 1.000000
    12   14   22 1.000000
    12   14   23 1.000000
    12   14   24 1.000000
    12   14   25 1.000000
    12   14   26 1.000000
    12   14   27 1.000000
    12   15   16 1.000000
    12   15   17 1.000000
    12   15   19 1.000000
    12   15   20 0.979167
    12   15   21 1.000000
    12   15   22 1.000000
    12   15   23 1.000000
    12   15   24 1.000000
    12   15   25 1.000000
    12   15   26 1.000000
    12   15   27 1.000000
    12   16   17 1.000000
    12   16   19 1.000000
    12   16   20 0.979167
    12   16   21 1.000000
    12   16   22 1.000000
    12   16   23 1.000000
    12   16   24 1.000000
    12   16   25 1.000000
    12   16   26 1.000000
    12   16   27 1.000000
    12   17   19 1.000000
    12   17   20 0.979167
    12   17   21 1.000000
    12   17   22 1.000000
    12   17   23 1.000000
    12   17   24 1.000000
    12   17   25 1.000000
    12   17   26 1.000000
    12   17   27 1.000000
    12   19   20 0.979167
    12   19   21 1.000000
    12   19   22 1.000000
    12   19   23 1.000000
    12   19   24 1.000000
    12   19   25 1.000000
    12   19   26 1.000000
    12   19   27 1.000000
    12   20   21 0.979167
    12   20   22 0.979167
    12   20   23 0.979167
    12   20   24 0.979167
    12   20   25 0.979167
    12   20   26 0.979167
    12   20   27 0.979167
    12   21   22 1.000000
    12   21   23 1.000000
    12   21   24 1.000000
    12   21   25 1.000000
    12   21   26 1.000000
    12   21   27 1.000000
    12   22   23 1.000000
    12   22   24 1.000000
    12   22   25 1.000000
    12   22   26 1.000000
    12   22   27 1.000000
    12   23   24 1.000000
    12   23   25 1.000000
    12   23   26 1.000000
    12   23   27 1.000000
    12   24   25 1.000000
    12   24   26 1.000000
    12   24   27 1.000000
    12   25   26 1.000000
    12   25   27 1.000000
    12   26   27 1.000000
    13    1    2 1.000000
    13    1    3 1.000000
    13    1    4 1.000000
    13    1    5 1.000000
    13    1    6 1.000000
    13    1    7 1.000000
    13    1    8 1.000000
    13    1    9 1.000000
    13    1   10 1.000000
    13    1   11 1.000000
    13    1   12 1.000000
    13    1   13 1.000000
    13    1   14 1.000000
    13    1   15 1.000000
    13    1   16 1.000000
    13    1   17 1.000000
    13    1   19 1.000000
    13    1   20 0.979167
    13    1   21 1.000000
    13    1   22 1.000000
    13    1   23 1.000000
    13    1   24 1.000000
    13    1   25 1.000000
    13    1   26 1.000000
    13    1   27 1.000000
    13    2    3 1.000000
    13    2    4 1.000000
    13    2    5 1.000000
    13    2    6 1.000000
    13    2    7 1.000000
    13    2    8 1.000000
    13    2    9 1.000000
    13    2   10 1.000000
    13    2   11 1.000000
    13    2   12 1.000000
    13    2   13 1.000000
    13    2   14 1.000000
    13    2   15 1.000000
    13    2   16 1.000000
    13    2   17 1.000000
    13    2   19 1.000000
    13    2   20 0.979167
    13    2   21 1.000000
    13    2   22 1.000000
    13    2   23 1.000000
    13    2   24 1.000000
    13    2   25 1.000000
    13    2   26 1.000000
    13    2   27 1.000000
    13    3    4 1.000000
    13    3    5 1.000000
    13    3    6 1.000000
    13    3    7 1.000000
    13    3    8 1.000000
    13    3    9 1.000000
    13    3   10 1.000000
    13    3   11 1.000000
    13    3   12 1.000000
    13    3   13 1.000000
    13    3   14 1.000000
    13    3   15 1.000000
    13    3   16 1.000000
    13    3   17 1.000000
    13    3   19 1.000000
    13    3   20 0.979167
    13    3   21 1.000000
    13    3   22 1.000000
    13    3   23 1.000000
    13    3   24 1.000000
    13    3   25 1.000000
    13    3   26 1.000000
    13    3   27 1.000000
    13    4    5 1.000000
    13    4    6 1.000000
    13    4    7 1.000000
    13    4    8 1.000000
    13    4    9 1.000000
    13    4   10 1.000000
    13    4   11 1.000000
    13    4   12 1.000000
    13    4   13 1.000000
    13    4   14 1.000000
    13    4   15 1.000000
    13    4   16 1.000000
    13    4   17 1.000000
    13    4   19 1.000000
    13    4   20 0.979167
    13    4   21 1.000000
    13    4   22 1.000000
    13    4   23 1.000000
    13    4   24 1.000000
    13    4   25 1.000000
    13    4   26 1.000000
    13    4   27 1.000000
    13    5    6 1.000000
    13    5    7 1.000000
    13    5    8 1.000000
    13    5    9 1.000000
    13    5   10 1.000000
    13    5   11 1.000000
    13    5   12 1.000000
    13    5   13 1.000000
    13    5   14 1.000000
    13    5   15 1.000000
    13    5   16 1.000000
    13    5   17 1.000000
    13    5   19 1.000000
    13    5   20 0.979167
    13    5   21 1.000000
    13    5   22 1.000000
    13    5   23 1.000000
    13    5   24 1.000000
    13    5   25 1.000000
    13    5   26 1.000000
    13    5   27 1.000000
    13    6    7 1.000000
    13    6    8 1.000000
    13    6    9 1.000000
    13    6   10 1.000000
    13    6   11 1.000000
    13    6   12 1.000000
    13    6   13 1.000000
    13    6   14 1.000000
    13    6   15 1.000000
    13    6   16 1.000000
    13    6   17 1.000000
    13    6   19 1.000000
    13    6   20 0.979167
    13    6   21 1.000000
    13    6   22 1.000000
    13    6   23 1.000000
    13    6   24 1.000000
    13    6   25 1.000000
    13    6   26 1.000000
    13    6   27 1.000000
    13    7    8 1.000000
    13    7    9 1.000000
    13    7   10 1.000000
    13    7   11 1.000000
    13    7   12 1.000000
    13    7   13 1.000000
    13    7   14 1.000000
    13    7   15 1.000000
    13    7   16 1.000000
    13    7   17 1.000000
    13    7   19 1.000000
    13    7   20 0.979167
    13    7   21 1.000000
    13    7   22 1.000000
    13    7   23 1.000000
    13    7   24 1.000000
    13    7   25 1.000000
    13    7   26 1.000000
    13    7   27 1.000000
    13    8    9 1.000000
    13    8   10 1.000000
    13    8   11 1.000000
    13    8   12 1.000000
    13    8   13 1.000000
    13    8   14 1.000000
    13    8   15 1.000000
    13    8   16 1.000000
    13    8   17 1.000000
    13    8   19 1.000000
    13    8   20 0.979167
    13    8   21 1.000000
    13    8   22 1.000000
    13    8   23 1.000000
    13    8   24 1.000000
    13    8   25 1.000000
    13    8   26 1.000000
    13    8   27 1.000000
    13    9   10 1.000000
    13    9   11 1.000000
    13    9   12 1.000000
    13    9   13 1.000000
    13    9   14 1.000000
    13    9   15 1.000000
    13    9   16 1.000000
    13    9   17 1.000000
    13    9   19 1.000000
    13    9   20 0.979167
    13    9   21 1.000000
    13    9   22 1.000000
    13    9   23 1.000000
    13    9   24 1.000000
    13    9   25 1.000000
    13    9   26 1.000000
    13    9   27 1.000000
    13   10   11 1.000000
    13   10   12 1.000000
    13   10   13 1.000000
    13   10   14 1.000000
    13   10   15 1.000000
    13   10   16 1.000000
    13   10   17 1.000000
    13   10   19 1.000000
    13   10   20 0.979167
    13   10   21 1.000000
    13   10   22 1.000000
    13   10   23 1.000000
    13   10   24 1.000000
    13   10   25 1.000000
    13   10   26 1.000000
    13   10   27 1.000000
    13   11   12 1.000000
    13   11   13 1.000000
    13   11   14 1.000000
    13   11   15 1.000000
    13   11   16 1.000000
    13   11   17 1.000000
    13   11   19 1.000000
    13   11   20 0.979167
    13   11   21 1.000000
    13   11   22 1.000000
    13   11   23 1.000000
    13   11   24 1.000000
    13   11   25 1.000000
    13   11   26 1.000000
    13   11   27 1.000000
    13   12   13 1.000000
    13   12   14 1.000000
    13   12   15 1.000000
    13   12   16 1.000000
    13   12   17 1.000000
    13   12   19 1.000000
    13   12   20 0.979167
    13   12   21 1.000000
    13   12   22 1.000000
    13   12   23 1.000000
    13   12   24 1.000000
    13   12   25 1.000000
    13   12   26 1.000000
    13   12   27 1.000000
    13   13   14 1.000000
    13   13   15 1.000000
    13   13   16 1.000000
    13   13   17 1.000000
    13   13   19 1.000000
    13   13   20 0.979167
    13   13   21 1.000000
    13   13   22 1.000000
    13   13   23 1.000000
    13   13   24 1.000000
    13   13   25 1.000000
    13   13   26 1.000000
    13   13   27 1.000000
    13   14   15 1.000000
    13   14   16 1.000000
    13   14   17 1.000000
    13   14   19 1.000000
    13   14   20 0.979167
    13   14   21 1.000000
    13   14   22 1.000000
    13   14   23 1.000000
    13   14   24 1.000000
    13   14   25 1.000000
    13   14   26 1.000000
    13   14   27 1.000000
    13   15   16 1.000000
    13   15   17 1.000000
    13   15   19 1.000000
    13   15   20 0.979167
    13   15   21 1.000000
    13   15   22 1.000000
    13   15   23 1.000000
    13   15   24 1.000000
    13   15   25 1.000000
    13   15   26 1.000000
    13   15   27 1.000000
    13   16   17 1.000000
    13   16   19 1.000000
    13   16   20 0.979167
    13   16   21 1.000000
    13   16   22 1.000000
    13   16   23 1.000000
    13   16   24 1.000000
    13   16   25 1.000000
    13   16   26 1.000000
    13   16   27 1.000000
    13   17   19 1.000000
    13   17   20 0.979167
    13   17   21 1.000000
    13   17   22 1.000000
    13   17   23 1.000000
    13   17   24 1.000000
    13   17   25 1.000000
    13   17   26 1.000000
    13   17   27 1.000000
    13   19   20 0.979167
    13   19   21 1.000000
    13   19   22 1.000000
    13   19   23 1.000000
    13   19   24 1.000000
    13   19   25 1.000000
    13   19   26 1.000000
    13   19   27 1.000000
    13   20   21 0.979167
    13   20   22 0.979167
    13   20   23 0.979167
    13   20   24 0.979167
    13   20   25 0.979167
    13   20   26 0.979167
    13   20   27 0.979167
    13   21   22 1.000000
    13   21   23 1.000000
    13   21   24 1.000000
    13   21   25 1.000000
    13   21   26 1.000000
    13   21   27 1.000000
    13   22   23 1.000000
    13   22   24 1.000000
    13   22   25 1.000000
    13   22   26 1.000000
    13   22   27 1.000000
    13   23   24 1.000000
    13   23   25 1.000000
    13   23   26 1.000000
    13   23   27 1.000000
    13   24   25 1.000000
    13   24   26 1.000000
    13   24   27 1.000000
    13   25   26 1.000000
    13   25   27 1.000000
    13   26   27 1.000000
    14    1    2 1.000000
    14    1    3 1.000000
    14    1    4 1.000000
    14    1    5 1.000000
    14    1    6 1.000000
    14    1    7 1.000000
    14    1    8 1.000000
    14    1    9 1.000000
    14    1   10 1.000000
    14    1   11 1.000000
    14    1   12 1.000000
    14    1   13 1.000000
    14    1   14 1.000000
    14    1   15 1.000000
    14    1   16 1.000000
    14    1   17 1.000000
    14    1   19 1.000000
    14    1   20 0.979167
    14    1   21 1.000000
    14    1   22 1.000000
    14    1   23 1.000000
    14    1   24 1.000000
    14    1   25 1.000000
    14    1   26 1.000000
    14    1   27 1.000000
    14    2    3 1.000000
    14    2    4 1.000000
    14    2    5 1.000000
    14    2    6 1.000000
    14    2    7 1.000000
    14    2    8 1.000000
    14    2    9 1.000000
    14    2   10 1.000000
    14    2   11 1.000000
    14    2   12 1.000000
    14    2   13 1.000000
    14    2   14 1.000000
    14    2   15 1.000000
    14    2   16 1.000000
    14    2   17 1.000000
    14    2   19 1.000000
    14    2   20 0.979167
    14    2   21 1.000000
    14    2   22 1.000000
    14    2   23 1.000000
    14    2   24 1.000000
    14    2   25 1.000000
    14    2   26 1.000000
    14    2   27 1.000000
    14    3    4 1.000000
    14    3    5 1.000000
    14    3    6 1.000000
    14    3    7 1.000000
    14    3    8 1.000000
    14    3    9 1.000000
    14    3   10 1.000000
    14    3   11 1.000000
    14    3   12 1.000000
    14    3   13 1.000000
    14    3   14 1.000000
    14    3   15 1.000000
    14    3   16 1.000000
    14    3   17 1.000000
    14    3   19 1.000000
    14    3   20 0.979167
    14    3   21 1.000000
    14    3   22 1.000000
    14    3   23 1.000000
    14    3   24 1.000000
    14    3   25 1.000000
    14    3   26 1.000000
    14    3   27 1.000000
    14    4    5 1.000000
    14    4    6 1.000000
    14    4    7 1.000000
    14    4    8 1.000000
    14    4    9 1.000000
    14    4   10 1.000000
    14    4   11 1.000000
    14    4   12 1.000000
    14    4   13 1.000000
    14    4   14 1.000000
    14    4   15 1.000000
    14    4   16 1.000000
    14    4   17 1.000000
    14    4   19 1.000000
    14    4   20 0.979167
    14    4   21 1.000000
    14    4   22 1.000000
    14    4   23 1.000000
    14    4   24 1.000000
    14    4   25 1.000000
    14    4   26 1.000000
    14    4   27 1.000000
    14    5    6 1.000000
    14    5    7 1.000000
    14    5    8 1.000000
    14    5    9 1.000000
    14    5   10 1.000000
    14    5   11 1.000000
    14    5   12 1.000000
    14    5   13 1.000000
    14    5   14 1.000000
    14    5   15 1.000000
    14    5   16 1.000000
    14    5   17 1.000000
    14    5   19 1.000000
    14    5   20 0.979167
    14    5   21 1.000000
    14    5   22 1.000000
    14    5   23 1.000000
    14    5   24 1.000000
    14    5   25 1.000000
    14    5   26 1.000000
    14    5   27 1.000000
    14    6    7 1.000000
    14    6    8 1.000000
    14    6    9 1.000000
    14    6   10 1.000000
    14    6   11 1.000000
    14    6   12 1.000000
    14    6   13 1.000000
    14    6   14 1.000000
    14    6   15 1.000000
    14    6   16 1.000000
    14    6   17 1.000000
    14    6   19 1.000000
    14    6   20 0.979167
    14    6   21 1.000000
    14    6   22 1.000000
    14    6   23 1.000000
    14    6   24 1.000000
    14    6   25 1.000000
    14    6   26 1.000000
    14    6   27 1.000000
    14    7    8 1.000000
    14    7    9 1.000000
    14    7   10 1.000000
    14    7   11 1.000000
    14    7   12 1.000000
    14    7   13 1.000000
    14    7   14 1.000000
    14    7   15 1.000000
    14    7   16 1.000000
    14    7   17 1.000000
    14    7   19 1.000000
    14    7   20 0.979167
    14    7   21 1.000000
    14    7   22 1.000000
    14    7   23 1.000000
    14    7   24 1.000000
    14    7   25 1.000000
    14    7   26 1.000000
    14    7   27 1.000000
    14    8    9 1.000000
    14    8   10 1.000000
    14    8   11 1.000000
    14    8   12 1.000000
    14    8   13 1.000000
    14    8   14 1.000000
    14    8   15 1.000000
    14    8   16 1.000000
    14    8   17 1.000000
    14    8   19 1.000000
    14    8   20 0.979167
    14    8   21 1.000000
    14    8   22 1.000000
    14    8   23 1.000000
    14    8   24 1.000000
    14    8   25 1.000000
    14    8   26 1.000000
    14    8   27 1.000000
    14    9   10 1.000000
    14    9   11 1.000000
    14    9   12 1.000000
    14    9   13 1.000000
    14    9   14 1.000000
    14    9   15 1.000000
    14    9   16 1.000000
    14    9   17 1.000000
    14    9   19 1.000000
    14    9   20 0.979167
    14    9   21 1.000000
    14    9   22 1.000000
    14    9   23 1.000000
    14    9   24 1.000000
    14    9   25 1.000000
    14    9   26 1.000000
    14    9   27 1.000000
    14   10   11 1.000000
    14   10   12 1.000000
    14   10   13 1.000000
    14   10   14 1.000000
    14   10   15 1.000000
    14   10   16 1.000000
    14   10   17 1.000000
    14   10   19 1.000000
    14   10   20 0.979167
    14   10   21 1.000000
    14   10   22 1.000000
    14   10   23 1.000000
    14   10   24 1.000000
    14   10   25 1.000000
    14   10   26 1.000000
    14   10   27 1.000000
    14   11   12 1.000000
    14   11   13 1.000000
    14   11   14 1.000000
    14   11   15 1.000000
    14   11   16 1.000000
    14   11   17 1.000000
    14   11   19 1.000000
    14   11   20 0.979167
    14   11   21 1.000000
    14   11   22 1.000000
    14   11   23 1.000000
    14   11   24 1.000000
    14   11   25 1.000000
    14   11   26 1.000000
    14   11   27 1.000000
    14   12   13 1.000000
    14   12   14 1.000000
    14   12   15 1.000000
    14   12   16 1.000000
    14   12   17 1.000000
    14   12   19 1.000000
    14   12   20 0.979167
    14   12   21 1.000000
    14   12   22 1.000000
    14   12   23 1.000000
    14   12   24 1.000000
    14   12   25 1.000000
    14   12   26 1.000000
    14   12   27 1.000000
    14   13   14 1.000000
    14   13   15 1.000000
    14   13   16 1.000000
    14   13   17 1.000000
    14   13   19 1.000000
    14   13   20 0.979167
    14   13   21 1.000000
    14   13   22 1.000000
    14   13   23 1.000000
    14   13   24 1.000000
    14   13   25 1.000000
    14   13   26 1.000000
    14   13   27 1.000000
    14   14   15 1.000000
    14   14   16 1.000000
    14   14   17 1.000000
    14   14   19 1.000000
    14   14   20 0.979167
    14   14   21 1.000000
    14   14   22 1.000000
    14   14   23 1.000000
    14   14   24 1.000000
    14   14   25 1.000000
    14   14   26 1.000000
    14   14   27 1.000000
    14   15   16 1.000000
    14   15   17 1.000000
    14   15   19 1.000000
    14   15   20 0.979167
    14   15   21 1.000000
    14   15   22 1.000000
    14   15   23 1.000000
    14   15   24 1.000000
    14   15   25 1.000000
    14   15   26 1.000000
    14   15   27 1.000000
    14   16   17 1.000000
    14   16   19 1.000000
    14   16   20 0.979167
    14   16   21 1.000000
    14   16   22 1.000000
    14   16   23 1.000000
    14   16   24 1.000000
    14   16   25 1.000000
    14   16   26 1.000000
    14   16   27 1.000000
    14   17   19 1.000000
    14   17   20 0.979167
    14   17   21 1.000000
    14   17   22 1.000000
    14   17   23 1.000000
    14   17   24 1.000000
    14   17   25 1.000000
    14   17   26 1.000000
    14   17   27 1.000000
    14   19   20 0.979167
    14   19   21 1.000000
    14   19   22 1.000000
    14   19   23 1.000000
    14   19   24 1.000000
    14   19   25 1.000000
    14   19   26 1.000000
    14   19   27 1.000000
    14   20   21 0.979167
    14   20   22 0.979167
    14   20   23 0.979167
    14   20   24 0.979167
    14   20   25 0.979167
    14   20   26 0.979167
    14   20   27 0.979167
    14   21   22 1.000000
    14   21   23 1.000000
    14   21   24 1.000000
    14   21   25 1.000000
    14   21   26 1.000000
    14   21   27 1.000000
    14   22   23 1.000000
    14   22   24 1.000000
    14   22   25 1.000000
    14   22   26 1.000000
    14   22   27 1.000000
    14   23   24 1.000000
    14   23   25 1.000000
    14   23   26 1.000000
    14   23   27 1.000000
    14   24   25 1.000000
    14   24   26 1.000000
    14   24   27 1.000000
    14   25   26 1.000000
    14   25   27 1.000000
    14   26   27 1.000000
    15    1    2 1.000000
    15    1    3 1.000000
    15    1    4 1.000000
    15    1    5 1.000000
    15    1    6 1.000000
    15    1    7 1.000000
    15    1    8 1.000000
    15    1    9 1.000000
    15    1   10 1.000000
    15    1   11 1.000000
    15    1   12 1.000000
    15    1   13 1.000000
    15    1   14 1.000000
    15    1   15 1.000000
    15    1   16 1.000000
    15    1   17 1.000000
    15    1   19 1.000000
    15    1   20 0.979167
    15    1   21 1.000000
    15    1   22 1.000000
    15    1   23 1.000000
    15    1   24 1.000000
    15    1   25 1.000000
    15    1   26 1.000000
    15    1   27 1.000000
    15    2    3 1.000000
    15    2    4 1.000000
    15    2    5 1.000000
    15    2    6 1.000000
    15    2    7 1.000000
    15    2    8 1.000000
    15    2    9 1.000000
    15    2   10 1.000000
    15    2   11 1.000000
    15    2   12 1.000000
    15    2   13 1.000000
    15    2   14 1.000000
    15    2   15 1.000000
    15    2   16 1.000000
    15    2   17 1.000000
    15    2   19 1.000000
    15    2   20 0.979167
    15    2   21 1.000000
    15    2   22 1.000000
    15    2   23 1.000000
    15    2   24 1.000000
    15    2   25 1.000000
    15    2   26 1.000000
    15    2   27 1.000000
    15    3    4 1.000000
    15    3    5 1.000000
    15    3    6 1.000000
    15    3    7 1.000000
    15    3    8 1.000000
    15    3    9 1.000000
    15    3   10 1.000000
    15    3   11 1.000000
    15    3   12 1.000000
    15    3   13 1.000000
    15    3   14 1.000000
    15    3   15 1.000000
    15    3   16 1.000000
    15    3   17 1.000000
    15    3   19 1.000000
    15    3   20 0.979167
    15    3   21 1.000000
    15    3   22 1.000000
    15    3   23 1.000000
    15    3   24 1.000000
    15    3   25 1.000000
    15    3   26 1.000000
    15    3   27 1.000000
    15    4    5 1.000000
    15    4    6 1.000000
    15    4    7 1.000000
    15    4    8 1.000000
    15    4    9 1.000000
    15    4   10 1.000000
    15    4   11 1.000000
    15    4   12 1.000000
    15    4   13 1.000000
    15    4   14 1.000000
    15    4   15 1.000000
    15    4   16 1.000000
    15    4   17 1.000000
    15    4   19 1.000000
    15    4   20 0.979167
    15    4   21 1.000000
    15    4   22 1.000000
    15    4   23 1.000000
    15    4   24 1.000000
    15    4   25 1.000000
    15    4   26 1.000000
    15    4   27 1.000000
    15    5    6 1.000000
    15    5    7 1.000000
    15    5    8 1.000000
    15    5    9 1.000000
    15    5   10 1.000000
    15    5   11 1.000000
    15    5   12 1.000000
    15    5   13 1.000000
    15    5   14 1.000000
    15    5   15 1.000000
    15    5   16 1.000000
    15    5   17 1.000000
    15    5   19 1.000000
    15    5   20 0.979167
    15    5   21 1.000000
    15    5   22 1.000000
    15    5   23 1.000000
    15    5   24 1.000000
    15    5   25 1.000000
    15    5   26 1.000000
    15    5   27 1.000000
    15    6    7 1.000000
    15    6    8 1.000000
    15    6    9 1.000000
    15    6   10 1.000000
    15    6   11 1.000000
    15    6   12 1.000000
    15    6   13 1.000000
    15    6   14 1.000000
    15    6   15 1.000000
    15    6   16 1.000000
    15    6   17 1.000000
    15    6   19 1.000000
    15    6   20 0.979167
    15    6   21 1.000000
    15    6   22 1.000000
    15    6   23 1.000000
    15    6   24 1.000000
    15    6   25 1.000000
    15    6   26 1.000000
    15    6   27 1.000000
    15    7    8 1.000000
    15    7    9 1.000000
    15    7   10 1.000000
    15    7   11 1.000000
    15    7   12 1.000000
    15    7   13 1.000000
    15    7   14 1.000000
    15    7   15 1.000000
    15    7   16 1.000000
    15    7   17 1.000000
    15    7   19 1.000000
    15    7   20 0.979167
    15    7   21 1.000000
    15    7   22 1.000000
    15    7   23 1.000000
    15    7   24 1.000000
    15    7   25 1.000000
    15    7   26 1.000000
    15    7   27 1.000000
    15    8    9 1.000000
    15    8   10 1.000000
    15    8   11 1.000000
    15    8   12 1.000000
    15    8   13 1.000000
    15    8   14 1.000000
    15    8   15 1.000000
    15    8   16 1.000000
    15    8   17 1.000000
    15    8   19 1.000000
    15    8   20 0.979167
    15    8   21 1.000000
    15    8   22 1.000000
    15    8   23 1.000000
    15    8   24 1.000000
    15    8   25 1.000000
    15    8   26 1.000000
    15    8   27 1.000000
    15    9   10 1.000000
    15    9   11 1.000000
    15    9   12 1.000000
    15    9   13 1.000000
    15    9   14 1.000000
    15    9   15 1.000000
    15    9   16 1.000000
    15    9   17 1.000000
    15    9   19 1.000000
    15    9   20 0.979167
    15    9   21 1.000000
    15    9   22 1.000000
    15    9   23 1.000000
    15    9   24 1.000000
    15    9   25 1.000000
    15    9   26 1.000000
    15    9   27 1.000000
    15   10   11 1.000000
    15   10   12 1.000000
    15   10   13 1.000000
    15   10   14 1.000000
    15   10   15 1.000000
    15   10   16 1.000000
    15   10   17 1.000000
    15   10   19 1.000000
    15   10   20 0.979167
    15   10   21 1.000000
    15   10   22 1.000000
    15   10   23 1.000000
    15   10   24 1.000000
    15   10   25 1.000000
    15   10   26 1.000000
    15   10   27 1.000000
    15   11   12 1.000000
    15   11   13 1.000000
    15   11   14 1.000000
    15   11   15 1.000000
    15   11   16 1.000000
    15   11   17 1.000000
    15   11   19 1.000000
    15   11   20 0.979167
    15   11   21 1.000000
    15   11   22 1.000000
    15   11   23 1.000000
    15   11   24 1.000000
    15   11   25 1.000000
    15   11   26 1.000000
    15   11   27 1.000000
    15   12   13 1.000000
    15   12   14 1.000000
    15   12   15 1.000000
    15   12   16 1.000000
    15   12   17 1.000000
    15   12   19 1.000000
    15   12   20 0.979167
    15   12   21 1.000000
    15   12   22 1.000000
    15   12   23 1.000000
    15   12   24 1.000000
    15   12   25 1.000000
    15   12   26 1.000000
    15   12   27 1.000000
    15   13   14 1.000000
    15   13   15 1.000000
    15   13   16 1.000000
    15   13   17 1.000000
    15   13   19 1.000000
    15   13   20 0.979167
    15   13   21 1.000000
    15   13   22 1.000000
    15   13   23 1.000000
    15   13   24 1.000000
    15   13   25 1.000000
    15   13   26 1.000000
    15   13   27 1.000000
    15   14   15 1.000000
    15   14   16 1.000000
    15   14   17 1.000000
    15   14   19 1.000000
    15   14   20 0.979167
    15   14   21 1.000000
    15   14   22 1.000000
    15   14   23 1.000000
    15   14   24 1.000000
    15   14   25 1.000000
    15   14   26 1.000000
    15   14   27 1.000000
    15   15   16 1.000000
    15   15   17 1.000000
    15   15   19 1.000000
    15   15   20 0.979167
    15   15   21 1.000000
    15   15   22 1.000000
    15   15   23 1.000000
    15   15   24 1.000000
    15   15   25 1.000000
    15   15   26 1.000000
    15   15   27 1.000000
    15   16   17 1.000000
    15   16   19 1.000000
    15   16   20 0.979167
    15   16   21 1.000000
    15   16   22 1.000000
    15   16   23 1.000000
    15   16   24 1.000000
    15   16   25 1.000000
    15   16   26 1.000000
    15   16   27 1.000000
    15   17   19 1.000000
    15   17   20 0.979167
    15   17   21 1.000000
    15   17   22 1.000000
    15   17   23 1.000000
    15   17   24 1.000000
    15   17   25 1.000000
    15   17   26 1.000000
    15   17   27 1.000000
    15   19   20 0.979167
    15   19   21 1.000000
    15   19   22 1.000000
    15   19   23 1.000000
    15   19   24 1.000000
    15   19   25 1.000000
    15   19   26 1.000000
    15   19   27 1.000000
    15   20   21 0.979167
    15   20   22 0.979167
    15   20   23 0.979167
    15   20   24 0.979167
    15   20   25 0.979167
    15   20   26 0.979167
    15   20   27 0.979167
    15   21   22 1.000000
    15   21   23 1.000000
    15   21   24 1.000000
    15   21   25 1.000000
    15   21   26 1.000000
    15   21   27 1.000000
    15   22   23 1.000000
    15   22   24 1.000000
    15   22   25 1.000000
    15   22   26 1.000000
    15   22   27 1.000000
    15   23   24 1.000000
    15   23   25 1.000000
    15   23   26 1.000000
    15   23   27 1.000000
    15   24   25 1.000000
    15   24   26 1.000000
    15   24   27 1.000000
    15   25   26 1.000000
    15   25   27 1.000000
    15   26   27 1.000000
    16    1    2 1.000000
    16    1    3 1.000000
    16    1    4 1.000000
    16    1    5 1.000000
    16    1    6 1.000000
    16    1    7 1.000000
    16    1    8 1.000000
    16    1    9 1.000000
    16    1   10 1.000000
    16    1   11 1.000000
    16    1   12 1.000000
    16    1   13 1.000000
    16    1   14 1.000000
    16    1   15 1.000000
    16    1   16 1.000000
    16    1   17 1.000000
    16    1   19 1.000000
    16    1   20 0.979167
    16    1   21 1.000000
    16    1   22 1.000000
    16    1   23 1.000000
    16    1   24 1.000000
    16    1   25 1.000000
    16    1   26 1.000000
    16    1   27 1.000000
    16    2    3 1.000000
    16    2    4 1.000000
    16    2    5 1.000000
    16    2    6 1.000000
    16    2    7 1.000000
    16    2    8 1.000000
    16    2    9 1.000000
    16    2   10 1.000000
    16    2   11 1.000000
    16    2   12 1.000000
    16    2   13 1.000000
    16    2   14 1.000000
    16    2   15 1.000000
    16    2   16 1.000000
    16    2   17 1.000000
    16    2   19 1.000000
    16    2   20 0.979167
    16    2   21 1.000000
    16    2   22 1.000000
    16    2   23 1.000000
    16    2   24 1.000000
    16    2   25 1.000000
    16    2   26 1.000000
    16    2   27 1.000000
    16    3    4 1.000000
    16    3    5 1.000000
    16    3    6 1.000000
    16    3    7 1.000000
    16    3    8 1.000000
    16    3    9 1.000000
    16    3   10 1.000000
    16    3   11 1.000000
    16    3   12 1.000000
    16    3   13 1.000000
    16    3   14 1.000000
    16    3   15 1.000000
    16    3   16 1.000000
    16    3   17 1.000000
    16    3   19 1.000000
    16    3   20 0.979167
    16    3   21 1.000000
    16    3   22 1.000000
    16    3   23 1.000000
    16    3   24 1.000000
    16    3   25 1.000000
    16    3   26 1.000000
    16    3   27 1.000000
    16    4    5 1.000000
    16    4    6 1.000000
    16    4    7 1.000000
    16    4    8 1.000000
    16    4    9 1.000000
    16    4   10 1.000000
    16    4   11 1.000000
    16    4   12 1.000000
    16    4   13 1.000000
    16    4   14 1.000000
    16    4   15 1.000000
    16    4   16 1.000000
    16    4   17 1.000000
    16    4   19 1.000000
    16    4   20 0.979167
    16    4   21 1.000000
    16    4   22 1.000000
    16    4   23 1.000000
    16    4   24 1.000000
    16    4   25 1.000000
    16    4   26 1.000000
    16    4   27 1.000000
    16    5    6 1.000000
    16    5    7 1.000000
    16    5    8 1.000000
    16    5    9 1.000000
    16    5   10 1.000000
    16    5   11 1.000000
    16    5   12 1.000000
    16    5   13 1.000000
    16    5   14 1.000000
    16    5   15 1.000000
    16    5   16 1.000000
    16    5   17 1.000000
    16    5   19 1.000000
    16    5   20 0.979167
    16    5   21 1.000000
    16    5   22 1.000000
    16    5   23 1.000000
    16    5   24 1.000000
    16    5   25 1.000000
    16    5   26 1.000000
    16    5   27 1.000000
    16    6    7 1.000000
    16    6    8 1.000000
    16    6    9 1.000000
    16    6   10 1.000000
    16    6   11 1.000000
    16    6   12 1.000000
    16    6   13 1.000000
    16    6   14 1.000000
    16    6   15 1.000000
    16    6   16 1.000000
    16    6   17 1.000000
    16    6   19 1.000000
    16    6   20 0.979167
    16    6   21 1.000000
    16    6   22 1.000000
    16    6   23 1.000000
    16    6   24 1.000000
    16    6   25 1.000000
    16    6   26 1.000000
    16    6   27 1.000000
    16    7    8 1.000000
    16    7    9 1.000000
    16    7   10 1.000000
    16    7   11 1.000000
    16    7   12 1.000000
    16    7   13 1.000000
    16    7   14 1.000000
    16    7   15 1.000000
    16    7   16 1.000000
    16    7   17 1.000000
    16    7   19 1.000000
    16    7   20 0.979167
    16    7   21 1.000000
    16    7   22 1.000000
    16    7   23 1.000000
    16    7   24 1.000000
    16    7   25 1.000000
    16    7   26 1.000000
    16    7   27 1.000000
    16    8    9 1.000000
    16    8   10 1.000000
    16    8   11 1.000000
    16    8   12 1.000000
    16    8   13 1.000000
    16    8   14 1.000000
    16    8   15 1.000000
    16    8   16 1.000000
    16    8   17 1.000000
    16    8   19 1.000000
    16    8   20 0.979167
    16    8   21 1.000000
    16    8   22 1.000000
    16    8   23 1.000000
    16    8   24 1.000000
    16    8   25 1.000000
    16    8   26 1.000000
    16    8   27 1.000000
    16    9   10 1.000000
    16    9   11 1.000000
    16    9   12 1.000000
    16    9   13 1.000000
    16    9   14 1.000000
    16    9   15 1.000000
    16    9   16 1.000000
    16    9   17 1.000000
    16    9   19 1.000000
    16    9   20 0.979167
    16    9   21 1.000000
    16    9   22 1.000000
    16    9   23 1.000000
    16    9   24 1.000000
    16    9   25 1.000000
    16    9   26 1.000000
    16    9   27 1.000000
    16   10   11 1.000000
    16   10   12 1.000000
    16   10   13 1.000000
    16   10   14 1.000000
    16   10   15 1.000000
    16   10   16 1.000000
    16   10   17 1.000000
    16   10   19 1.000000
    16   10   20 0.979167
    16   10   21 1.000000
    16   10   22 1.000000
    16   10   23 1.000000
    16   10   24 1.000000
    16   10   25 1.000000
    16   10   26 1.000000
    16   10   27 1.000000
    16   11   12 1.000000
    16   11   13 1.000000
    16   11   14 1.000000
    16   11   15 1.000000
    16   11   16 1.000000
    16   11   17 1.000000
    16   11   19 1.000000
    16   11   20 0.979167
    16   11   21 1.000000
    16   11   22 1.000000
    16   11   23 1.000000
    16   11   24 1.000000
    16   11   25 1.000000
    16   11   26 1.000000
    16   11   27 1.000000
    16   12   13 1.000000
    16   12   14 1.000000
    16   12   15 1.000000
    16   12   16 1.000000
    16   12   17 1.000000
    16   12   19 1.000000
    16   12   20 0.979167
    16   12   21 1.000000
    16   12   22 1.000000
    16   12   23 1.000000
    16   12   24 1.000000
    16   12   25 1.000000
    16   12   26 1.000000
    16   12   27 1.000000
    16   13   14 1.000000
    16   13   15 1.000000
    16   13   16 1.000000
    16   13   17 1.000000
    16   13   19 1.000000
    16   13   20 0.979167
    16   13   21 1.000000
    16   13   22 1.000000
    16   13   23 1.000000
    16   13   24 1.000000
    16   13   25 1.000000
    16   13   26 1.000000
    16   13   27 1.000000
    16   14   15 1.000000
    16   14   16 1.000000
    16   14   17 1.000000
    16   14   19 1.000000
    16   14   20 0.979167
    16   14   21 1.000000
    16   14   22 1.000000
    16   14   23 1.000000
    16   14   24 1.000000
    16   14   25 1.000000
    16   14   26 1.000000
    16   14   27 1.000000
    16   15   16 1.000000
    16   15   17 1.000000
    16   15   19 1.000000
    16   15   20 0.979167
    16   15   21 1.000000
    16   15   22 1.000000
    16   15   23 1.000000
    16   15   24 1.000000
    16   15   25 1.000000
    16   15   26 1.000000
    16   15   27 1.000000
    16   16   17 1.000000
    16   16   19 1.000000
    16   16   20 0.979167
    16   16   21 1.000000
    16   16   22 1.000000
    16   16   23 1.000000
    16   16   24 1.000000
    16   16   25 1.000000
    16   16   26 1.000000
    16   16   27 1.000000
    16   17   19 1.000000
    16   17   20 0.979167
    16   17   21 1.000000
    16   17   22 1.000000
    16   17   23 1.000000
    16   17   24 1.000000
    16   17   25 1.000000
    16   17   26 1.000000
    16   17   27 1.000000
    16   19   20 0.979167
    16   19   21 1.000000
    16   19   22 1.000000
    16   19   23 1.000000
    16   19   24 1.000000
    16   19   25 1.000000
    16   19   26 1.000000
    16   19   27 1.000000
    16   20   21 0.979167
    16   20   22 0.979167
    16   20   23 0.979167
    16   20   24 0.979167
    16   20   25 0.979167
    16   20   26 0.979167
    16   20   27 0.979167
    16   21   22 1.000000
    16   21   23 1.000000
    16   21   24 1.000000
    16   21   25 1.000000
    16   21   26 1.000000
    16   21   27 1.000000
    16   22   23 1.000000
    16   22   24 1.000000
    16   22   25 1.000000
    16   22   26 1.000000
    16   22   27 1.000000
    16   23   24 1.000000
    16   23   25 1.000000
    16   23   26 1.000000
    16   23   27 1.000000
    16   24   25 1.000000
    16   24   26 1.000000
    16   24   27 1.000000
    16   25   26 1.000000
    16   25   27 1.000000
    16   26   27 1.000000
    17    1    2 1.000000
    17    1    3 1.000000
    17    1    4 1.000000
    17    1    5 1.000000
    17    1    6 1.000000
    17    1    7 1.000000
    17    1    8 1.000000
    17    1    9 1.000000
    17    1   10 1.000000
    17    1   11 1.000000
    17    1   12 1.000000
    17    1   13 1.000000
    17    1   14 1.000000
    17    1   15 1.000000
    17    1   16 1.000000
    17    1   17 1.000000
    17    1   19 1.000000
    17    1   20 0.979167
    17    1   21 1.000000
    17    1   22 1.000000
    17    1   23 1.000000
    17    1   24 1.000000
    17    1   25 1.000000
    17    1   26 1.000000
    17    1   27 1.000000
    17    2    3 1.000000
    17    2    4 1.000000
    17    2    5 1.000000
    17    2    6 1.000000
    17    2    7 1.000000
    17    2    8 1.000000
    17    2    9 1.000000
    17    2   10 1.000000
    17    2   11 1.000000
    17    2   12 1.000000
    17    2   13 1.000000
    17    2   14 1.000000
    17    2   15 1.000000
    17    2   16 1.000000
    17    2   17 1.000000
    17    2   19 1.000000
    17    2   20 0.979167
    17    2   21 1.000000
    17    2   22 1.000000
    17    2   23 1.000000
    17    2   24 1.000000
    17    2   25 1.000000
    17    2   26 1.000000
    17    2   27 1.000000
    17    3    4 1.000000
    17    3    5 1.000000
    17    3    6 1.000000
    17    3    7 1.000000
    17    3    8 1.000000
    17    3    9 1.000000
    17    3   10 1.000000
    17    3   11 1.000000
    17    3   12 1.000000
    17    3   13 1.000000
    17    3   14 1.000000
    17    3   15 1.000000
    17    3   16 1.000000
    17    3   17 1.000000
    17    3   19 1.000000
    17    3   20 0.979167
    17    3   21 1.000000
    17    3   22 1.000000
    17    3   23 1.000000
    17    3   24 1.000000
    17    3   25 1.000000
    17    3   26 1.000000
    17    3   27 1.000000
    17    4    5 1.000000
    17    4    6 1.000000
    17    4    7 1.000000
    17    4    8 1.000000
    17    4    9 1.000000
    17    4   10 1.000000
    17    4   11 1.000000
    17    4   12 1.000000
    17    4   13 1.000000
    17    4   14 1.000000
    17    4   15 1.000000
    17    4   16 1.000000
    17    4   17 1.000000
    17    4   19 1.000000
    17    4   20 0.979167
    17    4   21 1.000000
    17    4   22 1.000000
    17    4   23 1.000000
    17    4   24 1.000000
    17    4   25 1.000000
    17    4   26 1.000000
    17    4   27 1.000000
    17    5    6 1.000000
    17    5    7 1.000000
    17    5    8 1.000000
    17    5    9 1.000000
    17    5   10 1.000000
    17    5   11 1.000000
    17    5   12 1.000000
    17    5   13 1.000000
    17    5   14 1.000000
    17    5   15 1.000000
    17    5   16 1.000000
    17    5   17 1.000000
    17    5   19 1.000000
    17    5   20 0.979167
    17    5   21 1.000000
    17    5   22 1.000000
    17    5   23 1.000000
    17    5   24 1.000000
    17    5   25 1.000000
    17    5   26 1.000000
    17    5   27 1.000000
    17    6    7 1.000000
    17    6    8 1.000000
    17    6    9 1.000000
    17    6   10 1.000000
    17    6   11 1.000000
    17    6   12 1.000000
    17    6   13 1.000000
    17    6   14 1.000000
    17    6   15 1.000000
    17    6   16 1.000000
    17    6   17 1.000000
    17    6   19 1.000000
    17    6   20 0.979167
    17    6   21 1.000000
    17    6   22 1.000000
    17    6   23 1.000000
    17    6   24 1.000000
    17    6   25 1.000000
    17    6   26 1.000000
    17    6   27 1.000000
    17    7    8 1.000000
    17    7    9 1.000000
    17    7   10 1.000000
    17    7   11 1.000000
    17    7   12 1.000000
    17    7   13 1.000000
    17    7   14 1.000000
    17    7   15 1.000000
    17    7   16 1.000000
    17    7   17 1.000000
    17    7   19 1.000000
    17    7   20 0.979167
    17    7   21 1.000000
    17    7   22 1.000000
    17    7   23 1.000000
    17    7   24 1.000000
    17    7   25 1.000000
    17    7   26 1.000000
    17    7   27 1.000000
    17    8    9 1.000000
    17    8   10 1.000000
    17    8   11 1.000000
    17    8   12 1.000000
    17    8   13 1.000000
    17    8   14 1.000000
    17    8   15 1.000000
    17    8   16 1.000000
    17    8   17 1.000000
    17    8   19 1.000000
    17    8   20 0.979167
    17    8   21 1.000000
    17    8   22 1.000000
    17    8   23 1.000000
    17    8   24 1.000000
    17    8   25 1.000000
    17    8   26 1.000000
    17    8   27 1.000000
    17    9   10 1.000000
    17    9   11 1.000000
    17    9   12 1.000000
    17    9   13 1.000000
    17    9   14 1.000000
    17    9   15 1.000000
    17    9   16 1.000000
    17    9   17 1.000000
    17    9   19 1.000000
    17    9   20 0.979167
    17    9   21 1.000000
    17    9   22 1.000000
    17    9   23 1.000000
    17    9   24 1.000000
    17    9   25 1.000000
    17    9   26 1.000000
    17    9   27 1.000000
    17   10   11 1.000000
    17   10   12 1.000000
    17   10   13 1.000000
    17   10   14 1.000000
    17   10   15 1.000000
    17   10   16 1.000000
    17   10   17 1.000000
    17   10   19 1.000000
    17   10   20 0.979167
    17   10   21 1.000000
    17   10   22 1.000000
    17   10   23 1.000000
    17   10   24 1.000000
    17   10   25 1.000000
    17   10   26 1.000000
    17   10   27 1.000000
    17   11   12 1.000000
    17   11   13 1.000000
    17   11   14 1.000000
    17   11   15 1.000000
    17   11   16 1.000000
    17   11   17 1.000000
    17   11   19 1.000000
    17   11   20 0.979167
    17   11   21 1.000000
    17   11   22 1.000000
    17   11   23 1.000000
    17   11   24 1.000000
    17   11   25 1.000000
    17   11   26 1.000000
    17   11   27 1.000000
    17   12   13 1.000000
    17   12   14 1.000000
    17   12   15 1.000000
    17   12   16 1.000000
    17   12   17 1.000000
    17   12   19 1.000000
    17   12   20 0.979167
    17   12   21 1.000000
    17   12   22 1.000000
    17   12   23 1.000000
    17   12   24 1.000000
    17   12   25 1.000000
    17   12   26 1.000000
    17   12   27 1.000000
    17   13   14 1.000000
    17   13   15 1.000000
    17   13   16 1.000000
    17   13   17 1.000000
    17   13   19 1.000000
    17   13   20 0.979167
    17   13   21 1.000000
    17   13   22 1.000000
    17   13   23 1.000000
    17   13   24 1.000000
    17   13   25 1.000000
    17   13   26 1.000000
    17   13   27 1.000000
    17   14   15 1.000000
    17   14   16 1.000000
    17   14   17 1.000000
    17   14   19 1.000000
    17   14   20 0.979167
    17   14   21 1.000000
    17   14   22 1.000000
    17   14   23 1.000000
    17   14   24 1.000000
    17   14   25 1.000000
    17   14   26 1.000000
    17   14   27 1.000000
    17   15   16 1.000000
    17   15   17 1.000000
    17   15   19 1.000000
    17   15   20 0.979167
    17   15   21 1.000000
    17   15   22 1.000000
    17   15   23 1.000000
    17   15   24 1.000000
    17   15   25 1.000000
    17   15   26 1.000000
    17   15   27 1.000000
    17   16   17 1.000000
    17   16   19 1.000000
    17   16   20 0.979167
    17   16   21 1.000000
    17   16   22 1.000000
    17   16   23 1.000000
    17   16   24 1.000000
    17   16   25 1.000000
    17   16   26 1.000000
    17   16   27 1.000000
    17   17   19 1.000000
    17   17   20 0.979167
    17   17   21 1.000000
    17   17   22 1.000000
    17   17   23 1.000000
    17   17   24 1.000000
    17   17   25 1.000000
    17   17   26 1.000000
    17   17   27 1.000000
    17   19   20 0.979167
    17   19   21 1.000000
    17   19   22 1.000000
    17   19   23 1.000000
    17   19   24 1.000000
    17   19   25 1.000000
    17   19   26 1.000000
    17   19   27 1.000000
    17   20   21 0.979167
    17   20   22 0.979167
    17   20   23 0.979167
    17   20   24 0.979167
    17   20   25 0.979167
    17   20   26 0.979167
    17   20   27 0.979167
    17   21   22 1.000000
    17   21   23 1.000000
    17   21   24 1.000000
    17   21   25 1.000000
    17   21   26 1.000000
    17   21   27 1.000000
    17   22   23 1.000000
    17   22   24 1.000000
    17   22   25 1.000000
    17   22   26 1.000000
    17   22   27 1.000000
    17   23   24 1.000000
    17   23   25 1.000000
    17   23   26 1.000000
    17   23   27 1.000000
    17   24   25 1.000000
    17   24   26 1.000000
    17   24   27 1.000000
    17   25   26 1.000000
    17   25   27 1.000000
    17   26   27 1.000000
    18    1    2 1.000000
    18    1    3 1.000000
    18    1    4 1.000000
    18    1    5 1.000000
    18    1    6 1.000000
    18    1    7 1.000000
    18    1    8 1.000000
    18    1    9 1.000000
    18    1   10 1.000000
    18    1   11 1.000000
    18    1   12 1.000000
    18    1   13 1.000000
    18    1   14 1.000000
    18    1   15 1.000000
    18    1   16 1.000000
    18    1   17 1.000000
    18    1   19 1.000000
    18    1   20 0.979167
    18    1   21 1.000000
    18    1   22 1.000000
    18    1   23 1.000000
    18    1   24 1.000000
    18    1   25 1.000000
    18    1   26 1.000000
    18    1   27 1.000000
    18    2    3 1.000000
    18    2    4 1.000000
    18    2    5 1.000000
    18    2    6 1.000000
    18    2    7 1.000000
    18    2    8 1.000000
    18    2    9 1.000000
    18    2   10 1.000000
    18    2   11 1.000000
    18    2   12 1.000000
    18    2   13 1.000000
    18    2   14 1.000000
    18    2   15 1.000000
    18    2   16 1.000000
    18    2   17 1.000000
    18    2   19 1.000000
    18    2   20 0.979167
    18    2   21 1.000000
    18    2   22 1.000000
    18    2   23 1.000000
    18    2   24 1.000000
    18    2   25 1.000000
    18    2   26 1.000000
    18    2   27 1.000000
    18    3    4 1.000000
    18    3    5 1.000000
    18    3    6 1.000000
    18    3    7 1.000000
    18    3    8 1.000000
    18    3    9 1.000000
    18    3   10 1.000000
    18    3   11 1.000000
    18    3   12 1.000000
    18    3   13 1.000000
    18    3   14 1.000000
    18    3   15 1.000000
    18    3   16 1.000000
    18    3   17 1.000000
    18    3   19 1.000000
    18    3   20 0.979167
    18    3   21 1.000000
    18    3   22 1.000000
    18    3   23 1.000000
    18    3   24 1.000000
    18    3   25 1.000000
    18    3   26 1.000000
    18    3   27 1.000000
    18    4    5 1.000000
    18    4    6 1.000000
    18    4    7 1.000000
    18    4    8 1.000000
    18    4    9 1.000000
    18    4   10 1.000000
    18    4   11 1.000000
    18    4   12 1.000000
    18    4   13 1.000000
    18    4   14 1.000000
    18    4   15 1.000000
    18    4   16 1.000000
    18    4   17 1.000000
    18    4   19 1.000000
    18    4   20 0.979167
    18    4   21 1.000000
    18    4   22 1.000000
    18    4   23 1.000000
    18    4   24 1.000000
    18    4   25 1.000000
    18    4   26 1.000000
    18    4   27 1.000000
    18    5    6 1.000000
    18    5    7 1.000000
    18    5    8 1.000000
    18    5    9 1.000000
    18    5   10 1.000000
    18    5   11 1.000000
    18    5   12 1.000000
    18    5   13 1.000000
    18    5   14 1.000000
    18    5   15 1.000000
    18    5   16 1.000000
    18    5   17 1.000000
    18    5   19 1.000000
    18    5   20 0.979167
    18    5   21 1.000000
    18    5   22 1.000000
    18    5   23 1.000000
    18    5   24 1.000000
    18    5   25 1.000000
    18    5   26 1.000000
    18    5   27 1.000000
    18    6    7 1.000000
    18    6    8 1.000000
    18    6    9 1.000000
    18    6   10 1.000000
    18    6   11 1.000000
    18    6   12 1.000000
    18    6   13 1.000000
    18    6   14 1.000000
    18    6   15 1.000000
    18    6   16 1.000000
    18    6   17 1.000000
    18    6   19 1.000000
    18    6   20 0.979167
    18    6   21 1.000000
    18    6   22 1.000000
    18    6   23 1.000000
    18    6   24 1.000000
    18    6   25 1.000000
    18    6   26 1.000000
    18    6   27 1.000000
    18    7    8 1.000000
    18    7    9 1.000000
    18    7   10 1.000000
    18    7   11 1.000000
    18    7   12 1.000000
    18    7   13 1.000000
    18    7   14 1.000000
    18    7   15 1.000000
    18    7   16 1.000000
    18    7   17 1.000000
    18    7   19 1.000000
    18    7   20 0.979167
    18    7   21 1.000000
    18    7   22 1.000000
    18    7   23 1.000000
    18    7   24 1.000000
    18    7   25 1.000000
    18    7   26 1.000000
    18    7   27 1.000000
    18    8    9 1.000000
    18    8   10 1.000000
    18    8   11 1.000000
    18    8   12 1.000000
    18    8   13 1.000000
    18    8   14 1.000000
    18    8   15 1.000000
    18    8   16 1.000000
    18    8   17 1.000000
    18    8   19 1.000000
    18    8   20 0.979167
    18    8   21 1.000000
    18    8   22 1.000000
    18    8   23 1.000000
    18    8   24 1.000000
    18    8   25 1.000000
    18    8   26 1.000000
    18    8   27 1.000000
    18    9   10 1.000000
    18    9   11 1.000000
    18    9   12 1.000000
    18    9   13 1.000000
    18    9   14 1.000000
    18    9   15 1.000000
    18    9   16 1.000000
    18    9   17 1.000000
    18    9   19 1.000000
    18    9   20 0.979167
    18    9   21 1.000000
    18    9   22 1.000000
    18    9   23 1.000000
    18    9   24 1.000000
    18    9   25 1.000000
    18    9   26 1.000000
    18    9   27 1.000000
    18   10   11 1.000000
    18   10   12 1.000000
    18   10   13 1.000000
    18   10   14 1.000000
    18   10   15 1.000000
    18   10   16 1.000000
    18   10   17 1.000000
    18   10   19 1.000000
    18   10   20 0.979167
    18   10   21 1.000000
    18   10   22 1.000000
    18   10   23 1.000000
    18   10   24 1.000000
    18   10   25 1.000000
    18   10   26 1.000000
    18   10   27 1.000000
    18   11   12 1.000000
    18   11   13 1.000000
    18   11   14 1.000000
    18   11   15 1.000000
    18   11   16 1.000000
    18   11   17 1.000000
    18   11   19 1.000000
    18   11   20 0.979167
    18   11   21 1.000000
    18   11   22 1.000000
    18   11   23 1.000000
    18   11   24 1.000000
    18   11   25 1.000000
    18   11   26 1.000000
    18   11   27 1.000000
    18   12   13 1.000000
    18   12   14 1.000000
    18   12   15 1.000000
    18   12   16 1.000000
    18   12   17 1.000000
    18   12   19 1.000000
    18   12   20 0.979167
    18   12   21 1.000000
    18   12   22 1.000000
    18   12   23 1.000000
    18   12   24 1.000000
    18   12   25 1.000000
    18   12   26 1.000000
    18   12   27 1.000000
    18   13   14 1.000000
    18   13   15 1.000000
    18   13   16 1.000000
    18   13   17 1.000000
    18   13   19 1.000000
    18   13   20 0.979167
    18   13   21 1.000000
    18   13   22 1.000000
    18   13   23 1.000000
    18   13   24 1.000000
    18   13   25 1.000000
    18   13   26 1.000000
    18   13   27 1.000000
    18   14   15 1.000000
    18   14   16 1.000000
    18   14   17 1.000000
    18   14   19 1.000000
    18   14   20 0.979167
    18   14   21 1.000000
    18   14   22 1.000000
    18   14   23 1.000000
    18   14   24 1.000000
    18   14   25 1.000000
    18   14   26 1.000000
    18   14   27 1.000000
    18   15   16 1.000000
    18   15   17 1.000000
    18   15   19 1.000000
    18   15   20 0.979167
    18   15   21 1.000000
    18   15   22 1.000000
    18   15   23 1.000000
    18   15   24 1.000000
    18   15   25 1.000000
    18   15   26 1.000000
    18   15   27 1.000000
    18   16   17 1.000000
    18   16   19 1.000000
    18   16   20 0.979167
    18   16   21 1.000000
    18   16   22 1.000000
    18   16   23 1.000000
    18   16   24 1.000000
    18   16   25 1.000000
    18   16   26 1.000000
    18   16   27 1.000000
    18   17   19 1.000000
    18   17   20 0.979167
    18   17   21 1.000000
    18   17   22 1.000000
    18   17   23 1.000000
    18   17   24 1.000000
    18   17   25 1.000000
    18   17   26 1.000000
    18   17   27 1.000000
    18   19   20 0.979167
    18   19   21 1.000000
    18   19   22 1.000000
    18   19   23 1.000000
    18   19   24 1.000000
    18   19   25 1.000000
    18   19   26 1.000000
    18   19   27 1.000000
    18   20   21 0.979167
    18   20   22 0.979167
    18   20   23 0.979167
    18   20   24 0.979167
    18   20   25 0.979167
    18   20   26 0.979167
    18   20   27 0.979167
    18   21   22 1.000000
    18   21   23 1.000000
    18   21   24 1.000000
    18   21   25 1.000000
    18   21   26 1.000000
    18   21   27 1.000000
    18   22   23 1.000000
    18   22   24 1.000000
    18   22   25 1.000000
    18   22   26 1.000000
    18   22   27 1.000000
    18   23   24 1.000000
    18   23   25 1.000000
    18   23   26 1.000000
    18   23   27 1.000000
    18   24   25 1.000000
    18   24   26 1.000000
    18   24   27 1.000000
    18   25   26 1.000000
    18   25   27 1.000000
    18   26   27 1.000000
    19    1    2 1.000000
    19    1    3 1.000000
    19    1    4 1.000000
    19    1    5 1.000000
    19    1    6 1.000000
    19    1    7 1.000000
    19    1    8 1.000000
    19    1    9 1.000000
    19    1   10 1.000000
    19    1   11 1.000000
    19    1   12 1.000000
    19    1   13 0.625000
    19    1   14 1.000000
    19    1   15 1.000000
    19    1   16 1.000000
    19    1   17 1.000000
    19    1   19 1.000000
    19    1   20 0.979167
    19    1   21 1.000000
    19    1   22 1.000000
    19    1   23 1.000000
    19    1   24 1.000000
    19    1   25 1.000000
    19    1   26 1.000000
    19    1   27 1.000000
    19    2    3 1.000000
    19    2    4 1.000000
    19    2    5 1.000000
    19    2    6 1.000000
    19    2    7 1.000000
    19    2    8 1.000000
    19    2    9 1.000000
    19    2   10 1.000000
    19    2   11 1.000000
    19    2   12 1.000000
    19    2   13 0.625000
    19    2   14 1.000000
    19    2   15 1.000000
    19    2   16 1.000000
    19    2   17 1.000000
    19    2   19 1.000000
    19    2   20 0.979167
    19    2   21 1.000000
    19    2   22 1.000000
    19    2   23 1.000000
    19    2   24 1.000000
    19    2   25 1.000000
    19    2   26 1.000000
    19    2   27 1.000000
    19    3    4 1.000000
    19    3    5 1.000000
    19    3    6 1.000000
    19    3    7 1.000000
    19    3    8 1.000000
    19    3    9 1.000000
    19    3   10 1.000000
    19    3   11 1.000000
    19    3   12 1.000000
    19    3   13 0.625000
    19    3   14 1.000000
    19    3   15 1.000000
    19    3   16 1.000000
    19    3   17 1.000000
    19    3   19 1.000000
    19    3   20 0.979167
    19    3   21 1.000000
    19    3   22 1.000000
    19    3   23 1.000000
    19    3   24 1.000000
    19    3   25 1.000000
    19    3   26 1.000000
    19    3   27 1.000000
    19    4    5 1.000000
    19    4    6 1.000000
    19    4    7 1.000000
    19    4    8 1.000000
    19    4    9 1.000000
    19    4   10 1.000000
    19    4   11 1.000000
    19    4   12 1.000000
    19    4   13 0.625000
    19    4   14 1.000000
    19    4   15 1.000000
    19    4   16 1.000000
    19    4   17 1.000000
    19    4   19 1.000000
    19    4   20 0.979167
    19    4   21 1.000000
    19    4   22 1.000000
    19    4   23 1.000000
    19    4   24 1.000000
    19    4   25 1.000000
    19    4   26 1.000000
    19    4   27 1.000000
    19    5    6 1.000000
    19    5    7 1.000000
    19    5    8 1.000000
    19    5    9 1.000000
    19    5   10 1.000000
    19    5   11 1.000000
    19    5   12 1.000000
    19    5   13 0.625000
    19    5   14 1.000000
    19    5   15 1.000000
    19    5   16 1.000000
    19    5   17 1.000000
    19    5   19 1.000000
    19    5   20 0.979167
    19    5   21 1.000000
    19    5   22 1.000000
    19    5   23 1.000000
    19    5   24 1.000000
    19    5   25 1.000000
    19    5   26 1.000000
    19    5   27 1.000000
    19    6    7 1.000000
    19    6    8 1.000000
    19    6    9 1.000000
    19    6   10 1.000000
    19    6   11 1.000000
    19    6   12 1.000000
    19    6   13 0.625000
    19    6   14 1.000000
    19    6   15 1.000000
    19    6   16 1.000000
    19    6   17 1.000000
    19    6   19 1.000000
    19    6   20 0.979167
    19    6   21 1.000000
    19    6   22 1.000000
    19    6   23 1.000000
    19    6   24 1.000000
    19    6   25 1.000000
    19    6   26 1.000000
    19    6   27 1.000000
    19    7    8 1.000000
    19    7    9 1.000000
    19    7   10 1.000000
    19    7   11 1.000000
    19    7   12 1.000000
    19    7   13 0.625000
    19    7   14 1.000000
    19    7   15 1.000000
    19    7   16 1.000000
    19    7   17 1.000000
    19    7   19 1.000000
    19    7   20 0.979167
    19    7   21 1.000000
    19    7   22 1.000000
    19    7   23 1.000000
    19    7   24 1.000000
    19    7   25 1.000000
    19    7   26 1.000000
    19    7   27 1.000000
    19    8    9 1.000000
    19    8   10 1.000000
    19    8   11 1.000000
    19    8   12 1.000000
    19    8   13 0.625000
    19    8   14 1.000000
    19    8   15 1.000000
    19    8   16 1.000000
    19    8   17 1.000000
    19    8   19 1.000000
    19    8   20 0.979167
    19    8   21 1.000000
    19    8   22 1.000000
    19    8   23 1.000000
    19    8   24 1.000000
    19    8   25 1.000000
    19    8   26 1.000000
    19    8   27 1.000000
    19    9   10 1.000000
    19    9   11 1.000000
    19    9   12 1.000000
    19    9   13 0.625000
    19    9   14 1.000000
    19    9   15 1.000000
    19    9   16 1.000000
    19    9   17 1.000000
    19    9   19 1.000000
    19    9   20 0.979167
    19    9   21 1.000000
    19    9   22 1.000000
    19    9   23 1.000000
    19    9   24 1.000000
    19    9   25 1.000000
    19    9   26 1.000000
    19    9   27 1.000000
    19   10   11 1.000000
    19   10   12 1.000000
    19   10   13 0.625000
    19   10   14 1.000000
    19   10   15 1.000000
    19   10   16 1.000000
    19   10   17 1.000000
    19   10   19 1.000000
    19   10   20 0.979167
    19   10   21 1.000000
    19   10   22 1.000000
    19   10   23 1.000000
    19   10   24 1.000000
    19   10   25 1.000000
    19   10   26 1.000000
    19   10   27 1.000000
    19   11   12 1.000000
    19   11   13 0.625000
    19   11   14 1.000000
    19   11   15 1.000000
    19   11   16 1.000000
    19   11   17 1.000000
    19   11   19 1.000000
    19   11   20 0.979167
    19   11   21 1.000000
    19   11   22 1.000000
    19   11   23 1.000000
    19   11   24 1.000000
    19   11   25 1.000000
    19   11   26 1.000000
    19   11   27 1.000000
    19   12   13 0.625000
    19   12   14 1.000000
    19   12   15 1.000000
    19   12   16 1.000000
    19   12   17 1.000000
    19   12   19 1.000000
    19   12   20 0.979167
    19   12   21 1.000000
    19   12   22 1.000000
    19   12   23 1.000000
    19   12   24 1.000000
    19   12   25 1.000000
    19   12   26 1.000000
    19   12   27 1.000000
    19   13   14 0.625000
    19   13   15 0.625000
    19   13   16 0.625000
    19   13   17 0.625000
    19   13   19 0.625000
    19   13   20 0.625000
    19   13   21 0.625000
    19   13   22 0.625000
    19   13   23 0.625000
    19   13   24 0.625000
    19   13   25 0.625000
    19   13   26 0.625000
    19   13   27 0.625000
    19   14   15 1.000000
    19   14   16 1.000000
    19   14   17 1.000000
    19   14   19 1.000000
    19   14   20 0.979167
    19   14   21 1.000000
    19   14   22 1.000000
    19   14   23 1.000000
    19   14   24 1.000000
    19   14   25 1.000000
    19   14   26 1.000000
    19   14   27 1.000000
    19   15   16 1.000000
    19   15   17 1.000000
    19   15   19 1.000000
    19   15   20 0.979167
    19   15   21 1.000000
    19   15   22 1.000000
    19   15   23 1.000000
    19   15   24 1.000000
    19   15   25 1.000000
    19   15   26 1.000000
    19   15   27 1.000000
    19   16   17 1.000000
    19   16   19 1.000000
    19   16   20 0.979167
    19   16   21 1.000000
    19   16   22 1.000000
    19   16   23 1.000000
    19   16   24 1.000000
    19   16   25 1.000000
    19   16   26 1.000000
    19   16   27 1.000000
    19   17   19 1.000000
    19   17   20 0.979167
    19   17   21 1.000000
    19   17   22 1.000000
    19   17   23 1.000000
    19   17   24 1.000000
    19   17   25 1.000000
    19   17   26 1.000000
    19   17   27 1.000000
    19   19   20 0.979167
    19   19   21 1.000000
    19   19   22 1.000000
    19   19   23 1.000000
    19   19   24 1.000000
    19   19   25 1.000000
    19   19   26 1.000000
    19   19   27 1.000000
    19   20   21 0.979167
    19   20   22 0.979167
    19   20   23 0.979167
    19   20   24 0.979167
    19   20   25 0.979167
    19   20   26 0.979167
    19   20   27 0.979167
    19   21   22 1.000000
    19   21   23 1.000000
    19   21   24 1.000000
    19   21   25 1.000000
    19   21   26 1.000000
    19   21   27 1.000000
    19   22   23 1.000000
    19   22   24 1.000000
    19   22   25 1.000000
    19   22   26 1.000000
    19   22   27 1.000000
    19   23   24 1.000000
    19   23   25 1.000000
    19   23   26 1.000000
    19   23   27 1.000000
    19   24   25 1.000000
    19   24   26 1.000000
    19   24   27 1.000000
    19   25   26 1.000000
    19   25   27 1.000000
    19   26   27 1.000000
    20    1    2 1.000000
    20    1    4 1.000000
    20    1    5 1.000000
    20    1    6 1.000000
    20    1    7 1.000000
    20    1    8 1.000000
    20    1    9 1.000000
    20    1   10 1.000000
    20    1   11 1.000000
    20    1   12 1.000000
    20    1   13 0.625000
    20    1   14 1.000000
    20    1   15 1.000000
    20    1   16 1.000000
    20    1   17 1.000000
    20    1   19 1.000000
    20    1   20 0.979167
    20    1   21 1.000000
    20    1   22 1.000000
    20    1   23 1.000000
    20    1   24 1.000000
    20    1   25 1.000000
    20    1   26 1.000000
    20    1   27 1.000000
    20    2    4 1.000000
    20    2    5 1.000000
    20    2    6 1.000000
    20    2    7 1.000000
    20    2    8 1.000000
    20    2    9 1.000000
    20    2   10 1.000000
    20    2   11 1.000000
    20    2   12 1.000000
    20    2   13 0.625000
    20    2   14 1.000000
    20    2   15 1.000000
    20    2   16 1.000000
    20    2   17 1.000000
    20    2   19 1.000000
    20    2   20 0.979167
    20    2   21 1.000000
    20    2   22 1.000000
    20    2   23 1.000000
    20    2   24 1.000000
    20    2   25 1.000000
    20    2   26 1.000000
    20    2   27 1.000000
    20    4    5 1.000000
    20    4    6 1.000000
    20    4    7 1.000000
    20    4    8 1.000000
    20    4    9 1.000000
    20    4   10 1.000000
    20    4   11 1.000000
    20    4   12 1.000000
    20    4   13 0.625000
    20    4   14 1.000000
    20    4   15 1.000000
    20    4   16 1.000000
    20    4   17 1.000000
    20    4   19 1.000000
    20    4   20 0.979167
    20    4   21 1.000000
    20    4   22 1.000000
    20    4   23 1.000000
    20    4   24 1.000000
    20    4   25 1.000000
    20    4   26 1.000000
    20    4   27 1.000000
    20    5    6 1.000000
    20    5    7 1.000000
    20    5    8 1.000000
    20    5    9 1.000000
    20    5   10 1.000000
    20    5   11 1.000000
    20    5   12 1.000000
    20    5   13 0.625000
    20    5   14 1.000000
    20    5   15 1.000000
    20    5   16 1.000000
    20    5   17 1.000000
    20    5   19 1.000000
    20    5   20 0.979167
    20    5   21 1.000000
    20    5   22 1.000000
    20    5   23 1.000000
    20    5   24 1.000000
    20    5   25 1.000000
    20    5   26 1.000000
    20    5   27 1.000000
    20    6    7 1.000000
    20    6    8 1.000000
    20    6    9 1.000000
    20    6   10 1.000000
    20    6   11 1.000000
    20    6   12 1.000000
    20    6   13 0.625000
    20    6   14 1.000000
    20    6   15 1.000000
    20    6   16 1.000000
    20    6   17 1.000000
    20    6   19 1.000000
    20    6   20 0.979167
    20    6   21 1.000000
    20    6   22 1.000000
    20    6   23 1.000000
    20    6   24 1.000000
    20    6   25 1.000000
    20    6   26 1.000000
    20    6   27 1.000000
    20    7    8 1.000000
    20    7    9 1.000000
    20    7   10 1.000000
    20    7   11 1.000000
    20    7   12 1.000000
    20    7   13 0.625000
    20    7   14 1.000000
    20    7   15 1.000000
    20    7   16 1.000000
    20    7   17 1.000000
    20    7   19 1.000000
    20    7   20 0.979167
    20    7   21 1.000000
    20    7   22 1.000000
    20    7   23 1.000000
    20    7   24 1.000000
    20    7   25 1.000000
    20    7   26 1.000000
    20    7   27 1.000000
    20    8    9 1.000000
    20    8   10 1.000000
    20    8   11 1.000000
    20    8   12 1.000000
    20    8   13 0.625000
    20    8   14 1.000000
    20    8   15 1.000000
    20    8   16 1.000000
    20    8   17 1.000000
    20    8   19 1.000000
    20    8   20 0.979167
    20    8   21 1.000000
    20    8   22 1.000000
    20    8   23 1.000000
    20    8   24 1.000000
    20    8   25 1.000000
    20    8   26 1.000000
    20    8   27 1.000000
    20    9   10 1.000000
    20    9   11 1.000000
    20    9   12 1.000000
    20    9   13 0.625000
    20    9   14 1.000000
    20    9   15 1.000000
    20    9   16 1.000000
    20    9   17 1.000000
    20    9   19 1.000000
    20    9   20 0.979167
    20    9   21 1.000000
    20    9   22 1.000000
    20    9   23 1.000000
    20    9   24 1.000000
    20    9   25 1.000000
    20    9   26 1.000000
    20    9   27 1.000000
    20   10   11 1.000000
    20   10   12 1.000000
    20   10   13 0.625000
    20   10   14 1.000000
    20   10   15 1.000000
    20   10   16 1.000000
    20   10   17 1.000000
    20   10   19 1.000000
    20   10   20 0.979167
    20   10   21 1.000000
    20   10   22 1.000000
    20   10   23 1.000000
    20   10   24 1.000000
    20   10   25 1.000000
    20   10   26 1.000000
    20   10   27 1.000000
    20   11   12 1.000000
    20   11   13 0.625000
    20   11   14 1.000000
    20   11   15 1.000000
    20   11   16 1.000000
    20   11   17 1.000000
    20   11   19 1.000000
    20   11   20 0.979167
    20   11   21 1.000000
    20   11   22 1.000000
    20   11   23 1.000000
    20   11   24 1.000000
    20   11   25 1.000000
    20   11   26 1.000000
    20   11   27 1.000000
    20   12   13 0.625000
    20   12   14 1.000000
    20   12   15 1.000000
    20   12   16 1.000000
    20   12   17 1.000000
    20   12   19 1.000000
    20   12   20 0.979167
    20   12   21 1.000000
    20   12   22 1.000000
    20   12   23 1.000000
    20   12   24 1.000000
    20   12   25 1.000000
    20   12   26 1.000000
    20   12   27 1.000000
    20   13   14 0.625000
    20   13   15 0.625000
    20   13   16 0.625000
    20   13   17 0.625000
    20   13   19 0.625000
    20   13   20 0.625000
    20   13   21 0.625000
    20   13   22 0.625000
    20   13   23 0.625000
    20   13   24 0.625000
    20   13   25 0.625000
    20   13   26 0.625000
    20   13   27 0.625000
    20   14   15 1.000000
    20   14   16 1.000000
    20   14   17 1.000000
    20   14   19 1.000000
    20   14   20 0.979167
    20   14   21 1.000000
    20   14   22 1.000000
    20   14   23 1.000000
    20   14   24 1.000000
    20   14   25 1.000000
    20   14   26 1.000000
    20   14   27 1.000000
    20   15   16 1.000000
    20   15   17 1.000000
    20   15   19 1.000000
    20   15   20 0.979167
    20   15   21 1.000000
    20   15   22 1.000000
    20   15   23 1.000000
    20   15   24 1.000000
    20   15   25 1.000000
    20   15   26 1.000000
    20   15   27 1.000000
    20   16   17 1.000000
    20   16   19 1.000000
    20   16   20 0.979167
    20   16   21 1.000000
    20   16   22 1.000000
    20   16   23 1.000000
    20   16   24 1.000000
    20   16   25 1.000000
    20   16   26 1.000000
    20   16   27 1.000000
    20   17   19 1.000000
    20   17   20 0.979167
    20   17   21 1.000000
    20   17   22 1.000000
    20   17   23 1.000000
    20   17   24 1.000000
    20   17   25 1.000000
    20   17   26 1.000000
    20   17   27 1.000000
    20   19   20 0.979167
    20   19   21 1.000000
    20   19   22 1.000000
    20   19   23 1.000000
    20   19   24 1.000000
    20   19   25 1.000000
    20   19   26 1.000000
    20   19   27 1.000000
    20   20   21 0.979167
    20   20   22 0.979167
    20   20   23 0.979167
    20   20   24 0.979167
    20   20   25 0.979167
    20   20   26 0.979167
    20   20   27 0.979167
    20   21   22 1.000000
    20   21   23 1.000000
    20   21   24 1.000000
    20   21   25 1.000000
    20   21   26 1.000000
    20   21   27 1.000000
    20   22   23 1.000000
    20   22   24 1.000000
    20   22   25 1.000000
    20   22   26 1.000000
    20   22   27 1.000000
    20   23   24 1.000000
    20   23   25 1.000000
    20   23   26 1.000000
    20   23   27 1.000000
    20   24   25 1.000000
    20   24   26 1.000000
    20   24   27 1.000000
    20   25   26 1.000000
    20   25   27 1.000000
    20   26   27 1.000000
    21    1    2 1.000000
    21    1    3 1.000000
    21    1    4 1.000000
    21    1    5 1.000000
    21    1    7 1.000000
    21    1    8 1.000000
    21    1    9 1.000000
    21    1   10 1.000000
    21    1   11 1.000000
    21    1   12 1.000000
    21    1   13 0.625000
    21    1   14 1.000000
    21    1   15 1.000000
    21    1   16 1.000000
    21    1   17 1.000000
    21    1   19 1.000000
    21    1   20 0.979167
    21    1   21 1.000000
    21    1   22 1.000000
    21    1   23 1.000000
    21    1   24 1.000000
    21    1   25 1.000000
    21    1   26 1.000000
    21    1   27 1.000000
    21    2    3 1.000000
    21    2    4 1.000000
    21    2    5 1.000000
    21    2    7 1.000000
    21    2    8 1.000000
    21    2    9 1.000000
    21    2   10 1.000000
    21    2   11 1.000000
    21    2   12 1.000000
    21    2   13 0.625000
    21    2   14 1.000000
    21    2   15 1.000000
    21    2   16 1.000000
    21    2   17 1.000000
    21    2   19 1.000000
    21    2   20 0.979167
    21    2   21 1.000000
    21    2   22 1.000000
    21    2   23 1.000000
    21    2   24 1.000000
    21    2   25 1.000000
    21    2   26 1.000000
    21    2   27 1.000000
    21    3    4 1.000000
    21    3    5 1.000000
    21    3    7 1.000000
    21    3    8 1.000000
    21    3    9 1.000000
    21    3   10 1.000000
    21    3   11 1.000000
    21    3   12 1.000000
    21    3   13 0.625000
    21    3   14 1.000000
    21    3   15 1.000000
    21    3   16 1.000000
    21    3   17 1.000000
    21    3   19 1.000000
    21    3   20 0.979167
    21    3   21 1.000000
    21    3   22 1.000000
    21    3   23 1.000000
    21    3   24 1.000000
    21    3   25 1.000000
    21    3   26 1.000000
    21    3   27 1.000000
    21    4    5 1.000000
    21    4    7 1.000000
    21    4    8 1.000000
    21    4    9 1.000000
    21    4   10 1.000000
    21    4   11 1.000000
    21    4   12 1.000000
    21    4   13 0.625000
    21    4   14 1.000000
    21    4   15 1.000000
    21    4   16 1.000000
    21    4   17 1.000000
    21    4   19 1.000000
    21    4   20 0.979167
    21    4   21 1.000000
    21    4   22 1.000000
    21    4   23 1.000000
    21    4   24 1.000000
    21    4   25 1.000000
    21    4   26 1.000000
    21    4   27 1.000000
    21    5    7 1.000000
    21    5    8 1.000000
    21    5    9 1.000000
    21    5   10 1.000000
    21    5   11 1.000000
    21    5   12 1.000000
    21    5   13 0.625000
    21    5   14 1.000000
    21    5   15 1.000000
    21    5   16 1.000000
    21    5   17 1.000000
    21    5   19 1.000000
    21    5   20 0.979167
    21    5   21 1.000000
    21    5   22 1.000000
    21    5   23 1.000000
    21    5   24 1.000000
    21    5   25 1.000000
    21    5   26 1.000000
    21    5   27 1.000000
    21    7    8 1.000000
    21    7    9 1.000000
    21    7   10 1.000000
    21    7   11 1.000000
    21    7   12 1.000000
    21    7   13 0.625000
    21    7   14 1.000000
    21    7   15 1.000000
    21    7   16 1.000000
    21    7   17 1.000000
    21    7   19 1.000000
    21    7   20 0.979167
    21    7   21 1.000000
    21    7   22 1.000000
    21    7   23 1.000000
    21    7   24 1.000000
    21    7   25 1.000000
    21    7   26 1.000000
    21    7   27 1.000000
    21    8    9 1.000000
    21    8   10 1.000000
    21    8   11 1.000000
    21    8   12 1.000000
    21    8   13 0.625000
    21    8   14 1.000000
    21    8   15 1.000000
    21    8   16 1.000000
    21    8   17 1.000000
    21    8   19 1.000000
    21    8   20 0.979167
    21    8   21 1.000000
    21    8   22 1.000000
    21    8   23 1.000000
    21    8   24 1.000000
    21    8   25 1.000000
    21    8   26 1.000000
    21    8   27 1.000000
    21    9   10 1.000000
    21    9   11 1.000000
    21    9   12 1.000000
    21    9   13 0.625000
    21    9   14 1.000000
    21    9   15 1.000000
    21    9   16 1.000000
    21    9   17 1.000000
    21    9   19 1.000000
    21    9   20 0.979167
    21    9   21 1.000000
    21    9   22 1.000000
    21    9   23 1.000000
    21    9   24 1.000000
    21    9   25 1.000000
    21    9   26 1.000000
    21    9   27 1.000000
    21   10   11 1.000000
    21   10   12 1.000000
    21   10   13 0.625000
    21   10   14 1.000000
    21   10   15 1.000000
    21   10   16 1.000000
    21   10   17 1.000000
    21   10   19 1.000000
    21   10   20 0.979167
    21   10   21 1.000000
    21   10   22 1.000000
    21   10   23 1.000000
    21   10   24 1.000000
    21   10   25 1.000000
    21   10   26 1.000000
    21   10   27 1.000000
    21   11   12 1.000000
    21   11   13 0.625000
    21   11   14 1.000000
    21   11   15 1.000000
    21   11   16 1.000000
    21   11   17 1.000000
    21   11   19 1.000000
    21   11   20 0.979167
    21   11   21 1.000000
    21   11   22 1.000000
    21   11   23 1.000000
    21   11   24 1.000000
    21   11   25 1.000000
    21   11   26 1.000000
    21   11   27 1.000000
    21   12   13 0.625000
    21   12   14 1.000000
    21   12   15 1.000000
    21   12   16 1.000000
    21   12   17 1.000000
    21   12   19 1.000000
    21   12   20 0.979167
    21   12   21 1.000000
    21   12   22 1.000000
    21   12   23 1.000000
    21   12   24 1.000000
    21   12   25 1.000000
    21   12   26 1.000000
    21   12   27 1.000000
    21   13   14 0.625000
    21   13   15 0.625000
    21   13   16 0.625000
    21   13   17 0.625000
    21   13   19 0.625000
    21   13   20 0.625000
    21   13   21 0.625000
    21   13   22 0.625000
    21   13   23 0.625000
    21   13   24 0.625000
    21   13   25 0.625000
    21   13   26 0.625000
    21   13   27 0.625000
    21   14   15 1.000000
    21   14   16 1.000000
    21   14   17 1.000000
    21   14   19 1.000000
    21   14   20 0.979167
    21   14   21 1.000000
    21   14   22 1.000000
    21   14   23 1.000000
    21   14   24 1.000000
    21   14   25 1.000000
    21   14   26 1.000000
    21   14   27 1.000000
    21   15   16 1.000000
    21   15   17 1.000000
    21   15   19 1.000000
    21   15   20 0.979167
    21   15   21 1.000000
    21   15   22 1.000000
    21   15   23 1.000000
    21   15   24 1.000000
    21   15   25 1.000000
    21   15   26 1.000000
    21   15   27 1.000000
    21   16   17 1.000000
    21   16   19 1.000000
    21   16   20 0.979167
    21   16   21 1.000000
    21   16   22 1.000000
    21   16   23 1.000000
    21   16   24 1.000000
    21   16   25 1.000000
    21   16   26 1.000000
    21   16   27 1.000000
    21   17   19 1.000000
    21   17   20 0.979167
    21   17   21 1.000000
    21   17   22 1.000000
    21   17   23 1.000000
    21   17   24 1.000000
    21   17   25 1.000000
    21   17   26 1.000000
    21   17   27 1.000000
    21   19   20 0.979167
    21   19   21 1.000000
    21   19   22 1.000000
    21   19   23 1.000000
    21   19   24 1.000000
    21   19   25 1.000000
    21   19   26 1.000000
    21   19   27 1.000000
    21   20   21 0.979167
    21   20   22 0.979167
    21   20   23 0.979167
    21   20   24 0.979167
    21   20   25 0.979167
    21   20   26 0.979167
    21   20   27 0.979167
    21   21   22 1.000000
    21   21   23 1.000000
    21   21   24 1.000000
    21   21   25 1.000000
    21   21   26 1.000000
    21   21   27 1.000000
    21   22   23 1.000000
    21   22   24 1.000000
    21   22   25 1.000000
    21   22   26 1.000000
    21   22   27 1.000000
    21   23   24 1.000000
    21   23   25 1.000000
    21   23   26 1.000000
    21   23   27 1.000000
    21   24   25 1.000000
    21   24   26 1.000000
    21   24   27 1.000000
    21   25   26 1.000000
    21   25   27 1.000000
    21   26   27 1.000000
    22    2    3 0.666667
    22    2    4 0.666667
    22    2    5 0.666667
    22    2    7 1.000000
    22    2    8 0.604167
    22    2    9 0.666667
    22    2   10 0.666667
    22    2   11 0.666667
    22    2   12 0.666667
    22    2   14 0.666667
    22    2   15 0.666667
    22    2   16 0.666667
    22    2   17 0.666667
    22    2   19 0.666667
    22    2   20 0.645833
    22    2   22 0.666667
    22    2   23 0.666667
    22    2   25 0.583333
    22    2   26 0.666667
    22    3    4 1.000000
    22    3    5 1.000000
    22    3    7 0.666667
    22    3    8 0.604167
    22    3    9 1.000000
    22    3   10 1.000000
    22    3   11 1.000000
    22    3   12 1.000000
    22    3   14 1.000000
    22    3   15 1.000000
    22    3   16 1.000000
    22    3   17 0.937500
    22    3   19 1.000000
    22    3   20 0.958333
    22    3   22 1.000000
    22    3   23 1.000000
    22    3   25 0.583333
    22    3   26 1.000000
    22    4    5 1.000000
    22    4    7 0.666667
    22    4    8 0.604167
    22    4    9 1.000000
    22    4   10 1.000000
    22    4   11 1.000000
    22    4   12 1.000000
    22    4   14 1.000000
    22    4   15 1.000000
    22    4   16 1.000000
    22    4   17 0.937500
    22    4   19 1.000000
    22    4   20 0.958333
    22    4   22 1.000000
    22    4   23 1.000000
    22    4   25 0.583333
    22    4   26 1.000000
    22    5    7 0.666667
    22    5    8 0.604167
    22    5    9 1.000000
    22    5   10 1.000000
    22    5   11 1.000000
    22    5   12 1.000000
    22    5   14 1.000000
    22    5   15 1.000000
    22    5   16 1.000000
    22    5   17 0.937500
    22    5   19 1.000000
    22    5   20 0.958333
    22    5   22 1.000000
    22    5   23 1.000000
    22    5   25 0.583333
    22    5   26 1.000000
    22    7    8 0.604167
    22    7    9 0.666667
    22    7   10 0.666667
    22    7   11 0.666667
    22    7   12 0.666667
    22    7   14 0.666667
    22    7   15 0.666667
    22    7   16 0.666667
    22    7   17 0.666667
    22    7   19 0.666667
    22    7   20 0.645833
    22    7   22 0.666667
    22    7   23 0.666667
    22    7   25 0.583333
    22    7   26 0.666667
    22    8    9 0.604167
    22    8   10 0.604167
    22    8   11 0.604167
    22    8   12 0.604167
    22    8   14 0.604167
    22    8   15 0.604167
    22    8   16 0.604167
    22    8   17 0.604167
    22    8   19 0.604167
    22    8   20 0.604167
    22    8   22 0.604167
    22    8   23 0.604167
    22    8   25 0.979167
    22    8   26 0.604167
    22    9   10 1.000000
    22    9   11 1.000000
    22    9   12 1.000000
    22    9   14 1.000000
    22    9   15 1.000000
    22    9   16 1.000000
    22    9   17 0.937500
    22    9   19 1.000000
    22    9   20 0.958333
    22    9   22 1.000000
    22    9   23 1.000000
    22    9   25 0.583333
    22    9   26 1.000000
    22   10   11 1.000000
    22   10   12 1.000000
    22   10   14 1.000000
    22   10   15 1.000000
    22   10   16 1.000000
    22   10   17 0.937500
    22   10   19 1.000000
    22   10   20 0.958333
    22   10   22 1.000000
    22   10   23 1.000000
    22   10   25 0.583333
    22   10   26 1.000000
    22   11   12 1.000000
    22   11   14 1.000000
    22   11   15 1.000000
    22   11   16 1.000000
    22   11   17 0.937500
    22   11   19 1.000000
    22   11   20 0.958333
    22   11   22 1.000000
    22   11   23 1.000000
    22   11   25 0.583333
    22   11   26 1.000000
    22   12   14 1.000000
    22   12   15 1.000000
    22   12   16 1.000000
    22   12   17 0.937500
    22   12   19 1.000000
    22   12   20 0.958333
    22   12   22 1.000000
    22   12   23 1.000000
    22   12   25 0.583333
    22   12   26 1.000000
    22   14   15 1.000000
    22   14   16 1.000000
    22   14   17 0.937500
    22   14   19 1.000000
    22   14   20 0.958333
    22   14   22 1.000000
    22   14   23 1.000000
    22   14   25 0.583333
    22   14   26 1.000000
    22   15   16 1.000000
    22   15   17 0.937500
    22   15   19 1.000000
    22   15   20 0.958333
    22   15   22 1.000000
    22   15   23 1.000000
    22   15   25 0.583333
    22   15   26 1.000000
    22   16   17 0.937500
    22   16   19 1.000000
    22   16   20 0.958333
    22   16   22 1.000000
    22   16   23 1.000000
    22   16   25 0.583333
    22   16   26 1.000000
    22   17   19 0.937500
    22   17   20 0.895833
    22   17   22 0.937500
    22   17   23 0.937500
    22   17   25 0.583333
    22   17   26 0.937500
    22   19   20 0.958333
    22   19   22 1.000000
    22   19   23 1.000000
    22   19   25 0.583333
    22   19   26 1.000000
    22   20   22 0.958333
    22   20   23 0.958333
    22   20   25 0.583333
    22   20   26 0.958333
    22   22   23 1.000000
    22   22   25 0.583333
    22   22   26 1.000000
    22   23   25 0.583333
    22   23   26 1.000000
    22   25   26 0.583333
    23    2   17 0.145833
    24    2    7 1.000000
    24    2   17 0.145833
    24    7   17 0.145833
    25    2    7 1.000000
    25    2   10 0.489583
    25    2   17 0.145833
    25    2   26 0.489583
    25    7   10 0.489583
    25    7   17 0.145833
    25    7   26 0.489583
    25   10   17 0.447917
    25   10   26 1.000000
    25   17   26 0.447917
    26    2    7 1.000000
    26    2   17 0.145833
    26    2   26 0.489583
    26    7   17 0.145833
    26    7   26 0.489583
    26   17   26 0.447917
    27    2    7 1.000000
    27    2   17 0.145833
    27    2   26 0.187500
    27    7   17 0.145833
    27    7   26 0.187500
    27   17   26 0.447917
    28    6   17 0.250000
    28    6   18 0.479167
    28    6   20 0.479167
    28    6   22 0.416667
    28    6   23 0.458333
    28    6   26 0.229167
    28   17   18 0.250000
    28   17   20 0.666667
    28   17   22 0.562500
    28   17   23 0.645833
    28   17   26 0.447917
    28   18   20 0.500000
    28   18   22 0.416667
    28   18   23 0.458333
    28   18   26 0.229167
    28   20   22 0.833333
    28   20   23 0.916667
    28   20   26 0.260417
    28   22   23 0.916667
    28   22   26 0.218750
    28   23   26 0.218750
    29    6   17 0.666667
    29    6   18 0.958333
    29    6   20 0.958333
    29    6   22 0.833333
    29    6   23 0.916667
    29    6   26 0.260417
    29   17   18 0.666667
    29   17   20 0.666667
    29   17   22 0.562500
    29   17   23 0.645833
    29   17   26 0.447917
    29   18   20 1.000000
    29   18   22 0.833333
    29   18   23 0.916667
    29   18   26 0.260417
    29   20   22 0.833333
    29   20   23 0.916667
    29   20   26 0.260417
    29   22   23 0.916667
    29   22   26 0.218750
    29   23   26 0.218750
    30    3    4 1.000000
    30    3    5 1.000000
    30    3    6 0.645833
    30    3    8 0.104167
    30    3    9 0.916667
    30    3   14 0.916667
    30    3   17 0.750000
    30    3   18 0.604167
    30    3   19 0.958333
    30    3   20 0.604167
    30    3   21 0.187500
    30    3   22 0.500000
    30    3   23 0.583333
    30    3   24 0.187500
    30    3   26 0.385417
    30    3   27 0.145833
    30    4    5 1.000000
    30    4    6 0.645833
    30    4    8 0.104167
    30    4    9 0.916667
    30    4   14 0.916667
    30    4   17 0.750000
    30    4   18 0.604167
    30    4   19 0.958333
    30    4   20 0.604167
    30    4   21 0.187500
    30    4   22 0.500000
    30    4   23 0.583333
    30    4   24 0.187500
    30    4   26 0.385417
    30    4   27 0.145833
    30    5    6 0.645833
    30    5    8 0.104167
    30    5    9 0.916667
    30    5   14 0.916667
    30    5   17 0.750000
    30    5   18 0.604167
    30    5   19 0.958333
    30    5   20 0.604167
    30    5   21 0.187500
    30    5   22 0.500000
    30    5   23 0.583333
    30    5   24 0.187500
    30    5   26 0.385417
    30    5   27 0.145833
    30    6    8 0.104167
    30    6    9 0.604167
    30    6   14 0.687500
    30    6   17 0.708333
    30    6   18 0.958333
    30    6   19 0.666667
    30    6   20 0.958333
    30    6   21 0.416667
    30    6   22 0.854167
    30    6   23 0.937500
    30    6   24 0.416667
    30    6   26 0.281250
    30    6   27 0.375000
    30    8    9 0.145833
    30    8   14 0.104167
    30    8   17 0.104167
    30    8   18 0.104167
    30    8   19 0.104167
    30    8   20 0.104167
    30    8   21 0.041667
    30    8   22 0.062500
    30    8   23 0.104167
    30    8   24 0.041667
    30    8   26 0.104167
    30    8   27 0.020833
    30    9   14 0.833333
    30    9   17 0.666667
    30    9   18 0.562500
    30    9   19 0.875000
    30    9   20 0.562500
    30    9   21 0.187500
    30    9   22 0.458333
    30    9   23 0.541667
    30    9   24 0.187500
    30    9   26 0.343750
    30    9   27 0.145833
    30   14   17 0.833333
    30   14   18 0.645833
    30   14   19 0.958333
    30   14   20 0.645833
    30   14   21 0.187500
    30   14   22 0.541667
    30   14   23 0.625000
    30   14   24 0.187500
    30   14   26 0.427083
    30   14   27 0.145833
    30   17   18 0.666667
    30   17   19 0.791667
    30   17   20 0.666667
    30   17   21 0.187500
    30   17   22 0.562500
    30   17   23 0.645833
    30   17   24 0.187500
    30   17   26 0.447917
    30   17   27 0.145833
    30   18   19 0.625000
    30   18   20 1.000000
    30   18   21 0.416667
    30   18   22 0.833333
    30   18   23 0.916667
    30   18   24 0.416667
    30   18   26 0.260417
    30   18   27 0.375000
    30   19   20 0.625000
    30   19   21 0.187500
    30   19   22 0.520833
    30   19   23 0.604167
    30   19   24 0.187500
    30   19   26 0.406250
    30   19   27 0.145833
    30   20   21 0.416667
    30   20   22 0.833333
    30   20   23 0.916667
    30   20   24 0.416667
    30   20   26 0.260417
    30   20   27 0.375000
    30   21   22 0.458333
    30   21   23 0.479167
    30   21   24 1.000000
    30   21   26 0.114583
    30   21   27 0.958333
    30   22   23 0.916667
    30   22   24 0.458333
    30   22   26 0.218750
    30   22   27 0.437500
    30   23   24 0.479167
    30   23   26 0.218750
    30   23   27 0.437500
    30   24   26 0.114583
    30   24   27 0.958333
    30   26   27 0.093750
    31    4    5 1.000000
    31    4    6 0.770833
    31    4    8 0.104167
    31    4   11 0.875000
    31    4   12 0.875000
    31    4   14 0.875000
    31    4   15 0.875000
    31    4   16 0.875000
    31    4   17 0.812500
    31    4   18 0.729167
    31    4   19 0.979167
    31    4   20 0.729167
    31    4   21 0.708333
    31    4   22 0.625000
    31    4   23 0.708333
    31    4   24 0.708333
    31    4   25 0.708333
    31    4   26 0.385417
    31    4   27 0.583333
    31    5    6 0.770833
    31    5    8 0.104167
    31    5   11 0.875000
    31    5   12 0.875000
    31    5   14 0.875000
    31    5   15 0.875000
    31    5   16 0.875000
    31    5   17 0.812500
    31    5   18 0.729167
    31    5   19 0.979167
    31    5   20 0.729167
    31    5   21 0.708333
    31    5   22 0.625000
    31    5   23 0.708333
    31    5   24 0.708333
    31    5   25 0.708333
    31    5   26 0.385417
    31    5   27 0.583333
    31    6    8 0.104167
    31    6   11 0.770833
    31    6   12 0.770833
    31    6   14 0.687500
    31    6   15 0.770833
    31    6   16 0.770833
    31    6   17 0.708333
    31    6   18 0.958333
    31    6   19 0.770833
    31    6   20 0.958333
    31    6   21 0.937500
    31    6   22 0.854167
    31    6   23 0.937500
    31    6   24 0.937500
    31    6   25 0.937500
    31    6   26 0.281250
    31    6   27 0.812500
    31    8   11 0.104167
    31    8   12 0.104167
    31    8   14 0.104167
    31    8   15 0.104167
    31    8   16 0.104167
    31    8   17 0.104167
    31    8   18 0.104167
    31    8   19 0.104167
    31    8   20 0.104167
    31    8   21 0.104167
    31    8   22 0.062500
    31    8   23 0.104167
    31    8   24 0.104167
    31    8   25 0.104167
    31    8   26 0.104167
    31    8   27 0.041667
    31   11   12 1.000000
    31   11   14 0.833333
    31   11   15 1.000000
    31   11   16 1.000000
    31   11   17 0.875000
    31   11   18 0.729167
    31   11   19 0.895833
    31   11   20 0.729167
    31   11   21 0.708333
    31   11   22 0.625000
    31   11   23 0.708333
    31   11   24 0.708333
    31   11   25 0.708333
    31   11   26 0.447917
    31   11   27 0.583333
    31   12   14 0.833333
    31   12   15 1.000000
    31   12   16 1.000000
    31   12   17 0.875000
    31   12   18 0.729167
    31   12   19 0.895833
    31   12   20 0.729167
    31   12   21 0.708333
    31   12   22 0.625000
    31   12   23 0.708333
    31   12   24 0.708333
    31   12   25 0.708333
    31   12   26 0.447917
    31   12   27 0.583333
    31   14   15 0.833333
    31   14   16 0.833333
    31   14   17 0.833333
    31   14   18 0.645833
    31   14   19 0.895833
    31   14   20 0.645833
    31   14   21 0.625000
    31   14   22 0.541667
    31   14   23 0.625000
    31   14   24 0.625000
    31   14   25 0.625000
    31   14   26 0.427083
    31   14   27 0.500000
    31   15   16 1.000000
    31   15   17 0.875000
    31   15   18 0.729167
    31   15   19 0.895833
    31   15   20 0.729167
    31   15   21 0.708333
    31   15   22 0.625000
    31   15   23 0.708333
    31   15   24 0.708333
    31   15   25 0.708333
    31   15   26 0.447917
    31   15   27 0.583333
    31   16   17 0.875000
    31   16   18 0.729167
    31   16   19 0.895833
    31   16   20 0.729167
    31   16   21 0.708333
    31   16   22 0.625000
    31   16   23 0.708333
    31   16   24 0.708333
    31   16   25 0.708333
    31   16   26 0.447917
    31   16   27 0.583333
    31   17   18 0.666667
    31   17   19 0.833333
    31   17   20 0.666667
    31   17   21 0.645833
    31   17   22 0.562500
    31   17   23 0.645833
    31   17   24 0.645833
    31   17   25 0.645833
    31   17   26 0.447917
    31   17   27 0.520833
    31   18   19 0.729167
    31   18   20 1.000000
    31   18   21 0.916667
    31   18   22 0.833333
    31   18   23 0.916667
    31   18   24 0.916667
    31   18   25 0.916667
    31   18   26 0.260417
    31   18   27 0.791667
    31   19   20 0.729167
    31   19   21 0.708333
    31   19   22 0.625000
    31   19   23 0.708333
    31   19   24 0.708333
    31   19   25 0.708333
    31   19   26 0.406250
    31   19   27 0.583333
    31   20   21 0.916667
    31   20   22 0.833333
    31   20   23 0.916667
    31   20   24 0.916667
    31   20   25 0.916667
    31   20   26 0.260417
    31   20   27 0.791667
    31   21   22 0.916667
    31   21   23 1.000000
    31   21   24 1.000000
    31   21   25 1.000000
    31   21   26 0.218750
    31   21   27 0.875000
    31   22   23 0.916667
    31   22   24 0.916667
    31   22   25 0.916667
    31   22   26 0.218750
    31   22   27 0.916667
    31   23   24 1.000000
    31   23   25 1.000000
    31   23   26 0.218750
    31   23   27 0.875000
    31   24   25 1.000000
    31   24   26 0.218750
    31   24   27 0.875000
    31   25   26 0.218750
    31   25   27 0.875000
    31   26   27 0.218750
    32    1    3 0.979167
    32    1    4 0.979167
    32    1    5 0.979167
    32    1    6 0.979167
    32    1    8 0.104167
    32    1    9 0.979167
    32    1   10 0.968750
    32    1   11 0.979167
    32    1   12 0.979167
    32    1   14 0.812500
    32    1   15 0.979167
    32    1   16 0.979167
    32    1   17 0.854167
    32    1   18 0.937500
    32    1   19 0.875000
    32    1   20 0.937500
    32    1   21 0.979167
    32    1   22 0.895833
    32    1   23 0.979167
    32    1   24 0.979167
    32    1   25 0.979167
    32    1   26 0.510417
    32    1   27 0.854167
    32    3    4 1.000000
    32    3    5 1.000000
    32    3    6 1.000000
    32    3    8 0.104167
    32    3    9 1.000000
    32    3   10 0.989583
    32    3   11 1.000000
    32    3   12 1.000000
    32    3   14 0.833333
    32    3   15 1.000000
    32    3   16 1.000000
    32    3   17 0.875000
    32    3   18 0.958333
    32    3   19 0.895833
    32    3   20 0.958333
    32    3   21 1.000000
    32    3   22 0.916667
    32    3   23 1.000000
    32    3   24 1.000000
    32    3   25 1.000000
    32    3   26 0.510417
    32    3   27 0.875000
    32    4    5 1.000000
    32    4    6 1.000000
    32    4    8 0.104167
    32    4    9 1.000000
    32    4   10 0.989583
    32    4   11 1.000000
    32    4   12 1.000000
    32    4   14 0.833333
    32    4   15 1.000000
    32    4   16 1.000000
    32    4   17 0.875000
    32    4   18 0.958333
    32    4   19 0.895833
    32    4   20 0.958333
    32    4   21 1.000000
    32    4   22 0.916667
    32    4   23 1.000000
    32    4   24 1.000000
    32    4   25 1.000000
    32    4   26 0.510417
    32    4   27 0.875000
    32    5    6 1.000000
    32    5    8 0.104167
    32    5    9 1.000000
    32    5   10 0.989583
    32    5   11 1.000000
    32    5   12 1.000000
    32    5   14 0.833333
    32    5   15 1.000000
    32    5   16 1.000000
    32    5   17 0.875000
    32    5   18 0.958333
    32    5   19 0.895833
    32    5   20 0.958333
    32    5   21 1.000000
    32    5   22 0.916667
    32    5   23 1.000000
    32    5   24 1.000000
    32    5   25 1.000000
    32    5   26 0.510417
    32    5   27 0.875000
    32    6    8 0.104167
    32    6    9 1.000000
    32    6   10 0.989583
    32    6   11 1.000000
    32    6   12 1.000000
    32    6   14 0.833333
    32    6   15 1.000000
    32    6   16 1.000000
    32    6   17 0.875000
    32    6   18 0.958333
    32    6   19 0.895833
    32    6   20 0.958333
    32    6   21 1.000000
    32    6   22 0.916667
    32    6   23 1.000000
    32    6   24 1.000000
    32    6   25 1.000000
    32    6   26 0.510417
    32    6   27 0.875000
    32    8    9 0.104167
    32    8   10 0.104167
    32    8   11 0.104167
    32    8   12 0.104167
    32    8   14 0.104167
    32    8   15 0.104167
    32    8   16 0.104167
    32    8   17 0.104167
    32    8   18 0.104167
    32    8   19 0.104167
    32    8   20 0.104167
    32    8   21 0.104167
    32    8   22 0.062500
    32    8   23 0.104167
    32    8   24 0.104167
    32    8   25 0.104167
    32    8   26 0.104167
    32    8   27 0.041667
    32    9   10 0.989583
    32    9   11 1.000000
    32    9   12 1.000000
    32    9   14 0.833333
    32    9   15 1.000000
    32    9   16 1.000000
    32    9   17 0.875000
    32    9   18 0.958333
    32    9   19 0.895833
    32    9   20 0.958333
    32    9   21 1.000000
    32    9   22 0.916667
    32    9   23 1.000000
    32    9   24 1.000000
    32    9   25 1.000000
    32    9   26 0.510417
    32    9   27 0.875000
    32   10   11 0.989583
    32   10   12 0.989583
    32   10   14 0.822917
    32   10   15 0.989583
    32   10   16 0.989583
    32   10   17 0.864583
    32   10   18 0.947917
    32   10   19 0.885417
    32   10   20 0.947917
    32   10   21 0.989583
    32   10   22 0.906250
    32   10   23 0.989583
    32   10   24 0.989583
    32   10   25 0.989583
    32   10   26 0.500000
    32   10   27 0.864583
    32   11   12 1.000000
    32   11   14 0.833333
    32   11   15 1.000000
    32   11   16 1.000000
    32   11   17 0.875000
    32   11   18 0.958333
    32   11   19 0.895833
    32   11   20 0.958333
    32   11   21 1.000000
    32   11   22 0.916667
    32   11   23 1.000000
    32   11   24 1.000000
    32   11   25 1.000000
    32   11   26 0.510417
    32   11   27 0.875000
    32   12   14 0.833333
    32   12   15 1.000000
    32   12   16 1.000000
    32   12   17 0.875000
    32   12   18 0.958333
    32   12   19 0.895833
    32   12   20 0.958333
    32   12   21 1.000000
    32   12   22 0.916667
    32   12   23 1.000000
    32   12   24 1.000000
    32   12   25 1.000000
    32   12   26 0.510417
    32   12   27 0.875000
    32   14   15 0.833333
    32   14   16 0.833333
    32   14   17 0.833333
    32   14   18 0.791667
    32   14   19 0.895833
    32   14   20 0.791667
    32   14   21 0.833333
    32   14   22 0.750000
    32   14   23 0.833333
    32   14   24 0.833333
    32   14   25 0.833333
    32   14   26 0.427083
    32   14   27 0.708333
    32   15   16 1.000000
    32   15   17 0.875000
    32   15   18 0.958333
    32   15   19 0.895833
    32   15   20 0.958333
    32   15   21 1.000000
    32   15   22 0.916667
    32   15   23 1.000000
    32   15   24 1.000000
    32   15   25 1.000000
    32   15   26 0.510417
    32   15   27 0.875000
    32   16   17 0.875000
    32   16   18 0.958333
    32   16   19 0.895833
    32   16   20 0.958333
    32   16   21 1.000000
    32   16   22 0.916667
    32   16   23 1.000000
    32   16   24 1.000000
    32   16   25 1.000000
    32   16   26 0.510417
    32   16   27 0.875000
    32   17   18 0.833333
    32   17   19 0.833333
    32   17   20 0.833333
    32   17   21 0.875000
    32   17   22 0.791667
    32   17   23 0.875000
    32   17   24 0.875000
    32   17   25 0.875000
    32   17   26 0.447917
    32   17   27 0.750000
    32   18   19 0.854167
    32   18   20 1.000000
    32   18   21 0.958333
    32   18   22 0.875000
    32   18   23 0.958333
    32   18   24 0.958333
    32   18   25 0.958333
    32   18   26 0.489583
    32   18   27 0.833333
    32   19   20 0.854167
    32   19   21 0.895833
    32   19   22 0.812500
    32   19   23 0.895833
    32   19   24 0.895833
    32   19   25 0.895833
    32   19   26 0.406250
    32   19   27 0.770833
    32   20   21 0.958333
    32   20   22 0.875000
    32   20   23 0.958333
    32   20   24 0.958333
    32   20   25 0.958333
    32   20   26 0.489583
    32   20   27 0.833333
    32   21   22 0.916667
    32   21   23 1.000000
    32   21   24 1.000000
    32   21   25 1.000000
    32   21   26 0.510417
    32   21   27 0.875000
    32   22   23 0.916667
    32   22   24 0.916667
    32   22   25 0.916667
    32   22   26 0.510417
    32   22   27 0.916667
    32   23   24 1.000000
    32   23   25 1.000000
    32   23   26 0.510417
    32   23   27 0.875000
    32   24   25 1.000000
    32   24   26 0.510417
    32   24   27 0.875000
    32   25   26 0.510417
    32   25   27 0.875000
    32   26   27 0.510417
    33    1    3 1.000000
    33    1    4 1.000000
    33    1    5 1.000000
    33    1    6 1.000000
    33    1    9 1.000000
    33    1   10 0.812500
    33    1   11 1.000000
    33    1   12 1.000000
    33    1   14 0.916667
    33    1   15 1.000000
    33    1   16 1.000000
    33    1   17 0.875000
    33    1   18 0.958333
    33    1   19 0.895833
    33    1   20 0.958333
    33    1   21 1.000000
    33    1   22 0.916667
    33    1   23 1.000000
    33    1   24 1.000000
    33    1   25 1.000000
    33    1   26 0.812500
    33    1   27 0.875000
    33    3    4 1.000000
    33    3    5 1.000000
    33    3    6 1.000000
    33    3    9 1.000000
    33    3   10 0.812500
    33    3   11 1.000000
    33    3   12 1.000000
    33    3   14 0.916667
    33    3   15 1.000000
    33    3   16 1.000000
    33    3   17 0.875000
    33    3   18 0.958333
    33    3   19 0.895833
    33    3   20 0.958333
    33    3   21 1.000000
    33    3   22 0.916667
    33    3   23 1.000000
    33    3   24 1.000000
    33    3   25 1.000000
    33    3   26 0.812500
    33    3   27 0.875000
    33    4    5 1.000000
    33    4    6 1.000000
    33    4    9 1.000000
    33    4   10 0.812500
    33    4   11 1.000000
    33    4   12 1.000000
    33    4   14 0.916667
    33    4   15 1.000000
    33    4   16 1.000000
    33    4   17 0.875000
    33    4   18 0.958333
    33    4   19 0.895833
    33    4   20 0.958333
    33    4   21 1.000000
    33    4   22 0.916667
    33    4   23 1.000000
    33    4   24 1.000000
    33    4   25 1.000000
    33    4   26 0.812500
    33    4   27 0.875000
    33    5    6 1.000000
    33    5    9 1.000000
    33    5   10 0.812500
    33    5   11 1.000000
    33    5   12 1.000000
    33    5   14 0.916667
    33    5   15 1.000000
    33    5   16 1.000000
    33    5   17 0.875000
    33    5   18 0.958333
    33    5   19 0.895833
    33    5   20 0.958333
    33    5   21 1.000000
    33    5   22 0.916667
    33    5   23 1.000000
    33    5   24 1.000000
    33    5   25 1.000000
    33    5   26 0.812500
    33    5   27 0.875000
    33    6    9 1.000000
    33    6   10 0.812500
    33    6   11 1.000000
    33    6   12 1.000000
    33    6   14 0.916667
    33    6   15 1.000000
    33    6   16 1.000000
    33    6   17 0.875000
    33    6   18 0.958333
    33    6   19 0.895833
    33    6   20 0.958333
    33    6   21 1.000000
    33    6   22 0.916667
    33    6   23 1.000000
    33    6   24 1.000000
    33    6   25 1.000000
    33    6   26 0.812500
    33    6   27 0.875000
    33    9   10 0.812500
    33    9   11 1.000000
    33    9   12 1.000000
    33    9   14 0.916667
    33    9   15 1.000000
    33    9   16 1.000000
    33    9   17 0.875000
    33    9   18 0.958333
    33    9   19 0.895833
    33    9   20 0.958333
    33    9   21 1.000000
    33    9   22 0.916667
    33    9   23 1.000000
    33    9   24 1.000000
    33    9   25 1.000000
    33    9   26 0.812500
    33    9   27 0.875000
    33   10   11 0.812500
    33   10   12 0.812500
    33   10   14 0.729167
    33   10   15 0.812500
    33   10   16 0.812500
    33   10   17 0.687500
    33   10   18 0.770833
    33   10   19 0.708333
    33   10   20 0.770833
    33   10   21 0.812500
    33   10   22 0.812500
    33   10   23 0.812500
    33   10   24 0.812500
    33   10   25 0.812500
    33   10   26 1.000000
    33   10   27 0.812500
    33   11   12 1.000000
    33   11   14 0.916667
    33   11   15 1.000000
    33   11   16 1.000000
    33   11   17 0.875000
    33   11   18 0.958333
    33   11   19 0.895833
    33   11   20 0.958333
    33   11   21 1.000000
    33   11   22 0.916667
    33   11   23 1.000000
    33   11   24 1.000000
    33   11   25 1.000000
    33   11   26 0.812500
    33   11   27 0.875000
    33   12   14 0.916667
    33   12   15 1.000000
    33   12   16 1.000000
    33   12   17 0.875000
    33   12   18 0.958333
    33   12   19 0.895833
    33   12   20 0.958333
    33   12   21 1.000000
    33   12   22 0.916667
    33   12   23 1.000000
    33   12   24 1.000000
    33   12   25 1.000000
    33   12   26 0.812500
    33   12   27 0.875000
    33   14   15 0.916667
    33   14   16 0.916667
    33   14   17 0.854167
    33   14   18 0.875000
    33   14   19 0.979167
    33   14   20 0.875000
    33   14   21 0.916667
    33   14   22 0.833333
    33   14   23 0.916667
    33   14   24 0.916667
    33   14   25 0.916667
    33   14   26 0.729167
    33   14   27 0.791667
    33   15   16 1.000000
    33   15   17 0.875000
    33   15   18 0.958333
    33   15   19 0.895833
    33   15   20 0.958333
    33   15   21 1.000000
    33   15   22 0.916667
    33   15   23 1.000000
    33   15   24 1.000000
    33   15   25 1.000000
    33   15   26 0.812500
    33   15   27 0.875000
    33   16   17 0.875000
    33   16   18 0.958333
    33   16   19 0.895833
    33   16   20 0.958333
    33   16   21 1.000000
    33   16   22 0.916667
    33   16   23 1.000000
    33   16   24 1.000000
    33   16   25 1.000000
    33   16   26 0.812500
    33   16   27 0.875000
    33   17   18 0.833333
    33   17   19 0.833333
    33   17   20 0.833333
    33   17   21 0.875000
    33   17   22 0.791667
    33   17   23 0.875000
    33   17   24 0.875000
    33   17   25 0.875000
    33   17   26 0.687500
    33   17   27 0.750000
    33   18   19 0.854167
    33   18   20 1.000000
    33   18   21 0.958333
    33   18   22 0.875000
    33   18   23 0.958333
    33   18   24 0.958333
    33   18   25 0.958333
    33   18   26 0.770833
    33   18   27 0.833333
    33   19   20 0.854167
    33   19   21 0.895833
    33   19   22 0.812500
    33   19   23 0.895833
    33   19   24 0.895833
    33   19   25 0.895833
    33   19   26 0.708333
    33   19   27 0.770833
    33   20   21 0.958333
    33   20   22 0.875000
    33   20   23 0.958333
    33   20   24 0.958333
    33   20   25 0.958333
    33   20   26 0.770833
    33   20   27 0.833333
    33   21   22 0.916667
    33   21   23 1.000000
    33   21   24 1.000000
    33   21   25 1.000000
    33   21   26 0.812500
    33   21   27 0.875000
    33   22   23 0.916667
    33   22   24 0.916667
    33   22   25 0.916667
    33   22   26 0.812500
    33   22   27 0.916667
    33   23   24 1.000000
    33   23   25 1.000000
    33   23   26 0.812500
    33   23   27 0.875000
    33   24   25 1.000000
    33   24   26 0.812500
    33   24   27 0.875000
    33   25   26 0.812500
    33   25   27 0.875000
    33   26   27 0.812500
    44    1    2 1.000000
    44    1    3 1.000000
    44    1    4 1.000000
    44    1    5 1.000000
    44    1    6 1.000000
    44    1    7 1.000000
    44    1    8 1.000000
    44    1    9 1.000000
    44    1   10 1.000000
    44    1   11 1.000000
    44    1   12 1.000000
    44    1   13 1.000000
    44    1   14 1.000000
    44    1   15 1.000000
    44    1   16 1.000000
    44    1   17 1.000000
    44    1   18 1.000000
    44    1   19 1.000000
    44    1   20 1.000000
    44    1   21 1.000000
    44    1   22 1.000000
    44    1   23 1.000000
    44    1   24 1.000000
    44    1   25 1.000000
    44    1   26 1.000000
    44    1   27 1.000000
    44    2    3 1.000000
    44    2    4 1.000000
    44    2    5 1.000000
    44    2    6 1.000000
    44    2    7 1.000000
    44    2    8 1.000000
    44    2    9 1.000000
    44    2   10 1.000000
    44    2   11 1.000000
    44    2   12 1.000000
    44    2   13 1.000000
    44    2   14 1.000000
    44    2   15 1.000000
    44    2   16 1.000000
    44    2   17 1.000000
    44    2   18 1.000000
    44    2   19 1.000000
    44    2   20 1.000000
    44    2   21 1.000000
    44    2   22 1.000000
    44    2   23 1.000000
    44    2   24 1.000000
    44    2   25 1.000000
    44    2   26 1.000000
    44    2   27 1.000000
    44    3    4 1.000000
    44    3    5 1.000000
    44    3    6 1.000000
    44    3    7 1.000000
    44    3    8 1.000000
    44    3    9 1.000000
    44    3   10 1.000000
    44    3   11 1.000000
    44    3   12 1.000000
    44    3   13 1.000000
    44    3   14 1.000000
    44    3   15 1.000000
    44    3   16 1.000000
    44    3   17 1.000000
    44    3   18 1.000000
    44    3   19 1.000000
    44    3   20 1.000000
    44    3   21 1.000000
    44    3   22 1.000000
    44    3   23 1.000000
    44    3   24 1.000000
    44    3   25 1.000000
    44    3   26 1.000000
    44    3   27 1.000000
    44    4    5 1.000000
    44    4    6 1.000000
    44    4    7 1.000000
    44    4    8 1.000000
    44    4    9 1.000000
    44    4   10 1.000000
    44    4   11 1.000000
    44    4   12 1.000000
    44    4   13 1.000000
    44    4   14 1.000000
    44    4   15 1.000000
    44    4   16 1.000000
    44    4   17 1.000000
    44    4   18 1.000000
    44    4   19 1.000000
    44    4   20 1.000000
    44    4   21 1.000000
    44    4   22 1.000000
    44    4   23 1.000000
    44    4   24 1.000000
    44    4   25 1.000000
    44    4   26 1.000000
    44    4   27 1.000000
    44    5    6 1.000000
    44    5    7 1.000000
    44    5    8 1.000000
    44    5    9 1.000000
    44    5   10 1.000000
    44    5   11 1.000000
    44    5   12 1.000000
    44    5   13 1.000000
    44    5   14 1.000000
    44    5   15 1.000000
    44    5   16 1.000000
    44    5   17 1.000000
    44    5   18 1.000000
    44    5   19 1.000000
    44    5   20 1.000000
    44    5   21 1.000000
    44    5   22 1.000000
    44    5   23 1.000000
    44    5   24 1.000000
    44    5   25 1.000000
    44    5   26 1.000000
    44    5   27 1.000000
    44    6    7 1.000000
    44    6    8 1.000000
    44    6    9 1.000000
    44    6   10 1.000000
    44    6   11 1.000000
    44    6   12 1.000000
    44    6   13 1.000000
    44    6   14 1.000000
    44    6   15 1.000000
    44    6   16 1.000000
    44    6   17 1.000000
    44    6   18 1.000000
    44    6   19 1.000000
    44    6   20 1.000000
    44    6   21 1.000000
    44    6   22 1.000000
    44    6   23 1.000000
    44    6   24 1.000000
    44    6   25 1.000000
    44    6   26 1.000000
    44    6   27 1.000000
    44    7    8 1.000000
    44    7    9 1.000000
    44    7   10 1.000000
    44    7   11 1.000000
    44    7   12 1.000000
    44    7   13 1.000000
    44    7   14 1.000000
    44    7   15 1.000000
    44    7   16 1.000000
    44    7   17 1.000000
    44    7   18 1.000000
    44    7   19 1.000000
    44    7   20 1.000000
    44    7   21 1.000000
    44    7   22 1.000000
    44    7   23 1.000000
    44    7   24 1.000000
    44    7   25 1.000000
    44    7   26 1.000000
    44    7   27 1.000000
    44    8    9 1.000000
    44    8   10 1.000000
    44    8   11 1.000000
    44    8   12 1.000000
    44    8   13 1.000000
    44    8   14 1.000000
    44    8   15 1.000000
    44    8   16 1.000000
    44    8   17 1.000000
    44    8   18 1.000000
    44    8   19 1.000000
    44    8   20 1.000000
    44    8   21 1.000000
    44    8   22 1.000000
    44    8   23 1.000000
    44    8   24 1.000000
    44    8   25 1.000000
    44    8   26 1.000000
    44    8   27 1.000000
    44    9   10 1.000000
    44    9   11 1.000000
    44    9   12 1.000000
    44    9   13 1.000000
    44    9   14 1.000000
    44    9   15 1.000000
    44    9   16 1.000000
    44    9   17 1.000000
    44    9   18 1.000000
    44    9   19 1.000000
    44    9   20 1.000000
    44    9   21 1.000000
    44    9   22 1.000000
    44    9   23 1.000000
    44    9   24 1.000000
    44    9   25 1.000000
    44    9   26 1.000000
    44    9   27 1.000000
    44   10   11 1.000000
    44   10   12 1.000000
    44   10   13 1.000000
    44   10   14 1.000000
    44   10   15 1.000000
    44   10   16 1.000000
    44   10   17 1.000000
    44   10   18 1.000000
    44   10   19 1.000000
    44   10   20 1.000000
    44   10   21 1.000000
    44   10   22 1.000000
    44   10   23 1.000000
    44   10   24 1.000000
    44   10   25 1.000000
    44   10   26 1.000000
    44   10   27 1.000000
    44   11   12 1.000000
    44   11   13 1.000000
    44   11   14 1.000000
    44   11   15 1.000000
    44   11   16 1.000000
    44   11   17 1.000000
    44   11   18 1.000000
    44   11   19 1.000000
    44   11   20 1.000000
    44   11   21 1.000000
    44   11   22 1.000000
    44   11   23 1.000000
    44   11   24 1.000000
    44   11   25 1.000000
    44   11   26 1.000000
    44   11   27 1.000000
    44   12   13 1.000000
    44   12   14 1.000000
    44   12   15 1.000000
    44   12   16 1.000000
    44   12   17 1.000000
    44   12   18 1.000000
    44   12   19 1.000000
    44   12   20 1.000000
    44   12   21 1.000000
    44   12   22 1.000000
    44   12   23 1.000000
    44   12   24 1.000000
    44   12   25 1.000000
    44   12   26 1.000000
    44   12   27 1.000000
    44   13   14 1.000000
    44   13   15 1.000000
    44   13   16 1.000000
    44   13   17 1.000000
    44   13   18 1.000000
    44   13   19 1.000000
    44   13   20 1.000000
    44   13   21 1.000000
    44   13   22 1.000000
    44   13   23 1.000000
    44   13   24 1.000000
    44   13   25 1.000000
    44   13   26 1.000000
    44   13   27 1.000000
    44   14   15 1.000000
    44   14   16 1.000000
    44   14   17 1.000000
    44   14   18 1.000000
    44   14   19 1.000000
    44   14   20 1.000000
    44   14   21 1.000000
    44   14   22 1.000000
    44   14   23 1.000000
    44   14   24 1.000000
    44   14   25 1.000000
    44   14   26 1.000000
    44   14   27 1.000000
    44   15   16 1.000000
    44   15   17 1.000000
    44   15   18 1.000000
    44   15   19 1.000000
    44   15   20 1.000000
    44   15   21 1.000000
    44   15   22 1.000000
    44   15   23 1.000000
    44   15   24 1.000000
    44   15   25 1.000000
    44   15   26 1.000000
    44   15   27 1.000000
    44   16   17 1.000000
    44   16   18 1.000000
    44   16   19 1.000000
    44   16   20 1.000000
    44   16   21 1.000000
    44   16   22 1.000000
    44   16   23 1.000000
    44   16   24 1.000000
    44   16   25 1.000000
    44   16   26 1.000000
    44   16   27 1.000000
    44   17   18 1.000000
    44   17   19 1.000000
    44   17   20 1.000000
    44   17   21 1.000000
    44   17   22 1.000000
    44   17   23 1.000000
    44   17   24 1.000000
    44   17   25 1.000000
    44   17   26 1.000000
    44   17   27 1.000000
    44   18   19 1.000000
    44   18   20 1.000000
    44   18   21 1.000000
    44   18   22 1.000000
    44   18   23 1.000000
    44   18   24 1.000000
    44   18   25 1.000000
    44   18   26 1.000000
    44   18   27 1.000000
    44   19   20 1.000000
    44   19   21 1.000000
    44   19   22 1.000000
    44   19   23 1.000000
    44   19   24 1.000000
    44   19   25 1.000000
    44   19   26 1.000000
    44   19   27 1.000000
    44   20   21 1.000000
    44   20   22 1.000000
    44   20   23 1.000000
    44   20   24 1.000000
    44   20   25 1.000000
    44   20   26 1.000000
    44   20   27 1.000000
    44   21   22 1.000000
    44   21   23 1.000000
    44   21   24 1.000000
    44   21   25 1.000000
    44   21   26 1.000000
    44   21   27 1.000000
    44   22   23 1.000000
    44   22   24 1.000000
    44   22   25 1.000000
    44   22   26 1.000000
    44   22   27 1.000000
    44   23   24 1.000000
    44   23   25 1.000000
    44   23   26 1.000000
    44   23   27 1.000000
    44   24   25 1.000000
    44   24   26 1.000000
    44   24   27 1.000000
    44   25   26 1.000000
    44   25   27 1.000000
    44   26   27 1.000000
    45    1    2 1.000000
    45    1    3 1.000000
    45    1    4 1.000000
    45    1    5 1.000000
    45    1    6 1.000000
    45    1    7 1.000000
    45    1    8 1.000000
    45    1    9 1.000000
    45    1   10 1.000000
    45    1   11 1.000000
    45    1   12 1.000000
    45    1   13 1.000000
    45    1   14 1.000000
    45    1   15 1.000000
    45    1   16 1.000000
    45    1   17 1.000000
    45    1   18 1.000000
    45    1   19 1.000000
    45    1   20 1.000000
    45    1   21 1.000000
    45    1   22 1.000000
    45    1   23 1.000000
    45    1   24 1.000000
    45    1   25 1.000000
    45    1   26 1.000000
    45    1   27 1.000000
    45    2    3 1.000000
    45    2    4 1.000000
    45    2    5 1.000000
    45    2    6 1.000000
    45    2    7 1.000000
    45    2    8 1.000000
    45    2    9 1.000000
    45    2   10 1.000000
    45    2   11 1.000000
    45    2   12 1.000000
    45    2   13 1.000000
    45    2   14 1.000000
    45    2   15 1.000000
    45    2   16 1.000000
    45    2   17 1.000000
    45    2   18 1.000000
    45    2   19 1.000000
    45    2   20 1.000000
    45    2   21 1.000000
    45    2   22 1.000000
    45    2   23 1.000000
    45    2   24 1.000000
    45    2   25 1.000000
    45    2   26 1.000000
    45    2   27 1.000000
    45    3    4 1.000000
    45    3    5 1.000000
    45    3    6 1.000000
    45    3    7 1.000000
    45    3    8 1.000000
    45    3    9 1.000000
    45    3   10 1.000000
    45    3   11 1.000000
    45    3   12 1.000000
    45    3   13 1.000000
    45    3   14 1.000000
    45    3   15 1.000000
    45    3   16 1.000000
    45    3   17 1.000000
    45    3   18 1.000000
    45    3   19 1.000000
    45    3   20 1.000000
    45    3   21 1.000000
    45    3   22 1.000000
    45    3   23 1.000000
    45    3   24 1.000000
    45    3   25 1.000000
    45    3   26 1.000000
    45    3   27 1.000000
    45    4    5 1.000000
    45    4    6 1.000000
    45    4    7 1.000000
    45    4    8 1.000000
    45    4    9 1.000000
    45    4   10 1.000000
    45    4   11 1.000000
    45    4   12 1.000000
    45    4   13 1.000000
    45    4   14 1.000000
    45    4   15 1.000000
    45    4   16 1.000000
    45    4   17 1.000000
    45    4   18 1.000000
    45    4   19 1.000000
    45    4   20 1.000000
    45    4   21 1.000000
    45    4   22 1.000000
    45    4   23 1.000000
    45    4   24 1.000000
    45    4   25 1.000000
    45    4   26 1.000000
    45    4   27 1.000000
    45    5    6 1.000000
    45    5    7 1.000000
    45    5    8 1.000000
    45    5    9 1.000000
    45    5   10 1.000000
    45    5   11 1.000000
    45    5   12 1.000000
    45    5   13 1.000000
    45    5   14 1.000000
    45    5   15 1.000000
    45    5   16 1.000000
    45    5   17 1.000000
    45    5   18 1.000000
    45    5   19 1.000000
    45    5   20 1.000000
    45    5   21 1.000000
    45    5   22 1.000000
    45    5   23 1.000000
    45    5   24 1.000000
    45    5   25 1.000000
    45    5   26 1.000000
    45    5   27 1.000000
    45    6    7 1.000000
    45    6    8 1.000000
    45    6    9 1.000000
    45    6   10 1.000000
    45    6   11 1.000000
    45    6   12 1.000000
    45    6   13 1.000000
    45    6   14 1.000000
    45    6   15 1.000000
    45    6   16 1.000000
    45    6   17 1.000000
    45    6   18 1.000000
    45    6   19 1.000000
    45    6   20 1.000000
    45    6   21 1.000000
    45    6   22 1.000000
    45    6   23 1.000000
    45    6   24 1.000000
    45    6   25 1.000000
    45    6   26 1.000000
    45    6   27 1.000000
    45    7    8 1.000000
    45    7    9 1.000000
    45    7   10 1.000000
    45    7   11 1.000000
    45    7   12 1.000000
    45    7   13 1.000000
    45    7   14 1.000000
    45    7   15 1.000000
    45    7   16 1.000000
    45    7   17 1.000000
    45    7   18 1.000000
    45    7   19 1.000000
    45    7   20 1.000000
    45    7   21 1.000000
    45    7   22 1.000000
    45    7   23 1.000000
    45    7   24 1.000000
    45    7   25 1.000000
    45    7   26 1.000000
    45    7   27 1.000000
    45    8    9 1.000000
    45    8   10 1.000000
    45    8   11 1.000000
    45    8   12 1.000000
    45    8   13 1.000000
    45    8   14 1.000000
    45    8   15 1.000000
    45    8   16 1.000000
    45    8   17 1.000000
    45    8   18 1.000000
    45    8   19 1.000000
    45    8   20 1.000000
    45    8   21 1.000000
    45    8   22 1.000000
    45    8   23 1.000000
    45    8   24 1.000000
    45    8   25 1.000000
    45    8   26 1.000000
    45    8   27 1.000000
    45    9   10 1.000000
    45    9   11 1.000000
    45    9   12 1.000000
    45    9   13 1.000000
    45    9   14 1.000000
    45    9   15 1.000000
    45    9   16 1.000000
    45    9   17 1.000000
    45    9   18 1.000000
    45    9   19 1.000000
    45    9   20 1.000000
    45    9   21 1.000000
    45    9   22 1.000000
    45    9   23 1.000000
    45    9   24 1.000000
    45    9   25 1.000000
    45    9   26 1.000000
    45    9   27 1.000000
    45   10   11 1.000000
    45   10   12 1.000000
    45   10   13 1.000000
    45   10   14 1.000000
    45   10   15 1.000000
    45   10   16 1.000000
    45   10   17 1.000000
    45   10   18 1.000000
    45   10   19 1.000000
    45   10   20 1.000000
    45   10   21 1.000000
    45   10   22 1.000000
    45   10   23 1.000000
    45   10   24 1.000000
    45   10   25 1.000000
    45   10   26 1.000000
    45   10   27 1.000000
    45   11   12 1.000000
    45   11   13 1.000000
    45   11   14 1.000000
    45   11   15 1.000000
    45   11   16 1.000000
    45   11   17 1.000000
    45   11   18 1.000000
    45   11   19 1.000000
    45   11   20 1.000000
    45   11   21 1.000000
    45   11   22 1.000000
    45   11   23 1.000000
    45   11   24 1.000000
    45   11   25 1.000000
    45   11   26 1.000000
    45   11   27 1.000000
    45   12   13 1.000000
    45   12   14 1.000000
    45   12   15 1.000000
    45   12   16 1.000000
    45   12   17 1.000000
    45   12   18 1.000000
    45   12   19 1.000000
    45   12   20 1.000000
    45   12   21 1.000000
    45   12   22 1.000000
    45   12   23 1.000000
    45   12   24 1.000000
    45   12   25 1.000000
    45   12   26 1.000000
    45   12   27 1.000000
    45   13   14 1.000000
    45   13   15 1.000000
    45   13   16 1.000000
    45   13   17 1.000000
    45   13   18 1.000000
    45   13   19 1.000000
    45   13   20 1.000000
    45   13   21 1.000000
    45   13   22 1.000000
    45   13   23 1.000000
    45   13   24 1.000000
    45   13   25 1.000000
    45   13   26 1.000000
    45   13   27 1.000000
    45   14   15 1.000000
    45   14   16 1.000000
    45   14   17 1.000000
    45   14   18 1.000000
    45   14   19 1.000000
    45   14   20 1.000000
    45   14   21 1.000000
    45   14   22 1.000000
    45   14   23 1.000000
    45   14   24 1.000000
    45   14   25 1.000000
    45   14   26 1.000000
    45   14   27 1.000000
    45   15   16 1.000000
    45   15   17 1.000000
    45   15   18 1.000000
    45   15   19 1.000000
    45   15   20 1.000000
    45   15   21 1.000000
    45   15   22 1.000000
    45   15   23 1.000000
    45   15   24 1.000000
    45   15   25 1.000000
    45   15   26 1.000000
    45   15   27 1.000000
    45   16   17 1.000000
    45   16   18 1.000000
    45   16   19 1.000000
    45   16   20 1.000000
    45   16   21 1.000000
    45   16   22 1.000000
    45   16   23 1.000000
    45   16   24 1.000000
    45   16   25 1.000000
    45   16   26 1.000000
    45   16   27 1.000000
    45   17   18 1.000000
    45   17   19 1.000000
    45   17   20 1.000000
    45   17   21 1.000000
    45   17   22 1.000000
    45   17   23 1.000000
    45   17   24 1.000000
    45   17   25 1.000000
    45   17   26 1.000000
    45   17   27 1.000000
    45   18   19 1.000000
    45   18   20 1.000000
    45   18   21 1.000000
    45   18   22 1.000000
    45   18   23 1.000000
    45   18   24 1.000000
    45   18   25 1.000000
    45   18   26 1.000000
    45   18   27 1.000000
    45   19   20 1.000000
    45   19   21 1.000000
    45   19   22 1.000000
    45   19   23 1.000000
    45   19   24 1.000000
    45   19   25 1.000000
    45   19   26 1.000000
    45   19   27 1.000000
    45   20   21 1.000000
    45   20   22 1.000000
    45   20   23 1.000000
    45   20   24 1.000000
    45   20   25 1.000000
    45   20   26 1.000000
    45   20   27 1.000000
    45   21   22 1.000000
    45   21   23 1.000000
    45   21   24 1.000000
    45   21   25 1.000000
    45   21   26 1.000000
    45   21   27 1.000000
    45   22   23 1.000000
    45   22   24 1.000000
    45   22   25 1.000000
    45   22   26 1.000000
    45   22   27 1.000000
    45   23   24 1.000000
    45   23   25 1.000000
    45   23   26 1.000000
    45   23   27 1.000000
    45   24   25 1.000000
    45   24   26 1.000000
    45   24   27 1.000000
    45   25   26 1.000000
    45   25   27 1.000000
    45   26   27 1.000000
    46    1    2 1.000000
    46    1    3 1.000000
    46    1    4 1.000000
    46    1    5 1.000000
    46    1    6 1.000000
    46    1    7 1.000000
    46    1    8 1.000000
    46    1    9 1.000000
    46    1   10 1.000000
    46    1   11 1.000000
    46    1   12 1.000000
    46    1   13 1.000000
    46    1   14 1.000000
    46    1   15 1.000000
    46    1   16 1.000000
    46    1   17 1.000000
    46    1   18 1.000000
    46    1   19 1.000000
    46    1   20 1.000000
    46    1   21 1.000000
    46    1   22 1.000000
    46    1   23 1.000000
    46    1   24 1.000000
    46    1   25 1.000000
    46    1   26 1.000000
    46    1   27 1.000000
    46    2    3 1.000000
    46    2    4 1.000000
    46    2    5 1.000000
    46    2    6 1.000000
    46    2    7 1.000000
    46    2    8 1.000000
    46    2    9 1.000000
    46    2   10 1.000000
    46    2   11 1.000000
    46    2   12 1.000000
    46    2   13 1.000000
    46    2   14 1.000000
    46    2   15 1.000000
    46    2   16 1.000000
    46    2   17 1.000000
    46    2   18 1.000000
    46    2   19 1.000000
    46    2   20 1.000000
    46    2   21 1.000000
    46    2   22 1.000000
    46    2   23 1.000000
    46    2   24 1.000000
    46    2   25 1.000000
    46    2   26 1.000000
    46    2   27 1.000000
    46    3    4 1.000000
    46    3    5 1.000000
    46    3    6 1.000000
    46    3    7 1.000000
    46    3    8 1.000000
    46    3    9 1.000000
    46    3   10 1.000000
    46    3   11 1.000000
    46    3   12 1.000000
    46    3   13 1.000000
    46    3   14 1.000000
    46    3   15 1.000000
    46    3   16 1.000000
    46    3   17 1.000000
    46    3   18 1.000000
    46    3   19 1.000000
    46    3   20 1.000000
    46    3   21 1.000000
    46    3   22 1.000000
    46    3   23 1.000000
    46    3   24 1.000000
    46    3   25 1.000000
    46    3   26 1.000000
    46    3   27 1.000000
    46    4    5 1.000000
    46    4    6 1.000000
    46    4    7 1.000000
    46    4    8 1.000000
    46    4    9 1.000000
    46    4   10 1.000000
    46    4   11 1.000000
    46    4   12 1.000000
    46    4   13 1.000000
    46    4   14 1.000000
    46    4   15 1.000000
    46    4   16 1.000000
    46    4   17 1.000000
    46    4   18 1.000000
    46    4   19 1.000000
    46    4   20 1.000000
    46    4   21 1.000000
    46    4   22 1.000000
    46    4   23 1.000000
    46    4   24 1.000000
    46    4   25 1.000000
    46    4   26 1.000000
    46    4   27 1.000000
    46    5    6 1.000000
    46    5    7 1.000000
    46    5    8 1.000000
    46    5    9 1.000000
    46    5   10 1.000000
    46    5   11 1.000000
    46    5   12 1.000000
    46    5   13 1.000000
    46    5   14 1.000000
    46    5   15 1.000000
    46    5   16 1.000000
    46    5   17 1.000000
    46    5   18 1.000000
    46    5   19 1.000000
    46    5   20 1.000000
    46    5   21 1.000000
    46    5   22 1.000000
    46    5   23 1.000000
    46    5   24 1.000000
    46    5   25 1.000000
    46    5   26 1.000000
    46    5   27 1.000000
    46    6    7 1.000000
    46    6    8 1.000000
    46    6    9 1.000000
    46    6   10 1.000000
    46    6   11 1.000000
    46    6   12 1.000000
    46    6   13 1.000000
    46    6   14 1.000000
    46    6   15 1.000000
    46    6   16 1.000000
    46    6   17 1.000000
    46    6   18 1.000000
    46    6   19 1.000000
    46    6   20 1.000000
    46    6   21 1.000000
    46    6   22 1.000000
    46    6   23 1.000000
    46    6   24 1.000000
    46    6   25 1.000000
    46    6   26 1.000000
    46    6   27 1.000000
    46    7    8 1.000000
    46    7    9 1.000000
    46    7   10 1.000000
    46    7   11 1.000000
    46    7   12 1.000000
    46    7   13 1.000000
    46    7   14 1.000000
    46    7   15 1.000000
    46    7   16 1.000000
    46    7   17 1.000000
    46    7   18 1.000000
    46    7   19 1.000000
    46    7   20 1.000000
    46    7   21 1.000000
    46    7   22 1.000000
    46    7   23 1.000000
    46    7   24 1.000000
    46    7   25 1.000000
    46    7   26 1.000000
    46    7   27 1.000000
    46    8    9 1.000000
    46    8   10 1.000000
    46    8   11 1.000000
    46    8   12 1.000000
    46    8   13 1.000000
    46    8   14 1.000000
    46    8   15 1.000000
    46    8   16 1.000000
    46    8   17 1.000000
    46    8   18 1.000000
    46    8   19 1.000000
    46    8   20 1.000000
    46    8   21 1.000000
    46    8   22 1.000000
    46    8   23 1.000000
    46    8   24 1.000000
    46    8   25 1.000000
    46    8   26 1.000000
    46    8   27 1.000000
    46    9   10 1.000000
    46    9   11 1.000000
    46    9   12 1.000000
    46    9   13 1.000000
    46    9   14 1.000000
    46    9   15 1.000000
    46    9   16 1.000000
    46    9   17 1.000000
    46    9   18 1.000000
    46    9   19 1.000000
    46    9   20 1.000000
    46    9   21 1.000000
    46    9   22 1.000000
    46    9   23 1.000000
    46    9   24 1.000000
    46    9   25 1.000000
    46    9   26 1.000000
    46    9   27 1.000000
    46   10   11 1.000000
    46   10   12 1.000000
    46   10   13 1.000000
    46   10   14 1.000000
    46   10   15 1.000000
    46   10   16 1.000000
    46   10   17 1.000000
    46   10   18 1.000000
    46   10   19 1.000000
    46   10   20 1.000000
    46   10   21 1.000000
    46   10   22 1.000000
    46   10   23 1.000000
    46   10   24 1.000000
    46   10   25 1.000000
    46   10   26 1.000000
    46   10   27 1.000000
    46   11   12 1.000000
    46   11   13 1.000000
    46   11   14 1.000000
    46   11   15 1.000000
    46   11   16 1.000000
    46   11   17 1.000000
    46   11   18 1.000000
    46   11   19 1.000000
    46   11   20 1.000000
    46   11   21 1.000000
    46   11   22 1.000000
    46   11   23 1.000000
    46   11   24 1.000000
    46   11   25 1.000000
    46   11   26 1.000000
    46   11   27 1.000000
    46   12   13 1.000000
    46   12   14 1.000000
    46   12   15 1.000000
    46   12   16 1.000000
    46   12   17 1.000000
    46   12   18 1.000000
    46   12   19 1.000000
    46   12   20 1.000000
    46   12   21 1.000000
    46   12   22 1.000000
    46   12   23 1.000000
    46   12   24 1.000000
    46   12   25 1.000000
    46   12   26 1.000000
    46   12   27 1.000000
    46   13   14 1.000000
    46   13   15 1.000000
    46   13   16 1.000000
    46   13   17 1.000000
    46   13   18 1.000000
    46   13   19 1.000000
    46   13   20 1.000000
    46   13   21 1.000000
    46   13   22 1.000000
    46   13   23 1.000000
    46   13   24 1.000000
    46   13   25 1.000000
    46   13   26 1.000000
    46   13   27 1.000000
    46   14   15 1.000000
    46   14   16 1.000000
    46   14   17 1.000000
    46   14   18 1.000000
    46   14   19 1.000000
    46   14   20 1.000000
    46   14   21 1.000000
    46   14   22 1.000000
    46   14   23 1.000000
    46   14   24 1.000000
    46   14   25 1.000000
    46   14   26 1.000000
    46   14   27 1.000000
    46   15   16 1.000000
    46   15   17 1.000000
    46   15   18 1.000000
    46   15   19 1.000000
    46   15   20 1.000000
    46   15   21 1.000000
    46   15   22 1.000000
    46   15   23 1.000000
    46   15   24 1.000000
    46   15   25 1.000000
    46   15   26 1.000000
    46   15   27 1.000000
    46   16   17 1.000000
    46   16   18 1.000000
    46   16   19 1.000000
    46   16   20 1.000000
    46   16   21 1.000000
    46   16   22 1.000000
    46   16   23 1.000000
    46   16   24 1.000000
    46   16   25 1.000000
    46   16   26 1.000000
    46   16   27 1.000000
    46   17   18 1.000000
    46   17   19 1.000000
    46   17   20 1.000000
    46   17   21 1.000000
    46   17   22 1.000000
    46   17   23 1.000000
    46   17   24 1.000000
    46   17   25 1.000000
    46   17   26 1.000000
    46   17   27 1.000000
    46   18   19 1.000000
    46   18   20 1.000000
    46   18   21 1.000000
    46   18   22 1.000000
    46   18   23 1.000000
    46   18   24 1.000000
    46   18   25 1.000000
    46   18   26 1.000000
    46   18   27 1.000000
    46   19   20 1.000000
    46   19   21 1.000000
    46   19   22 1.000000
    46   19   23 1.000000
    46   19   24 1.000000
    46   19   25 1.000000
    46   19   26 1.000000
    46   19   27 1.000000
    46   20   21 1.000000
    46   20   22 1.000000
    46   20   23 1.000000
    46   20   24 1.000000
    46   20   25 1.000000
    46   20   26 1.000000
    46   20   27 1.000000
    46   21   22 1.000000
    46   21   23 1.000000
    46   21   24 1.000000
    46   21   25 1.000000
    46   21   26 1.000000
    46   21   27 1.000000
    46   22   23 1.000000
    46   22   24 1.000000
    46   22   25 1.000000
    46   22   26 1.000000
    46   22   27 1.000000
    46   23   24 1.000000
    46   23   25 1.000000
    46   23   26 1.000000
    46   23   27 1.000000
    46   24   25 1.000000
    46   24   26 1.000000
    46   24   27 1.000000
    46   25   26 1.000000
    46   25   27 1.000000
    46   26   27 1.000000
    47    1    2 1.000000
    47    1    3 1.000000
    47    1    4 1.000000
    47    1    5 1.000000
    47    1    6 1.000000
    47    1    7 1.000000
    47    1    8 1.000000
    47    1    9 1.000000
    47    1   10 1.000000
    47    1   11 1.000000
    47    1   12 1.000000
    47    1   13 1.000000
    47    1   14 1.000000
    47    1   15 1.000000
    47    1   16 1.000000
    47    1   17 1.000000
    47    1   18 1.000000
    47    1   19 1.000000
    47    1   20 1.000000
    47    1   21 1.000000
    47    1   22 1.000000
    47    1   23 1.000000
    47    1   24 1.000000
    47    1   25 1.000000
    47    1   26 1.000000
    47    1   27 1.000000
    47    2    3 1.000000
    47    2    4 1.000000
    47    2    5 1.000000
    47    2    6 1.000000
    47    2    7 1.000000
    47    2    8 1.000000
    47    2    9 1.000000
    47    2   10 1.000000
    47    2   11 1.000000
    47    2   12 1.000000
    47    2   13 1.000000
    47    2   14 1.000000
    47    2   15 1.000000
    47    2   16 1.000000
    47    2   17 1.000000
    47    2   18 1.000000
    47    2   19 1.000000
    47    2   20 1.000000
    47    2   21 1.000000
    47    2   22 1.000000
    47    2   23 1.000000
    47    2   24 1.000000
    47    2   25 1.000000
    47    2   26 1.000000
    47    2   27 1.000000
    47    3    4 1.000000
    47    3    5 1.000000
    47    3    6 1.000000
    47    3    7 1.000000
    47    3    8 1.000000
    47    3    9 1.000000
    47    3   10 1.000000
    47    3   11 1.000000
    47    3   12 1.000000
    47    3   13 1.000000
    47    3   14 1.000000
    47    3   15 1.000000
    47    3   16 1.000000
    47    3   17 1.000000
    47    3   18 1.000000
    47    3   19 1.000000
    47    3   20 1.000000
    47    3   21 1.000000
    47    3   22 1.000000
    47    3   23 1.000000
    47    3   24 1.000000
    47    3   25 1.000000
    47    3   26 1.000000
    47    3   27 1.000000
    47    4    5 1.000000
    47    4    6 1.000000
    47    4    7 1.000000
    47    4    8 1.000000
    47    4    9 1.000000
    47    4   10 1.000000
    47    4   11 1.000000
    47    4   12 1.000000
    47    4   13 1.000000
    47    4   14 1.000000
    47    4   15 1.000000
    47    4   16 1.000000
    47    4   17 1.000000
    47    4   18 1.000000
    47    4   19 1.000000
    47    4   20 1.000000
    47    4   21 1.000000
    47    4   22 1.000000
    47    4   23 1.000000
    47    4   24 1.000000
    47    4   25 1.000000
    47    4   26 1.000000
    47    4   27 1.000000
    47    5    6 1.000000
    47    5    7 1.000000
    47    5    8 1.000000
    47    5    9 1.000000
    47    5   10 1.000000
    47    5   11 1.000000
    47    5   12 1.000000
    47    5   13 1.000000
    47    5   14 1.000000
    47    5   15 1.000000
    47    5   16 1.000000
    47    5   17 1.000000
    47    5   18 1.000000
    47    5   19 1.000000
    47    5   20 1.000000
    47    5   21 1.000000
    47    5   22 1.000000
    47    5   23 1.000000
    47    5   24 1.000000
    47    5   25 1.000000
    47    5   26 1.000000
    47    5   27 1.000000
    47    6    7 1.000000
    47    6    8 1.000000
    47    6    9 1.000000
    47    6   10 1.000000
    47    6   11 1.000000
    47    6   12 1.000000
    47    6   13 1.000000
    47    6   14 1.000000
    47    6   15 1.000000
    47    6   16 1.000000
    47    6   17 1.000000
    47    6   18 1.000000
    47    6   19 1.000000
    47    6   20 1.000000
    47    6   21 1.000000
    47    6   22 1.000000
    47    6   23 1.000000
    47    6   24 1.000000
    47    6   25 1.000000
    47    6   26 1.000000
    47    6   27 1.000000
    47    7    8 1.000000
    47    7    9 1.000000
    47    7   10 1.000000
    47    7   11 1.000000
    47    7   12 1.000000
    47    7   13 1.000000
    47    7   14 1.000000
    47    7   15 1.000000
    47    7   16 1.000000
    47    7   17 1.000000
    47    7   18 1.000000
    47    7   19 1.000000
    47    7   20 1.000000
    47    7   21 1.000000
    47    7   22 1.000000
    47    7   23 1.000000
    47    7   24 1.000000
    47    7   25 1.000000
    47    7   26 1.000000
    47    7   27 1.000000
    47    8    9 1.000000
    47    8   10 1.000000
    47    8   11 1.000000
    47    8   12 1.000000
    47    8   13 1.000000
    47    8   14 1.000000
    47    8   15 1.000000
    47    8   16 1.000000
    47    8   17 1.000000
    47    8   18 1.000000
    47    8   19 1.000000
    47    8   20 1.000000
    47    8   21 1.000000
    47    8   22 1.000000
    47    8   23 1.000000
    47    8   24 1.000000
    47    8   25 1.000000
    47    8   26 1.000000
    47    8   27 1.000000
    47    9   10 1.000000
    47    9   11 1.000000
    47    9   12 1.000000
    47    9   13 1.000000
    47    9   14 1.000000
    47    9   15 1.000000
    47    9   16 1.000000
    47    9   17 1.000000
    47    9   18 1.000000
    47    9   19 1.000000
    47    9   20 1.000000
    47    9   21 1.000000
    47    9   22 1.000000
    47    9   23 1.000000
    47    9   24 1.000000
    47    9   25 1.000000
    47    9   26 1.000000
    47    9   27 1.000000
    47   10   11 1.000000
    47   10   12 1.000000
    47   10   13 1.000000
    47   10   14 1.000000
    47   10   15 1.000000
    47   10   16 1.000000
    47   10   17 1.000000
    47   10   18 1.000000
    47   10   19 1.000000
    47   10   20 1.000000
    47   10   21 1.000000
    47   10   22 1.000000
    47   10   23 1.000000
    47   10   24 1.000000
    47   10   25 1.000000
    47   10   26 1.000000
    47   10   27 1.000000
    47   11   12 1.000000
    47   11   13 1.000000
    47   11   14 1.000000
    47   11   15 1.000000
    47   11   16 1.000000
    47   11   17 1.000000
    47   11   18 1.000000
    47   11   19 1.000000
    47   11   20 1.000000
    47   11   21 1.000000
    47   11   22 1.000000
    47   11   23 1.000000
    47   11   24 1.000000
    47   11   25 1.000000
    47   11   26 1.000000
    47   11   27 1.000000
    47   12   13 1.000000
    47   12   14 1.000000
    47   12   15 1.000000
    47   12   16 1.000000
    47   12   17 1.000000
    47   12   18 1.000000
    47   12   19 1.000000
    47   12   20 1.000000
    47   12   21 1.000000
    47   12   22 1.000000
    47   12   23 1.000000
    47   12   24 1.000000
    47   12   25 1.000000
    47   12   26 1.000000
    47   12   27 1.000000
    47   13   14 1.000000
    47   13   15 1.000000
    47   13   16 1.000000
    47   13   17 1.000000
    47   13   18 1.000000
    47   13   19 1.000000
    47   13   20 1.000000
    47   13   21 1.000000
    47   13   22 1.000000
    47   13   23 1.000000
    47   13   24 1.000000
    47   13   25 1.000000
    47   13   26 1.000000
    47   13   27 1.000000
    47   14   15 1.000000
    47   14   16 1.000000
    47   14   17 1.000000
    47   14   18 1.000000
    47   14   19 1.000000
    47   14   20 1.000000
    47   14   21 1.000000
    47   14   22 1.000000
    47   14   23 1.000000
    47   14   24 1.000000
    47   14   25 1.000000
    47   14   26 1.000000
    47   14   27 1.000000
    47   15   16 1.000000
    47   15   17 1.000000
    47   15   18 1.000000
    47   15   19 1.000000
    47   15   20 1.000000
    47   15   21 1.000000
    47   15   22 1.000000
    47   15   23 1.000000
    47   15   24 1.000000
    47   15   25 1.000000
    47   15   26 1.000000
    47   15   27 1.000000
    47   16   17 1.000000
    47   16   18 1.000000
    47   16   19 1.000000
    47   16   20 1.000000
    47   16   21 1.000000
    47   16   22 1.000000
    47   16   23 1.000000
    47   16   24 1.000000
    47   16   25 1.000000
    47   16   26 1.000000
    47   16   27 1.000000
    47   17   18 1.000000
    47   17   19 1.000000
    47   17   20 1.000000
    47   17   21 1.000000
    47   17   22 1.000000
    47   17   23 1.000000
    47   17   24 1.000000
    47   17   25 1.000000
    47   17   26 1.000000
    47   17   27 1.000000
    47   18   19 1.000000
    47   18   20 1.000000
    47   18   21 1.000000
    47   18   22 1.000000
    47   18   23 1.000000
    47   18   24 1.000000
    47   18   25 1.000000
    47   18   26 1.000000
    47   18   27 1.000000
    47   19   20 1.000000
    47   19   21 1.000000
    47   19   22 1.000000
    47   19   23 1.000000
    47   19   24 1.000000
    47   19   25 1.000000
    47   19   26 1.000000
    47   19   27 1.000000
    47   20   21 1.000000
    47   20   22 1.000000
    47   20   23 1.000000
    47   20   24 1.000000
    47   20   25 1.000000
    47   20   26 1.000000
    47   20   27 1.000000
    47   21   22 1.000000
    47   21   23 1.000000
    47   21   24 1.000000
    47   21   25 1.000000
    47   21   26 1.000000
    47   21   27 1.000000
    47   22   23 1.000000
    47   22   24 1.000000
    47   22   25 1.000000
    47   22   26 1.000000
    47   22   27 1.000000
    47   23   24 1.000000
    47   23   25 1.000000
    47   23   26 1.000000
    47   23   27 1.000000
    47   24   25 1.000000
    47   24   26 1.000000
    47   24   27 1.000000
    47   25   26 1.000000
    47   25   27 1.000000
    47   26   27 1.000000
    48    1    2 1.000000
    48    1    3 1.000000
    48    1    4 1.000000
    48    1    5 1.000000
    48    1    6 1.000000
    48    1    7 1.000000
    48    1    8 1.000000
    48    1    9 1.000000
    48    1   10 1.000000
    48    1   11 1.000000
    48    1   12 1.000000
    48    1   13 1.000000
    48    1   14 1.000000
    48    1   15 1.000000
    48    1   16 1.000000
    48    1   17 1.000000
    48    1   18 1.000000
    48    1   19 1.000000
    48    1   20 1.000000
    48    1   21 1.000000
    48    1   22 1.000000
    48    1   23 1.000000
    48    1   24 1.000000
    48    1   25 1.000000
    48    1   26 1.000000
    48    1   27 1.000000
    48    2    3 1.000000
    48    2    4 1.000000
    48    2    5 1.000000
    48    2    6 1.000000
    48    2    7 1.000000
    48    2    8 1.000000
    48    2    9 1.000000
    48    2   10 1.000000
    48    2   11 1.000000
    48    2   12 1.000000
    48    2   13 1.000000
    48    2   14 1.000000
    48    2   15 1.000000
    48    2   16 1.000000
    48    2   17 1.000000
    48    2   18 1.000000
    48    2   19 1.000000
    48    2   20 1.000000
    48    2   21 1.000000
    48    2   22 1.000000
    48    2   23 1.000000
    48    2   24 1.000000
    48    2   25 1.000000
    48    2   26 1.000000
    48    2   27 1.000000
    48    3    4 1.000000
    48    3    5 1.000000
    48    3    6 1.000000
    48    3    7 1.000000
    48    3    8 1.000000
    48    3    9 1.000000
    48    3   10 1.000000
    48    3   11 1.000000
    48    3   12 1.000000
    48    3   13 1.000000
    48    3   14 1.000000
    48    3   15 1.000000
    48    3   16 1.000000
    48    3   17 1.000000
    48    3   18 1.000000
    48    3   19 1.000000
    48    3   20 1.000000
    48    3   21 1.000000
    48    3   22 1.000000
    48    3   23 1.000000
    48    3   24 1.000000
    48    3   25 1.000000
    48    3   26 1.000000
    48    3   27 1.000000
    48    4    5 1.000000
    48    4    6 1.000000
    48    4    7 1.000000
    48    4    8 1.000000
    48    4    9 1.000000
    48    4   10 1.000000
    48    4   11 1.000000
    48    4   12 1.000000
    48    4   13 1.000000
    48    4   14 1.000000
    48    4   15 1.000000
    48    4   16 1.000000
    48    4   17 1.000000
    48    4   18 1.000000
    48    4   19 1.000000
    48    4   20 1.000000
    48    4   21 1.000000
    48    4   22 1.000000
    48    4   23 1.000000
    48    4   24 1.000000
    48    4   25 1.000000
    48    4   26 1.000000
    48    4   27 1.000000
    48    5    6 1.000000
    48    5    7 1.000000
    48    5    8 1.000000
    48    5    9 1.000000
    48    5   10 1.000000
    48    5   11 1.000000
    48    5   12 1.000000
    48    5   13 1.000000
    48    5   14 1.000000
    48    5   15 1.000000
    48    5   16 1.000000
    48    5   17 1.000000
    48    5   18 1.000000
    48    5   19 1.000000
    48    5   20 1.000000
    48    5   21 1.000000
    48    5   22 1.000000
    48    5   23 1.000000
    48    5   24 1.000000
    48    5   25 1.000000
    48    5   26 1.000000
    48    5   27 1.000000
    48    6    7 1.000000
    48    6    8 1.000000
    48    6    9 1.000000
    48    6   10 1.000000
    48    6   11 1.000000
    48    6   12 1.000000
    48    6   13 1.000000
    48    6   14 1.000000
    48    6   15 1.000000
    48    6   16 1.000000
    48    6   17 1.000000
    48    6   18 1.000000
    48    6   19 1.000000
    48    6   20 1.000000
    48    6   21 1.000000
    48    6   22 1.000000
    48    6   23 1.000000
    48    6   24 1.000000
    48    6   25 1.000000
    48    6   26 1.000000
    48    6   27 1.000000
    48    7    8 1.000000
    48    7    9 1.000000
    48    7   10 1.000000
    48    7   11 1.000000
    48    7   12 1.000000
    48    7   13 1.000000
    48    7   14 1.000000
    48    7   15 1.000000
    48    7   16 1.000000
    48    7   17 1.000000
    48    7   18 1.000000
    48    7   19 1.000000
    48    7   20 1.000000
    48    7   21 1.000000
    48    7   22 1.000000
    48    7   23 1.000000
    48    7   24 1.000000
    48    7   25 1.000000
    48    7   26 1.000000
    48    7   27 1.000000
    48    8    9 1.000000
    48    8   10 1.000000
    48    8   11 1.000000
    48    8   12 1.000000
    48    8   13 1.000000
    48    8   14 1.000000
    48    8   15 1.000000
    48    8   16 1.000000
    48    8   17 1.000000
    48    8   18 1.000000
    48    8   19 1.000000
    48    8   20 1.000000
    48    8   21 1.000000
    48    8   22 1.000000
    48    8   23 1.000000
    48    8   24 1.000000
    48    8   25 1.000000
    48    8   26 1.000000
    48    8   27 1.000000
    48    9   10 1.000000
    48    9   11 1.000000
    48    9   12 1.000000
    48    9   13 1.000000
    48    9   14 1.000000
    48    9   15 1.000000
    48    9   16 1.000000
    48    9   17 1.000000
    48    9   18 1.000000
    48    9   19 1.000000
    48    9   20 1.000000
    48    9   21 1.000000
    48    9   22 1.000000
    48    9   23 1.000000
    48    9   24 1.000000
    48    9   25 1.000000
    48    9   26 1.000000
    48    9   27 1.000000
    48   10   11 1.000000
    48   10   12 1.000000
    48   10   13 1.000000
    48   10   14 1.000000
    48   10   15 1.000000
    48   10   16 1.000000
    48   10   17 1.000000
    48   10   18 1.000000
    48   10   19 1.000000
    48   10   20 1.000000
    48   10   21 1.000000
    48   10   22 1.000000
    48   10   23 1.000000
    48   10   24 1.000000
    48   10   25 1.000000
    48   10   26 1.000000
    48   10   27 1.000000
    48   11   12 1.000000
    48   11   13 1.000000
    48   11   14 1.000000
    48   11   15 1.000000
    48   11   16 1.000000
    48   11   17 1.000000
    48   11   18 1.000000
    48   11   19 1.000000
    48   11   20 1.000000
    48   11   21 1.000000
    48   11   22 1.000000
    48   11   23 1.000000
    48   11   24 1.000000
    48   11   25 1.000000
    48   11   26 1.000000
    48   11   27 1.000000
    48   12   13 1.000000
    48   12   14 1.000000
    48   12   15 1.000000
    48   12   16 1.000000
    48   12   17 1.000000
    48   12   18 1.000000
    48   12   19 1.000000
    48   12   20 1.000000
    48   12   21 1.000000
    48   12   22 1.000000
    48   12   23 1.000000
    48   12   24 1.000000
    48   12   25 1.000000
    48   12   26 1.000000
    48   12   27 1.000000
    48   13   14 1.000000
    48   13   15 1.000000
    48   13   16 1.000000
    48   13   17 1.000000
    48   13   18 1.000000
    48   13   19 1.000000
    48   13   20 1.000000
    48   13   21 1.000000
    48   13   22 1.000000
    48   13   23 1.000000
    48   13   24 1.000000
    48   13   25 1.000000
    48   13   26 1.000000
    48   13   27 1.000000
    48   14   15 1.000000
    48   14   16 1.000000
    48   14   17 1.000000
    48   14   18 1.000000
    48   14   19 1.000000
    48   14   20 1.000000
    48   14   21 1.000000
    48   14   22 1.000000
    48   14   23 1.000000
    48   14   24 1.000000
    48   14   25 1.000000
    48   14   26 1.000000
    48   14   27 1.000000
    48   15   16 1.000000
    48   15   17 1.000000
    48   15   18 1.000000
    48   15   19 1.000000
    48   15   20 1.000000
    48   15   21 1.000000
    48   15   22 1.000000
    48   15   23 1.000000
    48   15   24 1.000000
    48   15   25 1.000000
    48   15   26 1.000000
    48   15   27 1.000000
    48   16   17 1.000000
    48   16   18 1.000000
    48   16   19 1.000000
    48   16   20 1.000000
    48   16   21 1.000000
    48   16   22 1.000000
    48   16   23 1.000000
    48   16   24 1.000000
    48   16   25 1.000000
    48   16   26 1.000000
    48   16   27 1.000000
    48   17   18 1.000000
    48   17   19 1.000000
    48   17   20 1.000000
    48   17   21 1.000000
    48   17   22 1.000000
    48   17   23 1.000000
    48   17   24 1.000000
    48   17   25 1.000000
    48   17   26 1.000000
    48   17   27 1.000000
    48   18   19 1.000000
    48   18   20 1.000000
    48   18   21 1.000000
    48   18   22 1.000000
    48   18   23 1.000000
    48   18   24 1.000000
    48   18   25 1.000000
    48   18   26 1.000000
    48   18   27 1.000000
    48   19   20 1.000000
    48   19   21 1.000000
    48   19   22 1.000000
    48   19   23 1.000000
    48   19   24 1.000000
    48   19   25 1.000000
    48   19   26 1.000000
    48   19   27 1.000000
    48   20   21 1.000000
    48   20   22 1.000000
    48   20   23 1.000000
    48   20   24 1.000000
    48   20   25 1.000000
    48   20   26 1.000000
    48   20   27 1.000000
    48   21   22 1.000000
    48   21   23 1.000000
    48   21   24 1.000000
    48   21   25 1.000000
    48   21   26 1.000000
    48   21   27 1.000000
    48   22   23 1.000000
    48   22   24 1.000000
    48   22   25 1.000000
    48   22   26 1.000000
    48   22   27 1.000000
    48   23   24 1.000000
    48   23   25 1.000000
    48   23   26 1.000000
    48   23   27 1.000000
    48   24   25 1.000000
    48   24   26 1.000000
    48   24   27 1.000000
    48   25   26 1.000000
    48   25   27 1.000000
    48   26   27 1.000000
    49    1    2 1.000000
    49    1    3 1.000000
    49    1    4 1.000000
    49    1    5 1.000000
    49    1    6 1.000000
    49    1    7 1.000000
    49    1    8 1.000000
    49    1    9 1.000000
    49    1   10 1.000000
    49    1   11 1.000000
    49    1   12 1.000000
    49    1   13 1.000000
    49    1   14 1.000000
    49    1   15 1.000000
    49    1   16 1.000000
    49    1   17 1.000000
    49    1   18 1.000000
    49    1   19 1.000000
    49    1   20 1.000000
    49    1   21 1.000000
    49    1   22 1.000000
    49    1   23 1.000000
    49    1   24 1.000000
    49    1   25 1.000000
    49    1   26 1.000000
    49    1   27 1.000000
    49    2    3 1.000000
    49    2    4 1.000000
    49    2    5 1.000000
    49    2    6 1.000000
    49    2    7 1.000000
    49    2    8 1.000000
    49    2    9 1.000000
    49    2   10 1.000000
    49    2   11 1.000000
    49    2   12 1.000000
    49    2   13 1.000000
    49    2   14 1.000000
    49    2   15 1.000000
    49    2   16 1.000000
    49    2   17 1.000000
    49    2   18 1.000000
    49    2   19 1.000000
    49    2   20 1.000000
    49    2   21 1.000000
    49    2   22 1.000000
    49    2   23 1.000000
    49    2   24 1.000000
    49    2   25 1.000000
    49    2   26 1.000000
    49    2   27 1.000000
    49    3    4 1.000000
    49    3    5 1.000000
    49    3    6 1.000000
    49    3    7 1.000000
    49    3    8 1.000000
    49    3    9 1.000000
    49    3   10 1.000000
    49    3   11 1.000000
    49    3   12 1.000000
    49    3   13 1.000000
    49    3   14 1.000000
    49    3   15 1.000000
    49    3   16 1.000000
    49    3   17 1.000000
    49    3   18 1.000000
    49    3   19 1.000000
    49    3   20 1.000000
    49    3   21 1.000000
    49    3   22 1.000000
    49    3   23 1.000000
    49    3   24 1.000000
    49    3   25 1.000000
    49    3   26 1.000000
    49    3   27 1.000000
    49    4    5 1.000000
    49    4    6 1.000000
    49    4    7 1.000000
    49    4    8 1.000000
    49    4    9 1.000000
    49    4   10 1.000000
    49    4   11 1.000000
    49    4   12 1.000000
    49    4   13 1.000000
    49    4   14 1.000000
    49    4   15 1.000000
    49    4   16 1.000000
    49    4   17 1.000000
    49    4   18 1.000000
    49    4   19 1.000000
    49    4   20 1.000000
    49    4   21 1.000000
    49    4   22 1.000000
    49    4   23 1.000000
    49    4   24 1.000000
    49    4   25 1.000000
    49    4   26 1.000000
    49    4   27 1.000000
    49    5    6 1.000000
    49    5    7 1.000000
    49    5    8 1.000000
    49    5    9 1.000000
    49    5   10 1.000000
    49    5   11 1.000000
    49    5   12 1.000000
    49    5   13 1.000000
    49    5   14 1.000000
    49    5   15 1.000000
    49    5   16 1.000000
    49    5   17 1.000000
    49    5   18 1.000000
    49    5   19 1.000000
    49    5   20 1.000000
    49    5   21 1.000000
    49    5   22 1.000000
    49    5   23 1.000000
    49    5   24 1.000000
    49    5   25 1.000000
    49    5   26 1.000000
    49    5   27 1.000000
    49    6    7 1.000000
    49    6    8 1.000000
    49    6    9 1.000000
    49    6   10 1.000000
    49    6   11 1.000000
    49    6   12 1.000000
    49    6   13 1.000000
    49    6   14 1.000000
    49    6   15 1.000000
    49    6   16 1.000000
    49    6   17 1.000000
    49    6   18 1.000000
    49    6   19 1.000000
    49    6   20 1.000000
    49    6   21 1.000000
    49    6   22 1.000000
    49    6   23 1.000000
    49    6   24 1.000000
    49    6   25 1.000000
    49    6   26 1.000000
    49    6   27 1.000000
    49    7    8 1.000000
    49    7    9 1.000000
    49    7   10 1.000000
    49    7   11 1.000000
    49    7   12 1.000000
    49    7   13 1.000000
    49    7   14 1.000000
    49    7   15 1.000000
    49    7   16 1.000000
    49    7   17 1.000000
    49    7   18 1.000000
    49    7   19 1.000000
    49    7   20 1.000000
    49    7   21 1.000000
    49    7   22 1.000000
    49    7   23 1.000000
    49    7   24 1.000000
    49    7   25 1.000000
    49    7   26 1.000000
    49    7   27 1.000000
    49    8    9 1.000000
    49    8   10 1.000000
    49    8   11 1.000000
    49    8   12 1.000000
    49    8   13 1.000000
    49    8   14 1.000000
    49    8   15 1.000000
    49    8   16 1.000000
    49    8   17 1.000000
    49    8   18 1.000000
    49    8   19 1.000000
    49    8   20 1.000000
    49    8   21 1.000000
    49    8   22 1.000000
    49    8   23 1.000000
    49    8   24 1.000000
    49    8   25 1.000000
    49    8   26 1.000000
    49    8   27 1.000000
    49    9   10 1.000000
    49    9   11 1.000000
    49    9   12 1.000000
    49    9   13 1.000000
    49    9   14 1.000000
    49    9   15 1.000000
    49    9   16 1.000000
    49    9   17 1.000000
    49    9   18 1.000000
    49    9   19 1.000000
    49    9   20 1.000000
    49    9   21 1.000000
    49    9   22 1.000000
    49    9   23 1.000000
    49    9   24 1.000000
    49    9   25 1.000000
    49    9   26 1.000000
    49    9   27 1.000000
    49   10   11 1.000000
    49   10   12 1.000000
    49   10   13 1.000000
    49   10   14 1.000000
    49   10   15 1.000000
    49   10   16 1.000000
    49   10   17 1.000000
    49   10   18 1.000000
    49   10   19 1.000000
    49   10   20 1.000000
    49   10   21 1.000000
    49   10   22 1.000000
    49   10   23 1.000000
    49   10   24 1.000000
    49   10   25 1.000000
    49   10   26 1.000000
    49   10   27 1.000000
    49   11   12 1.000000
    49   11   13 1.000000
    49   11   14 1.000000
    49   11   15 1.000000
    49   11   16 1.000000
    49   11   17 1.000000
    49   11   18 1.000000
    49   11   19 1.000000
    49   11   20 1.000000
    49   11   21 1.000000
    49   11   22 1.000000
    49   11   23 1.000000
    49   11   24 1.000000
    49   11   25 1.000000
    49   11   26 1.000000
    49   11   27 1.000000
    49   12   13 1.000000
    49   12   14 1.000000
    49   12   15 1.000000
    49   12   16 1.000000
    49   12   17 1.000000
    49   12   18 1.000000
    49   12   19 1.000000
    49   12   20 1.000000
    49   12   21 1.000000
    49   12   22 1.000000
    49   12   23 1.000000
    49   12   24 1.000000
    49   12   25 1.000000
    49   12   26 1.000000
    49   12   27 1.000000
    49   13   14 1.000000
    49   13   15 1.000000
    49   13   16 1.000000
    49   13   17 1.000000
    49   13   18 1.000000
    49   13   19 1.000000
    49   13   20 1.000000
    49   13   21 1.000000
    49   13   22 1.000000
    49   13   23 1.000000
    49   13   24 1.000000
    49   13   25 1.000000
    49   13   26 1.000000
    49   13   27 1.000000
    49   14   15 1.000000
    49   14   16 1.000000
    49   14   17 1.000000
    49   14   18 1.000000
    49   14   19 1.000000
    49   14   20 1.000000
    49   14   21 1.000000
    49   14   22 1.000000
    49   14   23 1.000000
    49   14   24 1.000000
    49   14   25 1.000000
    49   14   26 1.000000
    49   14   27 1.000000
    49   15   16 1.000000
    49   15   17 1.000000
    49   15   18 1.000000
    49   15   19 1.000000
    49   15   20 1.000000
    49   15   21 1.000000
    49   15   22 1.000000
    49   15   23 1.000000
    49   15   24 1.000000
    49   15   25 1.000000
    49   15   26 1.000000
    49   15   27 1.000000
    49   16   17 1.000000
    49   16   18 1.000000
    49   16   19 1.000000
    49   16   20 1.000000
    49   16   21 1.000000
    49   16   22 1.000000
    49   16   23 1.000000
    49   16   24 1.000000
    49   16   25 1.000000
    49   16   26 1.000000
    49   16   27 1.000000
    49   17   18 1.000000
    49   17   19 1.000000
    49   17   20 1.000000
    49   17   21 1.000000
    49   17   22 1.000000
    49   17   23 1.000000
    49   17   24 1.000000
    49   17   25 1.000000
    49   17   26 1.000000
    49   17   27 1.000000
    49   18   19 1.000000
    49   18   20 1.000000
    49   18   21 1.000000
    49   18   22 1.000000
    49   18   23 1.000000
    49   18   24 1.000000
    49   18   25 1.000000
    49   18   26 1.000000
    49   18   27 1.000000
    49   19   20 1.000000
    49   19   21 1.000000
    49   19   22 1.000000
    49   19   23 1.000000
    49   19   24 1.000000
    49   19   25 1.000000
    49   19   26 1.000000
    49   19   27 1.000000
    49   20   21 1.000000
    49   20   22 1.000000
    49   20   23 1.000000
    49   20   24 1.000000
    49   20   25 1.000000
    49   20   26 1.000000
    49   20   27 1.000000
    49   21   22 1.000000
    49   21   23 1.000000
    49   21   24 1.000000
    49   21   25 1.000000
    49   21   26 1.000000
    49   21   27 1.000000
    49   22   23 1.000000
    49   22   24 1.000000
    49   22   25 1.000000
    49   22   26 1.000000
    49   22   27 1.000000
    49   23   24 1.000000
    49   23   25 1.000000
    49   23   26 1.000000
    49   23   27 1.000000
    49   24   25 1.000000
    49   24   26 1.000000
    49   24   27 1.000000
    49   25   26 1.000000
    49   25   27 1.000000
    49   26   27 1.000000
    50    1    2 1.000000
    50    1    3 1.000000
    50    1    4 1.000000
    50    1    5 1.000000
    50    1    6 1.000000
    50    1    7 1.000000
    50    1    8 1.000000
    50    1    9 1.000000
    50    1   10 1.000000
    50    1   11 1.000000
    50    1   12 1.000000
    50    1   13 1.000000
    50    1   14 1.000000
    50    1   15 1.000000
    50    1   16 1.000000
    50    1   17 1.000000
    50    1   18 1.000000
    50    1   19 1.000000
    50    1   20 1.000000
    50    1   21 1.000000
    50    1   22 1.000000
    50    1   23 1.000000
    50    1   24 1.000000
    50    1   25 1.000000
    50    1   26 1.000000
    50    1   27 1.000000
    50    2    3 1.000000
    50    2    4 1.000000
    50    2    5 1.000000
    50    2    6 1.000000
    50    2    7 1.000000
    50    2    8 1.000000
    50    2    9 1.000000
    50    2   10 1.000000
    50    2   11 1.000000
    50    2   12 1.000000
    50    2   13 1.000000
    50    2   14 1.000000
    50    2   15 1.000000
    50    2   16 1.000000
    50    2   17 1.000000
    50    2   18 1.000000
    50    2   19 1.000000
    50    2   20 1.000000
    50    2   21 1.000000
    50    2   22 1.000000
    50    2   23 1.000000
    50    2   24 1.000000
    50    2   25 1.000000
    50    2   26 1.000000
    50    2   27 1.000000
    50    3    4 1.000000
    50    3    5 1.000000
    50    3    6 1.000000
    50    3    7 1.000000
    50    3    8 1.000000
    50    3    9 1.000000
    50    3   10 1.000000
    50    3   11 1.000000
    50    3   12 1.000000
    50    3   13 1.000000
    50    3   14 1.000000
    50    3   15 1.000000
    50    3   16 1.000000
    50    3   17 1.000000
    50    3   18 1.000000
    50    3   19 1.000000
    50    3   20 1.000000
    50    3   21 1.000000
    50    3   22 1.000000
    50    3   23 1.000000
    50    3   24 1.000000
    50    3   25 1.000000
    50    3   26 1.000000
    50    3   27 1.000000
    50    4    5 1.000000
    50    4    6 1.000000
    50    4    7 1.000000
    50    4    8 1.000000
    50    4    9 1.000000
    50    4   10 1.000000
    50    4   11 1.000000
    50    4   12 1.000000
    50    4   13 1.000000
    50    4   14 1.000000
    50    4   15 1.000000
    50    4   16 1.000000
    50    4   17 1.000000
    50    4   18 1.000000
    50    4   19 1.000000
    50    4   20 1.000000
    50    4   21 1.000000
    50    4   22 1.000000
    50    4   23 1.000000
    50    4   24 1.000000
    50    4   25 1.000000
    50    4   26 1.000000
    50    4   27 1.000000
    50    5    6 1.000000
    50    5    7 1.000000
    50    5    8 1.000000
    50    5    9 1.000000
    50    5   10 1.000000
    50    5   11 1.000000
    50    5   12 1.000000
    50    5   13 1.000000
    50    5   14 1.000000
    50    5   15 1.000000
    50    5   16 1.000000
    50    5   17 1.000000
    50    5   18 1.000000
    50    5   19 1.000000
    50    5   20 1.000000
    50    5   21 1.000000
    50    5   22 1.000000
    50    5   23 1.000000
    50    5   24 1.000000
    50    5   25 1.000000
    50    5   26 1.000000
    50    5   27 1.000000
    50    6    7 1.000000
    50    6    8 1.000000
    50    6    9 1.000000
    50    6   10 1.000000
    50    6   11 1.000000
    50    6   12 1.000000
    50    6   13 1.000000
    50    6   14 1.000000
    50    6   15 1.000000
    50    6   16 1.000000
    50    6   17 1.000000
    50    6   18 1.000000
    50    6   19 1.000000
    50    6   20 1.000000
    50    6   21 1.000000
    50    6   22 1.000000
    50    6   23 1.000000
    50    6   24 1.000000
    50    6   25 1.000000
    50    6   26 1.000000
    50    6   27 1.000000
    50    7    8 1.000000
    50    7    9 1.000000
    50    7   10 1.000000
    50    7   11 1.000000
    50    7   12 1.000000
    50    7   13 1.000000
    50    7   14 1.000000
    50    7   15 1.000000
    50    7   16 1.000000
    50    7   17 1.000000
    50    7   18 1.000000
    50    7   19 1.000000
    50    7   20 1.000000
    50    7   21 1.000000
    50    7   22 1.000000
    50    7   23 1.000000
    50    7   24 1.000000
    50    7   25 1.000000
    50    7   26 1.000000
    50    7   27 1.000000
    50    8    9 1.000000
    50    8   10 1.000000
    50    8   11 1.000000
    50    8   12 1.000000
    50    8   13 1.000000
    50    8   14 1.000000
    50    8   15 1.000000
    50    8   16 1.000000
    50    8   17 1.000000
    50    8   18 1.000000
    50    8   19 1.000000
    50    8   20 1.000000
    50    8   21 1.000000
    50    8   22 1.000000
    50    8   23 1.000000
    50    8   24 1.000000
    50    8   25 1.000000
    50    8   26 1.000000
    50    8   27 1.000000
    50    9   10 1.000000
    50    9   11 1.000000
    50    9   12 1.000000
    50    9   13 1.000000
    50    9   14 1.000000
    50    9   15 1.000000
    50    9   16 1.000000
    50    9   17 1.000000
    50    9   18 1.000000
    50    9   19 1.000000
    50    9   20 1.000000
    50    9   21 1.000000
    50    9   22 1.000000
    50    9   23 1.000000
    50    9   24 1.000000
    50    9   25 1.000000
    50    9   26 1.000000
    50    9   27 1.000000
    50   10   11 1.000000
    50   10   12 1.000000
    50   10   13 1.000000
    50   10   14 1.000000
    50   10   15 1.000000
    50   10   16 1.000000
    50   10   17 1.000000
    50   10   18 1.000000
    50   10   19 1.000000
    50   10   20 1.000000
    50   10   21 1.000000
    50   10   22 1.000000
    50   10   23 1.000000
    50   10   24 1.000000
    50   10   25 1.000000
    50   10   26 1.000000
    50   10   27 1.000000
    50   11   12 1.000000
    50   11   13 1.000000
    50   11   14 1.000000
    50   11   15 1.000000
    50   11   16 1.000000
    50   11   17 1.000000
    50   11   18 1.000000
    50   11   19 1.000000
    50   11   20 1.000000
    50   11   21 1.000000
    50   11   22 1.000000
    50   11   23 1.000000
    50   11   24 1.000000
    50   11   25 1.000000
    50   11   26 1.000000
    50   11   27 1.000000
    50   12   13 1.000000
    50   12   14 1.000000
    50   12   15 1.000000
    50   12   16 1.000000
    50   12   17 1.000000
    50   12   18 1.000000
    50   12   19 1.000000
    50   12   20 1.000000
    50   12   21 1.000000
    50   12   22 1.000000
    50   12   23 1.000000
    50   12   24 1.000000
    50   12   25 1.000000
    50   12   26 1.000000
    50   12   27 1.000000
    50   13   14 1.000000
    50   13   15 1.000000
    50   13   16 1.000000
    50   13   17 1.000000
    50   13   18 1.000000
    50   13   19 1.000000
    50   13   20 1.000000
    50   13   21 1.000000
    50   13   22 1.000000
    50   13   23 1.000000
    50   13   24 1.000000
    50   13   25 1.000000
    50   13   26 1.000000
    50   13   27 1.000000
    50   14   15 1.000000
    50   14   16 1.000000
    50   14   17 1.000000
    50   14   18 1.000000
    50   14   19 1.000000
    50   14   20 1.000000
    50   14   21 1.000000
    50   14   22 1.000000
    50   14   23 1.000000
    50   14   24 1.000000
    50   14   25 1.000000
    50   14   26 1.000000
    50   14   27 1.000000
    50   15   16 1.000000
    50   15   17 1.000000
    50   15   18 1.000000
    50   15   19 1.000000
    50   15   20 1.000000
    50   15   21 1.000000
    50   15   22 1.000000
    50   15   23 1.000000
    50   15   24 1.000000
    50   15   25 1.000000
    50   15   26 1.000000
    50   15   27 1.000000
    50   16   17 1.000000
    50   16   18 1.000000
    50   16   19 1.000000
    50   16   20 1.000000
    50   16   21 1.000000
    50   16   22 1.000000
    50   16   23 1.000000
    50   16   24 1.000000
    50   16   25 1.000000
    50   16   26 1.000000
    50   16   27 1.000000
    50   17   18 1.000000
    50   17   19 1.000000
    50   17   20 1.000000
    50   17   21 1.000000
    50   17   22 1.000000
    50   17   23 1.000000
    50   17   24 1.000000
    50   17   25 1.000000
    50   17   26 1.000000
    50   17   27 1.000000
    50   18   19 1.000000
    50   18   20 1.000000
    50   18   21 1.000000
    50   18   22 1.000000
    50   18   23 1.000000
    50   18   24 1.000000
    50   18   25 1.000000
    50   18   26 1.000000
    50   18   27 1.000000
    50   19   20 1.000000
    50   19   21 1.000000
    50   19   22 1.000000
    50   19   23 1.000000
    50   19   24 1.000000
    50   19   25 1.000000
    50   19   26 1.000000
    50   19   27 1.000000
    50   20   21 1.000000
    50   20   22 1.000000
    50   20   23 1.000000
    50   20   24 1.000000
    50   20   25 1.000000
    50   20   26 1.000000
    50   20   27 1.000000
    50   21   22 1.000000
    50   21   23 1.000000
    50   21   24 1.000000
    50   21   25 1.000000
    50   21   26 1.000000
    50   21   27 1.000000
    50   22   23 1.000000
    50   22   24 1.000000
    50   22   25 1.000000
    50   22   26 1.000000
    50   22   27 1.000000
    50   23   24 1.000000
    50   23   25 1.000000
    50   23   26 1.000000
    50   23   27 1.000000
    50   24   25 1.000000
    50   24   26 1.000000
    50   24   27 1.000000
    50   25   26 1.000000
    50   25   27 1.000000
    50   26   27 1.000000
    51    1    2 1.000000
    51    1    3 1.000000
    51    1    4 1.000000
    51    1    5 1.000000
    51    1    6 1.000000
    51    1    7 1.000000
    51    1    8 1.000000
    51    1    9 1.000000
    51    1   10 1.000000
    51    1   11 1.000000
    51    1   12 1.000000
    51    1   13 1.000000
    51    1   14 1.000000
    51    1   15 1.000000
    51    1   16 1.000000
    51    1   17 1.000000
    51    1   18 1.000000
    51    1   19 1.000000
    51    1   20 1.000000
    51    1   21 1.000000
    51    1   22 1.000000
    51    1   23 1.000000
    51    1   24 1.000000
    51    1   25 1.000000
    51    1   26 1.000000
    51    1   27 1.000000
    51    2    3 1.000000
    51    2    4 1.000000
    51    2    5 1.000000
    51    2    6 1.000000
    51    2    7 1.000000
    51    2    8 1.000000
    51    2    9 1.000000
    51    2   10 1.000000
    51    2   11 1.000000
    51    2   12 1.000000
    51    2   13 1.000000
    51    2   14 1.000000
    51    2   15 1.000000
    51    2   16 1.000000
    51    2   17 1.000000
    51    2   18 1.000000
    51    2   19 1.000000
    51    2   20 1.000000
    51    2   21 1.000000
    51    2   22 1.000000
    51    2   23 1.000000
    51    2   24 1.000000
    51    2   25 1.000000
    51    2   26 1.000000
    51    2   27 1.000000
    51    3    4 1.000000
    51    3    5 1.000000
    51    3    6 1.000000
    51    3    7 1.000000
    51    3    8 1.000000
    51    3    9 1.000000
    51    3   10 1.000000
    51    3   11 1.000000
    51    3   12 1.000000
    51    3   13 1.000000
    51    3   14 1.000000
    51    3   15 1.000000
    51    3   16 1.000000
    51    3   17 1.000000
    51    3   18 1.000000
    51    3   19 1.000000
    51    3   20 1.000000
    51    3   21 1.000000
    51    3   22 1.000000
    51    3   23 1.000000
    51    3   24 1.000000
    51    3   25 1.000000
    51    3   26 1.000000
    51    3   27 1.000000
    51    4    5 1.000000
    51    4    6 1.000000
    51    4    7 1.000000
    51    4    8 1.000000
    51    4    9 1.000000
    51    4   10 1.000000
    51    4   11 1.000000
    51    4   12 1.000000
    51    4   13 1.000000
    51    4   14 1.000000
    51    4   15 1.000000
    51    4   16 1.000000
    51    4   17 1.000000
    51    4   18 1.000000
    51    4   19 1.000000
    51    4   20 1.000000
    51    4   21 1.000000
    51    4   22 1.000000
    51    4   23 1.000000
    51    4   24 1.000000
    51    4   25 1.000000
    51    4   26 1.000000
    51    4   27 1.000000
    51    5    6 1.000000
    51    5    7 1.000000
    51    5    8 1.000000
    51    5    9 1.000000
    51    5   10 1.000000
    51    5   11 1.000000
    51    5   12 1.000000
    51    5   13 1.000000
    51    5   14 1.000000
    51    5   15 1.000000
    51    5   16 1.000000
    51    5   17 1.000000
    51    5   18 1.000000
    51    5   19 1.000000
    51    5   20 1.000000
    51    5   21 1.000000
    51    5   22 1.000000
    51    5   23 1.000000
    51    5   24 1.000000
    51    5   25 1.000000
    51    5   26 1.000000
    51    5   27 1.000000
    51    6    7 1.000000
    51    6    8 1.000000
    51    6    9 1.000000
    51    6   10 1.000000
    51    6   11 1.000000
    51    6   12 1.000000
    51    6   13 1.000000
    51    6   14 1.000000
    51    6   15 1.000000
    51    6   16 1.000000
    51    6   17 1.000000
    51    6   18 1.000000
    51    6   19 1.000000
    51    6   20 1.000000
    51    6   21 1.000000
    51    6   22 1.000000
    51    6   23 1.000000
    51    6   24 1.000000
    51    6   25 1.000000
    51    6   26 1.000000
    51    6   27 1.000000
    51    7    8 1.000000
    51    7    9 1.000000
    51    7   10 1.000000
    51    7   11 1.000000
    51    7   12 1.000000
    51    7   13 1.000000
    51    7   14 1.000000
    51    7   15 1.000000
    51    7   16 1.000000
    51    7   17 1.000000
    51    7   18 1.000000
    51    7   19 1.000000
    51    7   20 1.000000
    51    7   21 1.000000
    51    7   22 1.000000
    51    7   23 1.000000
    51    7   24 1.000000
    51    7   25 1.000000
    51    7   26 1.000000
    51    7   27 1.000000
    51    8    9 1.000000
    51    8   10 1.000000
    51    8   11 1.000000
    51    8   12 1.000000
    51    8   13 1.000000
    51    8   14 1.000000
    51    8   15 1.000000
    51    8   16 1.000000
    51    8   17 1.000000
    51    8   18 1.000000
    51    8   19 1.000000
    51    8   20 1.000000
    51    8   21 1.000000
    51    8   22 1.000000
    51    8   23 1.000000
    51    8   24 1.000000
    51    8   25 1.000000
    51    8   26 1.000000
    51    8   27 1.000000
    51    9   10 1.000000
    51    9   11 1.000000
    51    9   12 1.000000
    51    9   13 1.000000
    51    9   14 1.000000
    51    9   15 1.000000
    51    9   16 1.000000
    51    9   17 1.000000
    51    9   18 1.000000
    51    9   19 1.000000
    51    9   20 1.000000
    51    9   21 1.000000
    51    9   22 1.000000
    51    9   23 1.000000
    51    9   24 1.000000
    51    9   25 1.000000
    51    9   26 1.000000
    51    9   27 1.000000
    51   10   11 1.000000
    51   10   12 1.000000
    51   10   13 1.000000
    51   10   14 1.000000
    51   10   15 1.000000
    51   10   16 1.000000
    51   10   17 1.000000
    51   10   18 1.000000
    51   10   19 1.000000
    51   10   20 1.000000
    51   10   21 1.000000
    51   10   22 1.000000
    51   10   23 1.000000
    51   10   24 1.000000
    51   10   25 1.000000
    51   10   26 1.000000
    51   10   27 1.000000
    51   11   12 1.000000
    51   11   13 1.000000
    51   11   14 1.000000
    51   11   15 1.000000
    51   11   16 1.000000
    51   11   17 1.000000
    51   11   18 1.000000
    51   11   19 1.000000
    51   11   20 1.000000
    51   11   21 1.000000
    51   11   22 1.000000
    51   11   23 1.000000
    51   11   24 1.000000
    51   11   25 1.000000
    51   11   26 1.000000
    51   11   27 1.000000
    51   12   13 1.000000
    51   12   14 1.000000
    51   12   15 1.000000
    51   12   16 1.000000
    51   12   17 1.000000
    51   12   18 1.000000
    51   12   19 1.000000
    51   12   20 1.000000
    51   12   21 1.000000
    51   12   22 1.000000
    51   12   23 1.000000
    51   12   24 1.000000
    51   12   25 1.000000
    51   12   26 1.000000
    51   12   27 1.000000
    51   13   14 1.000000
    51   13   15 1.000000
    51   13   16 1.000000
    51   13   17 1.000000
    51   13   18 1.000000
    51   13   19 1.000000
    51   13   20 1.000000
    51   13   21 1.000000
    51   13   22 1.000000
    51   13   23 1.000000
    51   13   24 1.000000
    51   13   25 1.000000
    51   13   26 1.000000
    51   13   27 1.000000
    51   14   15 1.000000
    51   14   16 1.000000
    51   14   17 1.000000
    51   14   18 1.000000
    51   14   19 1.000000
    51   14   20 1.000000
    51   14   21 1.000000
    51   14   22 1.000000
    51   14   23 1.000000
    51   14   24 1.000000
    51   14   25 1.000000
    51   14   26 1.000000
    51   14   27 1.000000
    51   15   16 1.000000
    51   15   17 1.000000
    51   15   18 1.000000
    51   15   19 1.000000
    51   15   20 1.000000
    51   15   21 1.000000
    51   15   22 1.000000
    51   15   23 1.000000
    51   15   24 1.000000
    51   15   25 1.000000
    51   15   26 1.000000
    51   15   27 1.000000
    51   16   17 1.000000
    51   16   18 1.000000
    51   16   19 1.000000
    51   16   20 1.000000
    51   16   21 1.000000
    51   16   22 1.000000
    51   16   23 1.000000
    51   16   24 1.000000
    51   16   25 1.000000
    51   16   26 1.000000
    51   16   27 1.000000
    51   17   18 1.000000
    51   17   19 1.000000
    51   17   20 1.000000
    51   17   21 1.000000
    51   17   22 1.000000
    51   17   23 1.000000
    51   17   24 1.000000
    51   17   25 1.000000
    51   17   26 1.000000
    51   17   27 1.000000
    51   18   19 1.000000
    51   18   20 1.000000
    51   18   21 1.000000
    51   18   22 1.000000
    51   18   23 1.000000
    51   18   24 1.000000
    51   18   25 1.000000
    51   18   26 1.000000
    51   18   27 1.000000
    51   19   20 1.000000
    51   19   21 1.000000
    51   19   22 1.000000
    51   19   23 1.000000
    51   19   24 1.000000
    51   19   25 1.000000
    51   19   26 1.000000
    51   19   27 1.000000
    51   20   21 1.000000
    51   20   22 1.000000
    51   20   23 1.000000
    51   20   24 1.000000
    51   20   25 1.000000
    51   20   26 1.000000
    51   20   27 1.000000
    51   21   22 1.000000
    51   21   23 1.000000
    51   21   24 1.000000
    51   21   25 1.000000
    51   21   26 1.000000
    51   21   27 1.000000
    51   22   23 1.000000
    51   22   24 1.000000
    51   22   25 1.000000
    51   22   26 1.000000
    51   22   27 1.000000
    51   23   24 1.000000
    51   23   25 1.000000
    51   23   26 1.000000
    51   23   27 1.000000
    51   24   25 1.000000
    51   24   26 1.000000
    51   24   27 1.000000
    51   25   26 1.000000
    51   25   27 1.000000
    51   26   27 1.000000
    52    1    2 1.000000
    52    1    3 1.000000
    52    1    4 1.000000
    52    1    5 1.000000
    52    1    6 1.000000
    52    1    7 1.000000
    52    1    8 1.000000
    52    1    9 1.000000
    52    1   10 1.000000
    52    1   11 1.000000
    52    1   12 1.000000
    52    1   13 1.000000
    52    1   14 1.000000
    52    1   15 1.000000
    52    1   16 1.000000
    52    1   17 1.000000
    52    1   18 1.000000
    52    1   19 1.000000
    52    1   20 1.000000
    52    1   21 1.000000
    52    1   22 1.000000
    52    1   23 1.000000
    52    1   24 1.000000
    52    1   25 1.000000
    52    1   26 1.000000
    52    1   27 1.000000
    52    2    3 1.000000
    52    2    4 1.000000
    52    2    5 1.000000
    52    2    6 1.000000
    52    2    7 1.000000
    52    2    8 1.000000
    52    2    9 1.000000
    52    2   10 1.000000
    52    2   11 1.000000
    52    2   12 1.000000
    52    2   13 1.000000
    52    2   14 1.000000
    52    2   15 1.000000
    52    2   16 1.000000
    52    2   17 1.000000
    52    2   18 1.000000
    52    2   19 1.000000
    52    2   20 1.000000
    52    2   21 1.000000
    52    2   22 1.000000
    52    2   23 1.000000
    52    2   24 1.000000
    52    2   25 1.000000
    52    2   26 1.000000
    52    2   27 1.000000
    52    3    4 1.000000
    52    3    5 1.000000
    52    3    6 1.000000
    52    3    7 1.000000
    52    3    8 1.000000
    52    3    9 1.000000
    52    3   10 1.000000
    52    3   11 1.000000
    52    3   12 1.000000
    52    3   13 1.000000
    52    3   14 1.000000
    52    3   15 1.000000
    52    3   16 1.000000
    52    3   17 1.000000
    52    3   18 1.000000
    52    3   19 1.000000
    52    3   20 1.000000
    52    3   21 1.000000
    52    3   22 1.000000
    52    3   23 1.000000
    52    3   24 1.000000
    52    3   25 1.000000
    52    3   26 1.000000
    52    3   27 1.000000
    52    4    5 1.000000
    52    4    6 1.000000
    52    4    7 1.000000
    52    4    8 1.000000
    52    4    9 1.000000
    52    4   10 1.000000
    52    4   11 1.000000
    52    4   12 1.000000
    52    4   13 1.000000
    52    4   14 1.000000
    52    4   15 1.000000
    52    4   16 1.000000
    52    4   17 1.000000
    52    4   18 1.000000
    52    4   19 1.000000
    52    4   20 1.000000
    52    4   21 1.000000
    52    4   22 1.000000
    52    4   23 1.000000
    52    4   24 1.000000
    52    4   25 1.000000
    52    4   26 1.000000
    52    4   27 1.000000
    52    5    6 1.000000
    52    5    7 1.000000
    52    5    8 1.000000
    52    5    9 1.000000
    52    5   10 1.000000
    52    5   11 1.000000
    52    5   12 1.000000
    52    5   13 1.000000
    52    5   14 1.000000
    52    5   15 1.000000
    52    5   16 1.000000
    52    5   17 1.000000
    52    5   18 1.000000
    52    5   19 1.000000
    52    5   20 1.000000
    52    5   21 1.000000
    52    5   22 1.000000
    52    5   23 1.000000
    52    5   24 1.000000
    52    5   25 1.000000
    52    5   26 1.000000
    52    5   27 1.000000
    52    6    7 1.000000
    52    6    8 1.000000
    52    6    9 1.000000
    52    6   10 1.000000
    52    6   11 1.000000
    52    6   12 1.000000
    52    6   13 1.000000
    52    6   14 1.000000
    52    6   15 1.000000
    52    6   16 1.000000
    52    6   17 1.000000
    52    6   18 1.000000
    52    6   19 1.000000
    52    6   20 1.000000
    52    6   21 1.000000
    52    6   22 1.000000
    52    6   23 1.000000
    52    6   24 1.000000
    52    6   25 1.000000
    52    6   26 1.000000
    52    6   27 1.000000
    52    7    8 1.000000
    52    7    9 1.000000
    52    7   10 1.000000
    52    7   11 1.000000
    52    7   12 1.000000
    52    7   13 1.000000
    52    7   14 1.000000
    52    7   15 1.000000
    52    7   16 1.000000
    52    7   17 1.000000
    52    7   18 1.000000
    52    7   19 1.000000
    52    7   20 1.000000
    52    7   21 1.000000
    52    7   22 1.000000
    52    7   23 1.000000
    52    7   24 1.000000
    52    7   25 1.000000
    52    7   26 1.000000
    52    7   27 1.000000
    52    8    9 1.000000
    52    8   10 1.000000
    52    8   11 1.000000
    52    8   12 1.000000
    52    8   13 1.000000
    52    8   14 1.000000
    52    8   15 1.000000
    52    8   16 1.000000
    52    8   17 1.000000
    52    8   18 1.000000
    52    8   19 1.000000
    52    8   20 1.000000
    52    8   21 1.000000
    52    8   22 1.000000
    52    8   23 1.000000
    52    8   24 1.000000
    52    8   25 1.000000
    52    8   26 1.000000
    52    8   27 1.000000
    52    9   10 1.000000
    52    9   11 1.000000
    52    9   12 1.000000
    52    9   13 1.000000
    52    9   14 1.000000
    52    9   15 1.000000
    52    9   16 1.000000
    52    9   17 1.000000
    52    9   18 1.000000
    52    9   19 1.000000
    52    9   20 1.000000
    52    9   21 1.000000
    52    9   22 1.000000
    52    9   23 1.000000
    52    9   24 1.000000
    52    9   25 1.000000
    52    9   26 1.000000
    52    9   27 1.000000
    52   10   11 1.000000
    52   10   12 1.000000
    52   10   13 1.000000
    52   10   14 1.000000
    52   10   15 1.000000
    52   10   16 1.000000
    52   10   17 1.000000
    52   10   18 1.000000
    52   10   19 1.000000
    52   10   20 1.000000
    52   10   21 1.000000
    52   10   22 1.000000
    52   10   23 1.000000
    52   10   24 1.000000
    52   10   25 1.000000
    52   10   26 1.000000
    52   10   27 1.000000
    52   11   12 1.000000
    52   11   13 1.000000
    52   11   14 1.000000
    52   11   15 1.000000
    52   11   16 1.000000
    52   11   17 1.000000
    52   11   18 1.000000
    52   11   19 1.000000
    52   11   20 1.000000
    52   11   21 1.000000
    52   11   22 1.000000
    52   11   23 1.000000
    52   11   24 1.000000
    52   11   25 1.000000
    52   11   26 1.000000
    52   11   27 1.000000
    52   12   13 1.000000
    52   12   14 1.000000
    52   12   15 1.000000
    52   12   16 1.000000
    52   12   17 1.000000
    52   12   18 1.000000
    52   12   19 1.000000
    52   12   20 1.000000
    52   12   21 1.000000
    52   12   22 1.000000
    52   12   23 1.000000
    52   12   24 1.000000
    52   12   25 1.000000
    52   12   26 1.000000
    52   12   27 1.000000
    52   13   14 1.000000
    52   13   15 1.000000
    52   13   16 1.000000
    52   13   17 1.000000
    52   13   18 1.000000
    52   13   19 1.000000
    52   13   20 1.000000
    52   13   21 1.000000
    52   13   22 1.000000
    52   13   23 1.000000
    52   13   24 1.000000
    52   13   25 1.000000
    52   13   26 1.000000
    52   13   27 1.000000
    52   14   15 1.000000
    52   14   16 1.000000
    52   14   17 1.000000
    52   14   18 1.000000
    52   14   19 1.000000
    52   14   20 1.000000
    52   14   21 1.000000
    52   14   22 1.000000
    52   14   23 1.000000
    52   14   24 1.000000
    52   14   25 1.000000
    52   14   26 1.000000
    52   14   27 1.000000
    52   15   16 1.000000
    52   15   17 1.000000
    52   15   18 1.000000
    52   15   19 1.000000
    52   15   20 1.000000
    52   15   21 1.000000
    52   15   22 1.000000
    52   15   23 1.000000
    52   15   24 1.000000
    52   15   25 1.000000
    52   15   26 1.000000
    52   15   27 1.000000
    52   16   17 1.000000
    52   16   18 1.000000
    52   16   19 1.000000
    52   16   20 1.000000
    52   16   21 1.000000
    52   16   22 1.000000
    52   16   23 1.000000
    52   16   24 1.000000
    52   16   25 1.000000
    52   16   26 1.000000
    52   16   27 1.000000
    52   17   18 1.000000
    52   17   19 1.000000
    52   17   20 1.000000
    52   17   21 1.000000
    52   17   22 1.000000
    52   17   23 1.000000
    52   17   24 1.000000
    52   17   25 1.000000
    52   17   26 1.000000
    52   17   27 1.000000
    52   18   19 1.000000
    52   18   20 1.000000
    52   18   21 1.000000
    52   18   22 1.000000
    52   18   23 1.000000
    52   18   24 1.000000
    52   18   25 1.000000
    52   18   26 1.000000
    52   18   27 1.000000
    52   19   20 1.000000
    52   19   21 1.000000
    52   19   22 1.000000
    52   19   23 1.000000
    52   19   24 1.000000
    52   19   25 1.000000
    52   19   26 1.000000
    52   19   27 1.000000
    52   20   21 1.000000
    52   20   22 1.000000
    52   20   23 1.000000
    52   20   24 1.000000
    52   20   25 1.000000
    52   20   26 1.000000
    52   20   27 1.000000
    52   21   22 1.000000
    52   21   23 1.000000
    52   21   24 1.000000
    52   21   25 1.000000
    52   21   26 1.000000
    52   21   27 1.000000
    52   22   23 1.000000
    52   22   24 1.000000
    52   22   25 1.000000
    52   22   26 1.000000
    52   22   27 1.000000
    52   23   24 1.000000
    52   23   25 1.000000
    52   23   26 1.000000
    52   23   27 1.000000
    52   24   25 1.000000
    52   24   26 1.000000
    52   24   27 1.000000
    52   25   26 1.000000
    52   25   27 1.000000
    52   26   27 1.000000
    53    1    2 1.000000
    53    1    3 1.000000
    53    1    4 1.000000
    53    1    5 1.000000
    53    1    6 1.000000
    53    1    7 1.000000
    53    1    8 1.000000
    53    1    9 1.000000
    53    1   10 1.000000
    53    1   11 1.000000
    53    1   12 1.000000
    53    1   13 1.000000
    53    1   14 1.000000
    53    1   15 1.000000
    53    1   16 1.000000
    53    1   17 1.000000
    53    1   18 1.000000
    53    1   19 1.000000
    53    1   20 1.000000
    53    1   21 1.000000
    53    1   22 1.000000
    53    1   23 1.000000
    53    1   24 1.000000
    53    1   25 1.000000
    53    1   26 1.000000
    53    1   27 1.000000
    53    2    3 1.000000
    53    2    4 1.000000
    53    2    5 1.000000
    53    2    6 1.000000
    53    2    7 1.000000
    53    2    8 1.000000
    53    2    9 1.000000
    53    2   10 1.000000
    53    2   11 1.000000
    53    2   12 1.000000
    53    2   13 1.000000
    53    2   14 1.000000
    53    2   15 1.000000
    53    2   16 1.000000
    53    2   17 1.000000
    53    2   18 1.000000
    53    2   19 1.000000
    53    2   20 1.000000
    53    2   21 1.000000
    53    2   22 1.000000
    53    2   23 1.000000
    53    2   24 1.000000
    53    2   25 1.000000
    53    2   26 1.000000
    53    2   27 1.000000
    53    3    4 1.000000
    53    3    5 1.000000
    53    3    6 1.000000
    53    3    7 1.000000
    53    3    8 1.000000
    53    3    9 1.000000
    53    3   10 1.000000
    53    3   11 1.000000
    53    3   12 1.000000
    53    3   13 1.000000
    53    3   14 1.000000
    53    3   15 1.000000
    53    3   16 1.000000
    53    3   17 1.000000
    53    3   18 1.000000
    53    3   19 1.000000
    53    3   20 1.000000
    53    3   21 1.000000
    53    3   22 1.000000
    53    3   23 1.000000
    53    3   24 1.000000
    53    3   25 1.000000
    53    3   26 1.000000
    53    3   27 1.000000
    53    4    5 1.000000
    53    4    6 1.000000
    53    4    7 1.000000
    53    4    8 1.000000
    53    4    9 1.000000
    53    4   10 1.000000
    53    4   11 1.000000
    53    4   12 1.000000
    53    4   13 1.000000
    53    4   14 1.000000
    53    4   15 1.000000
    53    4   16 1.000000
    53    4   17 1.000000
    53    4   18 1.000000
    53    4   19 1.000000
    53    4   20 1.000000
    53    4   21 1.000000
    53    4   22 1.000000
    53    4   23 1.000000
    53    4   24 1.000000
    53    4   25 1.000000
    53    4   26 1.000000
    53    4   27 1.000000
    53    5    6 1.000000
    53    5    7 1.000000
    53    5    8 1.000000
    53    5    9 1.000000
    53    5   10 1.000000
    53    5   11 1.000000
    53    5   12 1.000000
    53    5   13 1.000000
    53    5   14 1.000000
    53    5   15 1.000000
    53    5   16 1.000000
    53    5   17 1.000000
    53    5   18 1.000000
    53    5   19 1.000000
    53    5   20 1.000000
    53    5   21 1.000000
    53    5   22 1.000000
    53    5   23 1.000000
    53    5   24 1.000000
    53    5   25 1.000000
    53    5   26 1.000000
    53    5   27 1.000000
    53    6    7 1.000000
    53    6    8 1.000000
    53    6    9 1.000000
    53    6   10 1.000000
    53    6   11 1.000000
    53    6   12 1.000000
    53    6   13 1.000000
    53    6   14 1.000000
    53    6   15 1.000000
    53    6   16 1.000000
    53    6   17 1.000000
    53    6   18 1.000000
    53    6   19 1.000000
    53    6   20 1.000000
    53    6   21 1.000000
    53    6   22 1.000000
    53    6   23 1.000000
    53    6   24 1.000000
    53    6   25 1.000000
    53    6   26 1.000000
    53    6   27 1.000000
    53    7    8 1.000000
    53    7    9 1.000000
    53    7   10 1.000000
    53    7   11 1.000000
    53    7   12 1.000000
    53    7   13 1.000000
    53    7   14 1.000000
    53    7   15 1.000000
    53    7   16 1.000000
    53    7   17 1.000000
    53    7   18 1.000000
    53    7   19 1.000000
    53    7   20 1.000000
    53    7   21 1.000000
    53    7   22 1.000000
    53    7   23 1.000000
    53    7   24 1.000000
    53    7   25 1.000000
    53    7   26 1.000000
    53    7   27 1.000000
    53    8    9 1.000000
    53    8   10 1.000000
    53    8   11 1.000000
    53    8   12 1.000000
    53    8   13 1.000000
    53    8   14 1.000000
    53    8   15 1.000000
    53    8   16 1.000000
    53    8   17 1.000000
    53    8   18 1.000000
    53    8   19 1.000000
    53    8   20 1.000000
    53    8   21 1.000000
    53    8   22 1.000000
    53    8   23 1.000000
    53    8   24 1.000000
    53    8   25 1.000000
    53    8   26 1.000000
    53    8   27 1.000000
    53    9   10 1.000000
    53    9   11 1.000000
    53    9   12 1.000000
    53    9   13 1.000000
    53    9   14 1.000000
    53    9   15 1.000000
    53    9   16 1.000000
    53    9   17 1.000000
    53    9   18 1.000000
    53    9   19 1.000000
    53    9   20 1.000000
    53    9   21 1.000000
    53    9   22 1.000000
    53    9   23 1.000000
    53    9   24 1.000000
    53    9   25 1.000000
    53    9   26 1.000000
    53    9   27 1.000000
    53   10   11 1.000000
    53   10   12 1.000000
    53   10   13 1.000000
    53   10   14 1.000000
    53   10   15 1.000000
    53   10   16 1.000000
    53   10   17 1.000000
    53   10   18 1.000000
    53   10   19 1.000000
    53   10   20 1.000000
    53   10   21 1.000000
    53   10   22 1.000000
    53   10   23 1.000000
    53   10   24 1.000000
    53   10   25 1.000000
    53   10   26 1.000000
    53   10   27 1.000000
    53   11   12 1.000000
    53   11   13 1.000000
    53   11   14 1.000000
    53   11   15 1.000000
    53   11   16 1.000000
    53   11   17 1.000000
    53   11   18 1.000000
    53   11   19 1.000000
    53   11   20 1.000000
    53   11   21 1.000000
    53   11   22 1.000000
    53   11   23 1.000000
    53   11   24 1.000000
    53   11   25 1.000000
    53   11   26 1.000000
    53   11   27 1.000000
    53   12   13 1.000000
    53   12   14 1.000000
    53   12   15 1.000000
    53   12   16 1.000000
    53   12   17 1.000000
    53   12   18 1.000000
    53   12   19 1.000000
    53   12   20 1.000000
    53   12   21 1.000000
    53   12   22 1.000000
    53   12   23 1.000000
    53   12   24 1.000000
    53   12   25 1.000000
    53   12   26 1.000000
    53   12   27 1.000000
    53   13   14 1.000000
    53   13   15 1.000000
    53   13   16 1.000000
    53   13   17 1.000000
    53   13   18 1.000000
    53   13   19 1.000000
    53   13   20 1.000000
    53   13   21 1.000000
    53   13   22 1.000000
    53   13   23 1.000000
    53   13   24 1.000000
    53   13   25 1.000000
    53   13   26 1.000000
    53   13   27 1.000000
    53   14   15 1.000000
    53   14   16 1.000000
    53   14   17 1.000000
    53   14   18 1.000000
    53   14   19 1.000000
    53   14   20 1.000000
    53   14   21 1.000000
    53   14   22 1.000000
    53   14   23 1.000000
    53   14   24 1.000000
    53   14   25 1.000000
    53   14   26 1.000000
    53   14   27 1.000000
    53   15   16 1.000000
    53   15   17 1.000000
    53   15   18 1.000000
    53   15   19 1.000000
    53   15   20 1.000000
    53   15   21 1.000000
    53   15   22 1.000000
    53   15   23 1.000000
    53   15   24 1.000000
    53   15   25 1.000000
    53   15   26 1.000000
    53   15   27 1.000000
    53   16   17 1.000000
    53   16   18 1.000000
    53   16   19 1.000000
    53   16   20 1.000000
    53   16   21 1.000000
    53   16   22 1.000000
    53   16   23 1.000000
    53   16   24 1.000000
    53   16   25 1.000000
    53   16   26 1.000000
    53   16   27 1.000000
    53   17   18 1.000000
    53   17   19 1.000000
    53   17   20 1.000000
    53   17   21 1.000000
    53   17   22 1.000000
    53   17   23 1.000000
    53   17   24 1.000000
    53   17   25 1.000000
    53   17   26 1.000000
    53   17   27 1.000000
    53   18   19 1.000000
    53   18   20 1.000000
    53   18   21 1.000000
    53   18   22 1.000000
    53   18   23 1.000000
    53   18   24 1.000000
    53   18   25 1.000000
    53   18   26 1.000000
    53   18   27 1.000000
    53   19   20 1.000000
    53   19   21 1.000000
    53   19   22 1.000000
    53   19   23 1.000000
    53   19   24 1.000000
    53   19   25 1.000000
    53   19   26 1.000000
    53   19   27 1.000000
    53   20   21 1.000000
    53   20   22 1.000000
    53   20   23 1.000000
    53   20   24 1.000000
    53   20   25 1.000000
    53   20   26 1.000000
    53   20   27 1.000000
    53   21   22 1.000000
    53   21   23 1.000000
    53   21   24 1.000000
    53   21   25 1.000000
    53   21   26 1.000000
    53   21   27 1.000000
    53   22   23 1.000000
    53   22   24 1.000000
    53   22   25 1.000000
    53   22   26 1.000000
    53   22   27 1.000000
    53   23   24 1.000000
    53   23   25 1.000000
    53   23   26 1.000000
    53   23   27 1.000000
    53   24   25 1.000000
    53   24   26 1.000000
    53   24   27 1.000000
    53   25   26 1.000000
    53   25   27 1.000000
    53   26   27 1.000000
    54    1    2 1.000000
    54    1    3 1.000000
    54    1    4 1.000000
    54    1    5 1.000000
    54    1    6 1.000000
    54    1    7 1.000000
    54    1    8 1.000000
    54    1    9 1.000000
    54    1   10 1.000000
    54    1   11 1.000000
    54    1   12 1.000000
    54    1   13 1.000000
    54    1   14 1.000000
    54    1   15 1.000000
    54    1   16 1.000000
    54    1   17 1.000000
    54    1   18 1.000000
    54    1   19 1.000000
    54    1   20 1.000000
    54    1   21 1.000000
    54    1   22 1.000000
    54    1   23 1.000000
    54    1   24 1.000000
    54    1   25 1.000000
    54    1   26 1.000000
    54    1   27 1.000000
    54    2    3 1.000000
    54    2    4 1.000000
    54    2    5 1.000000
    54    2    6 1.000000
    54    2    7 1.000000
    54    2    8 1.000000
    54    2    9 1.000000
    54    2   10 1.000000
    54    2   11 1.000000
    54    2   12 1.000000
    54    2   13 1.000000
    54    2   14 1.000000
    54    2   15 1.000000
    54    2   16 1.000000
    54    2   17 1.000000
    54    2   18 1.000000
    54    2   19 1.000000
    54    2   20 1.000000
    54    2   21 1.000000
    54    2   22 1.000000
    54    2   23 1.000000
    54    2   24 1.000000
    54    2   25 1.000000
    54    2   26 1.000000
    54    2   27 1.000000
    54    3    4 1.000000
    54    3    5 1.000000
    54    3    6 1.000000
    54    3    7 1.000000
    54    3    8 1.000000
    54    3    9 1.000000
    54    3   10 1.000000
    54    3   11 1.000000
    54    3   12 1.000000
    54    3   13 1.000000
    54    3   14 1.000000
    54    3   15 1.000000
    54    3   16 1.000000
    54    3   17 1.000000
    54    3   18 1.000000
    54    3   19 1.000000
    54    3   20 1.000000
    54    3   21 1.000000
    54    3   22 1.000000
    54    3   23 1.000000
    54    3   24 1.000000
    54    3   25 1.000000
    54    3   26 1.000000
    54    3   27 1.000000
    54    4    5 1.000000
    54    4    6 1.000000
    54    4    7 1.000000
    54    4    8 1.000000
    54    4    9 1.000000
    54    4   10 1.000000
    54    4   11 1.000000
    54    4   12 1.000000
    54    4   13 1.000000
    54    4   14 1.000000
    54    4   15 1.000000
    54    4   16 1.000000
    54    4   17 1.000000
    54    4   18 1.000000
    54    4   19 1.000000
    54    4   20 1.000000
    54    4   21 1.000000
    54    4   22 1.000000
    54    4   23 1.000000
    54    4   24 1.000000
    54    4   25 1.000000
    54    4   26 1.000000
    54    4   27 1.000000
    54    5    6 1.000000
    54    5    7 1.000000
    54    5    8 1.000000
    54    5    9 1.000000
    54    5   10 1.000000
    54    5   11 1.000000
    54    5   12 1.000000
    54    5   13 1.000000
    54    5   14 1.000000
    54    5   15 1.000000
    54    5   16 1.000000
    54    5   17 1.000000
    54    5   18 1.000000
    54    5   19 1.000000
    54    5   20 1.000000
    54    5   21 1.000000
    54    5   22 1.000000
    54    5   23 1.000000
    54    5   24 1.000000
    54    5   25 1.000000
    54    5   26 1.000000
    54    5   27 1.000000
    54    6    7 1.000000
    54    6    8 1.000000
    54    6    9 1.000000
    54    6   10 1.000000
    54    6   11 1.000000
    54    6   12 1.000000
    54    6   13 1.000000
    54    6   14 1.000000
    54    6   15 1.000000
    54    6   16 1.000000
    54    6   17 1.000000
    54    6   18 1.000000
    54    6   19 1.000000
    54    6   20 1.000000
    54    6   21 1.000000
    54    6   22 1.000000
    54    6   23 1.000000
    54    6   24 1.000000
    54    6   25 1.000000
    54    6   26 1.000000
    54    6   27 1.000000
    54    7    8 1.000000
    54    7    9 1.000000
    54    7   10 1.000000
    54    7   11 1.000000
    54    7   12 1.000000
    54    7   13 1.000000
    54    7   14 1.000000
    54    7   15 1.000000
    54    7   16 1.000000
    54    7   17 1.000000
    54    7   18 1.000000
    54    7   19 1.000000
    54    7   20 1.000000
    54    7   21 1.000000
    54    7   22 1.000000
    54    7   23 1.000000
    54    7   24 1.000000
    54    7   25 1.000000
    54    7   26 1.000000
    54    7   27 1.000000
    54    8    9 1.000000
    54    8   10 1.000000
    54    8   11 1.000000
    54    8   12 1.000000
    54    8   13 1.000000
    54    8   14 1.000000
    54    8   15 1.000000
    54    8   16 1.000000
    54    8   17 1.000000
    54    8   18 1.000000
    54    8   19 1.000000
    54    8   20 1.000000
    54    8   21 1.000000
    54    8   22 1.000000
    54    8   23 1.000000
    54    8   24 1.000000
    54    8   25 1.000000
    54    8   26 1.000000
    54    8   27 1.000000
    54    9   10 1.000000
    54    9   11 1.000000
    54    9   12 1.000000
    54    9   13 1.000000
    54    9   14 1.000000
    54    9   15 1.000000
    54    9   16 1.000000
    54    9   17 1.000000
    54    9   18 1.000000
    54    9   19 1.000000
    54    9   20 1.000000
    54    9   21 1.000000
    54    9   22 1.000000
    54    9   23 1.000000
    54    9   24 1.000000
    54    9   25 1.000000
    54    9   26 1.000000
    54    9   27 1.000000
    54   10   11 1.000000
    54   10   12 1.000000
    54   10   13 1.000000
    54   10   14 1.000000
    54   10   15 1.000000
    54   10   16 1.000000
    54   10   17 1.000000
    54   10   18 1.000000
    54   10   19 1.000000
    54   10   20 1.000000
    54   10   21 1.000000
    54   10   22 1.000000
    54   10   23 1.000000
    54   10   24 1.000000
    54   10   25 1.000000
    54   10   26 1.000000
    54   10   27 1.000000
    54   11   12 1.000000
    54   11   13 1.000000
    54   11   14 1.000000
    54   11   15 1.000000
    54   11   16 1.000000
    54   11   17 1.000000
    54   11   18 1.000000
    54   11   19 1.000000
    54   11   20 1.000000
    54   11   21 1.000000
    54   11   22 1.000000
    54   11   23 1.000000
    54   11   24 1.000000
    54   11   25 1.000000
    54   11   26 1.000000
    54   11   27 1.000000
    54   12   13 1.000000
    54   12   14 1.000000
    54   12   15 1.000000
    54   12   16 1.000000
    54   12   17 1.000000
    54   12   18 1.000000
    54   12   19 1.000000
    54   12   20 1.000000
    54   12   21 1.000000
    54   12   22 1.000000
    54   12   23 1.000000
    54   12   24 1.000000
    54   12   25 1.000000
    54   12   26 1.000000
    54   12   27 1.000000
    54   13   14 1.000000
    54   13   15 1.000000
    54   13   16 1.000000
    54   13   17 1.000000
    54   13   18 1.000000
    54   13   19 1.000000
    54   13   20 1.000000
    54   13   21 1.000000
    54   13   22 1.000000
    54   13   23 1.000000
    54   13   24 1.000000
    54   13   25 1.000000
    54   13   26 1.000000
    54   13   27 1.000000
    54   14   15 1.000000
    54   14   16 1.000000
    54   14   17 1.000000
    54   14   18 1.000000
    54   14   19 1.000000
    54   14   20 1.000000
    54   14   21 1.000000
    54   14   22 1.000000
    54   14   23 1.000000
    54   14   24 1.000000
    54   14   25 1.000000
    54   14   26 1.000000
    54   14   27 1.000000
    54   15   16 1.000000
    54   15   17 1.000000
    54   15   18 1.000000
    54   15   19 1.000000
    54   15   20 1.000000
    54   15   21 1.000000
    54   15   22 1.000000
    54   15   23 1.000000
    54   15   24 1.000000
    54   15   25 1.000000
    54   15   26 1.000000
    54   15   27 1.000000
    54   16   17 1.000000
    54   16   18 1.000000
    54   16   19 1.000000
    54   16   20 1.000000
    54   16   21 1.000000
    54   16   22 1.000000
    54   16   23 1.000000
    54   16   24 1.000000
    54   16   25 1.000000
    54   16   26 1.000000
    54   16   27 1.000000
    54   17   18 1.000000
    54   17   19 1.000000
    54   17   20 1.000000
    54   17   21 1.000000
    54   17   22 1.000000
    54   17   23 1.000000
    54   17   24 1.000000
    54   17   25 1.000000
    54   17   26 1.000000
    54   17   27 1.000000
    54   18   19 1.000000
    54   18   20 1.000000
    54   18   21 1.000000
    54   18   22 1.000000
    54   18   23 1.000000
    54   18   24 1.000000
    54   18   25 1.000000
    54   18   26 1.000000
    54   18   27 1.000000
    54   19   20 1.000000
    54   19   21 1.000000
    54   19   22 1.000000
    54   19   23 1.000000
    54   19   24 1.000000
    54   19   25 1.000000
    54   19   26 1.000000
    54   19   27 1.000000
    54   20   21 1.000000
    54   20   22 1.000000
    54   20   23 1.000000
    54   20   24 1.000000
    54   20   25 1.000000
    54   20   26 1.000000
    54   20   27 1.000000
    54   21   22 1.000000
    54   21   23 1.000000
    54   21   24 1.000000
    54   21   25 1.000000
    54   21   26 1.000000
    54   21   27 1.000000
    54   22   23 1.000000
    54   22   24 1.000000
    54   22   25 1.000000
    54   22   26 1.000000
    54   22   27 1.000000
    54   23   24 1.000000
    54   23   25 1.000000
    54   23   26 1.000000
    54   23   27 1.000000
    54   24   25 1.000000
    54   24   26 1.000000
    54   24   27 1.000000
    54   25   26 1.000000
    54   25   27 1.000000
    54   26   27 1.000000
    55    1    2 1.000000
    55    1    3 1.000000
    55    1    4 1.000000
    55    1    5 1.000000
    55    1    6 1.000000
    55    1    7 1.000000
    55    1    8 1.000000
    55    1    9 1.000000
    55    1   10 1.000000
    55    1   11 1.000000
    55    1   12 1.000000
    55    1   13 1.000000
    55    1   14 1.000000
    55    1   15 1.000000
    55    1   16 1.000000
    55    1   17 1.000000
    55    1   18 1.000000
    55    1   19 1.000000
    55    1   20 1.000000
    55    1   21 1.000000
    55    1   22 1.000000
    55    1   23 1.000000
    55    1   24 1.000000
    55    1   25 1.000000
    55    1   26 1.000000
    55    1   27 1.000000
    55    2    3 1.000000
    55    2    4 1.000000
    55    2    5 1.000000
    55    2    6 1.000000
    55    2    7 1.000000
    55    2    8 1.000000
    55    2    9 1.000000
    55    2   10 1.000000
    55    2   11 1.000000
    55    2   12 1.000000
    55    2   13 1.000000
    55    2   14 1.000000
    55    2   15 1.000000
    55    2   16 1.000000
    55    2   17 1.000000
    55    2   18 1.000000
    55    2   19 1.000000
    55    2   20 1.000000
    55    2   21 1.000000
    55    2   22 1.000000
    55    2   23 1.000000
    55    2   24 1.000000
    55    2   25 1.000000
    55    2   26 1.000000
    55    2   27 1.000000
    55    3    4 1.000000
    55    3    5 1.000000
    55    3    6 1.000000
    55    3    7 1.000000
    55    3    8 1.000000
    55    3    9 1.000000
    55    3   10 1.000000
    55    3   11 1.000000
    55    3   12 1.000000
    55    3   13 1.000000
    55    3   14 1.000000
    55    3   15 1.000000
    55    3   16 1.000000
    55    3   17 1.000000
    55    3   18 1.000000
    55    3   19 1.000000
    55    3   20 1.000000
    55    3   21 1.000000
    55    3   22 1.000000
    55    3   23 1.000000
    55    3   24 1.000000
    55    3   25 1.000000
    55    3   26 1.000000
    55    3   27 1.000000
    55    4    5 1.000000
    55    4    6 1.000000
    55    4    7 1.000000
    55    4    8 1.000000
    55    4    9 1.000000
    55    4   10 1.000000
    55    4   11 1.000000
    55    4   12 1.000000
    55    4   13 1.000000
    55    4   14 1.000000
    55    4   15 1.000000
    55    4   16 1.000000
    55    4   17 1.000000
    55    4   18 1.000000
    55    4   19 1.000000
    55    4   20 1.000000
    55    4   21 1.000000
    55    4   22 1.000000
    55    4   23 1.000000
    55    4   24 1.000000
    55    4   25 1.000000
    55    4   26 1.000000
    55    4   27 1.000000
    55    5    6 1.000000
    55    5    7 1.000000
    55    5    8 1.000000
    55    5    9 1.000000
    55    5   10 1.000000
    55    5   11 1.000000
    55    5   12 1.000000
    55    5   13 1.000000
    55    5   14 1.000000
    55    5   15 1.000000
    55    5   16 1.000000
    55    5   17 1.000000
    55    5   18 1.000000
    55    5   19 1.000000
    55    5   20 1.000000
    55    5   21 1.000000
    55    5   22 1.000000
    55    5   23 1.000000
    55    5   24 1.000000
    55    5   25 1.000000
    55    5   26 1.000000
    55    5   27 1.000000
    55    6    7 1.000000
    55    6    8 1.000000
    55    6    9 1.000000
    55    6   10 1.000000
    55    6   11 1.000000
    55    6   12 1.000000
    55    6   13 1.000000
    55    6   14 1.000000
    55    6   15 1.000000
    55    6   16 1.000000
    55    6   17 1.000000
    55    6   18 1.000000
    55    6   19 1.000000
    55    6   20 1.000000
    55    6   21 1.000000
    55    6   22 1.000000
    55    6   23 1.000000
    55    6   24 1.000000
    55    6   25 1.000000
    55    6   26 1.000000
    55    6   27 1.000000
    55    7    8 1.000000
    55    7    9 1.000000
    55    7   10 1.000000
    55    7   11 1.000000
    55    7   12 1.000000
    55    7   13 1.000000
    55    7   14 1.000000
    55    7   15 1.000000
    55    7   16 1.000000
    55    7   17 1.000000
    55    7   18 1.000000
    55    7   19 1.000000
    55    7   20 1.000000
    55    7   21 1.000000
    55    7   22 1.000000
    55    7   23 1.000000
    55    7   24 1.000000
    55    7   25 1.000000
    55    7   26 1.000000
    55    7   27 1.000000
    55    8    9 1.000000
    55    8   10 1.000000
    55    8   11 1.000000
    55    8   12 1.000000
    55    8   13 1.000000
    55    8   14 1.000000
    55    8   15 1.000000
    55    8   16 1.000000
    55    8   17 1.000000
    55    8   18 1.000000
    55    8   19 1.000000
    55    8   20 1.000000
    55    8   21 1.000000
    55    8   22 1.000000
    55    8   23 1.000000
    55    8   24 1.000000
    55    8   25 1.000000
    55    8   26 1.000000
    55    8   27 1.000000
    55    9   10 1.000000
    55    9   11 1.000000
    55    9   12 1.000000
    55    9   13 1.000000
    55    9   14 1.000000
    55    9   15 1.000000
    55    9   16 1.000000
    55    9   17 1.000000
    55    9   18 1.000000
    55    9   19 1.000000
    55    9   20 1.000000
    55    9   21 1.000000
    55    9   22 1.000000
    55    9   23 1.000000
    55    9   24 1.000000
    55    9   25 1.000000
    55    9   26 1.000000
    55    9   27 1.000000
    55   10   11 1.000000
    55   10   12 1.000000
    55   10   13 1.000000
    55   10   14 1.000000
    55   10   15 1.000000
    55   10   16 1.000000
    55   10   17 1.000000
    55   10   18 1.000000
    55   10   19 1.000000
    55   10   20 1.000000
    55   10   21 1.000000
    55   10   22 1.000000
    55   10   23 1.000000
    55   10   24 1.000000
    55   10   25 1.000000
    55   10   26 1.000000
    55   10   27 1.000000
    55   11   12 1.000000
    55   11   13 1.000000
    55   11   14 1.000000
    55   11   15 1.000000
    55   11   16 1.000000
    55   11   17 1.000000
    55   11   18 1.000000
    55   11   19 1.000000
    55   11   20 1.000000
    55   11   21 1.000000
    55   11   22 1.000000
    55   11   23 1.000000
    55   11   24 1.000000
    55   11   25 1.000000
    55   11   26 1.000000
    55   11   27 1.000000
    55   12   13 1.000000
    55   12   14 1.000000
    55   12   15 1.000000
    55   12   16 1.000000
    55   12   17 1.000000
    55   12   18 1.000000
    55   12   19 1.000000
    55   12   20 1.000000
    55   12   21 1.000000
    55   12   22 1.000000
    55   12   23 1.000000
    55   12   24 1.000000
    55   12   25 1.000000
    55   12   26 1.000000
    55   12   27 1.000000
    55   13   14 1.000000
    55   13   15 1.000000
    55   13   16 1.000000
    55   13   17 1.000000
    55   13   18 1.000000
    55   13   19 1.000000
    55   13   20 1.000000
    55   13   21 1.000000
    55   13   22 1.000000
    55   13   23 1.000000
    55   13   24 1.000000
    55   13   25 1.000000
    55   13   26 1.000000
    55   13   27 1.000000
    55   14   15 1.000000
    55   14   16 1.000000
    55   14   17 1.000000
    55   14   18 1.000000
    55   14   19 1.000000
    55   14   20 1.000000
    55   14   21 1.000000
    55   14   22 1.000000
    55   14   23 1.000000
    55   14   24 1.000000
    55   14   25 1.000000
    55   14   26 1.000000
    55   14   27 1.000000
    55   15   16 1.000000
    55   15   17 1.000000
    55   15   18 1.000000
    55   15   19 1.000000
    55   15   20 1.000000
    55   15   21 1.000000
    55   15   22 1.000000
    55   15   23 1.000000
    55   15   24 1.000000
    55   15   25 1.000000
    55   15   26 1.000000
    55   15   27 1.000000
    55   16   17 1.000000
    55   16   18 1.000000
    55   16   19 1.000000
    55   16   20 1.000000
    55   16   21 1.000000
    55   16   22 1.000000
    55   16   23 1.000000
    55   16   24 1.000000
    55   16   25 1.000000
    55   16   26 1.000000
    55   16   27 1.000000
    55   17   18 1.000000
    55   17   19 1.000000
    55   17   20 1.000000
    55   17   21 1.000000
    55   17   22 1.000000
    55   17   23 1.000000
    55   17   24 1.000000
    55   17   25 1.000000
    55   17   26 1.000000
    55   17   27 1.000000
    55   18   19 1.000000
    55   18   20 1.000000
    55   18   21 1.000000
    55   18   22 1.000000
    55   18   23 1.000000
    55   18   24 1.000000
    55   18   25 1.000000
    55   18   26 1.000000
    55   18   27 1.000000
    55   19   20 1.000000
    55   19   21 1.000000
    55   19   22 1.000000
    55   19   23 1.000000
    55   19   24 1.000000
    55   19   25 1.000000
    55   19   26 1.000000
    55   19   27 1.000000
    55   20   21 1.000000
    55   20   22 1.000000
    55   20   23 1.000000
    55   20   24 1.000000
    55   20   25 1.000000
    55   20   26 1.000000
    55   20   27 1.000000
    55   21   22 1.000000
    55   21   23 1.000000
    55   21   24 1.000000
    55   21   25 1.000000
    55   21   26 1.000000
    55   21   27 1.000000
    55   22   23 1.000000
    55   22   24 1.000000
    55   22   25 1.000000
    55   22   26 1.000000
    55   22   27 1.000000
    55   23   24 1.000000
    55   23   25 1.000000
    55   23   26 1.000000
    55   23   27 1.000000
    55   24   25 1.000000
    55   24   26 1.000000
    55   24   27 1.000000
    55   25   26 1.000000
    55   25   27 1.000000
    55   26   27 1.000000
    56    1    2 1.000000
    56    1    3 1.000000
    56    1    4 1.000000
    56    1    5 1.000000
    56    1    6 1.000000
    56    1    7 1.000000
    56    1    8 1.000000
    56    1    9 1.000000
    56    1   10 1.000000
    56    1   11 1.000000
    56    1   12 1.000000
    56    1   13 1.000000
    56    1   14 1.000000
    56    1   15 1.000000
    56    1   16 1.000000
    56    1   17 1.000000
    56    1   18 1.000000
    56    1   19 1.000000
    56    1   20 1.000000
    56    1   21 1.000000
    56    1   22 1.000000
    56    1   23 1.000000
    56    1   24 1.000000
    56    1   25 1.000000
    56    1   26 1.000000
    56    1   27 1.000000
    56    2    3 1.000000
    56    2    4 1.000000
    56    2    5 1.000000
    56    2    6 1.000000
    56    2    7 1.000000
    56    2    8 1.000000
    56    2    9 1.000000
    56    2   10 1.000000
    56    2   11 1.000000
    56    2   12 1.000000
    56    2   13 1.000000
    56    2   14 1.000000
    56    2   15 1.000000
    56    2   16 1.000000
    56    2   17 1.000000
    56    2   18 1.000000
    56    2   19 1.000000
    56    2   20 1.000000
    56    2   21 1.000000
    56    2   22 1.000000
    56    2   23 1.000000
    56    2   24 1.000000
    56    2   25 1.000000
    56    2   26 1.000000
    56    2   27 1.000000
    56    3    4 1.000000
    56    3    5 1.000000
    56    3    6 1.000000
    56    3    7 1.000000
    56    3    8 1.000000
    56    3    9 1.000000
    56    3   10 1.000000
    56    3   11 1.000000
    56    3   12 1.000000
    56    3   13 1.000000
    56    3   14 1.000000
    56    3   15 1.000000
    56    3   16 1.000000
    56    3   17 1.000000
    56    3   18 1.000000
    56    3   19 1.000000
    56    3   20 1.000000
    56    3   21 1.000000
    56    3   22 1.000000
    56    3   23 1.000000
    56    3   24 1.000000
    56    3   25 1.000000
    56    3   26 1.000000
    56    3   27 1.000000
    56    4    5 1.000000
    56    4    6 1.000000
    56    4    7 1.000000
    56    4    8 1.000000
    56    4    9 1.000000
    56    4   10 1.000000
    56    4   11 1.000000
    56    4   12 1.000000
    56    4   13 1.000000
    56    4   14 1.000000
    56    4   15 1.000000
    56    4   16 1.000000
    56    4   17 1.000000
    56    4   18 1.000000
    56    4   19 1.000000
    56    4   20 1.000000
    56    4   21 1.000000
    56    4   22 1.000000
    56    4   23 1.000000
    56    4   24 1.000000
    56    4   25 1.000000
    56    4   26 1.000000
    56    4   27 1.000000
    56    5    6 1.000000
    56    5    7 1.000000
    56    5    8 1.000000
    56    5    9 1.000000
    56    5   10 1.000000
    56    5   11 1.000000
    56    5   12 1.000000
    56    5   13 1.000000
    56    5   14 1.000000
    56    5   15 1.000000
    56    5   16 1.000000
    56    5   17 1.000000
    56    5   18 1.000000
    56    5   19 1.000000
    56    5   20 1.000000
    56    5   21 1.000000
    56    5   22 1.000000
    56    5   23 1.000000
    56    5   24 1.000000
    56    5   25 1.000000
    56    5   26 1.000000
    56    5   27 1.000000
    56    6    7 1.000000
    56    6    8 1.000000
    56    6    9 1.000000
    56    6   10 1.000000
    56    6   11 1.000000
    56    6   12 1.000000
    56    6   13 1.000000
    56    6   14 1.000000
    56    6   15 1.000000
    56    6   16 1.000000
    56    6   17 1.000000
    56    6   18 1.000000
    56    6   19 1.000000
    56    6   20 1.000000
    56    6   21 1.000000
    56    6   22 1.000000
    56    6   23 1.000000
    56    6   24 1.000000
    56    6   25 1.000000
    56    6   26 1.000000
    56    6   27 1.000000
    56    7    8 1.000000
    56    7    9 1.000000
    56    7   10 1.000000
    56    7   11 1.000000
    56    7   12 1.000000
    56    7   13 1.000000
    56    7   14 1.000000
    56    7   15 1.000000
    56    7   16 1.000000
    56    7   17 1.000000
    56    7   18 1.000000
    56    7   19 1.000000
    56    7   20 1.000000
    56    7   21 1.000000
    56    7   22 1.000000
    56    7   23 1.000000
    56    7   24 1.000000
    56    7   25 1.000000
    56    7   26 1.000000
    56    7   27 1.000000
    56    8    9 1.000000
    56    8   10 1.000000
    56    8   11 1.000000
    56    8   12 1.000000
    56    8   13 1.000000
    56    8   14 1.000000
    56    8   15 1.000000
    56    8   16 1.000000
    56    8   17 1.000000
    56    8   18 1.000000
    56    8   19 1.000000
    56    8   20 1.000000
    56    8   21 1.000000
    56    8   22 1.000000
    56    8   23 1.000000
    56    8   24 1.000000
    56    8   25 1.000000
    56    8   26 1.000000
    56    8   27 1.000000
    56    9   10 1.000000
    56    9   11 1.000000
    56    9   12 1.000000
    56    9   13 1.000000
    56    9   14 1.000000
    56    9   15 1.000000
    56    9   16 1.000000
    56    9   17 1.000000
    56    9   18 1.000000
    56    9   19 1.000000
    56    9   20 1.000000
    56    9   21 1.000000
    56    9   22 1.000000
    56    9   23 1.000000
    56    9   24 1.000000
    56    9   25 1.000000
    56    9   26 1.000000
    56    9   27 1.000000
    56   10   11 1.000000
    56   10   12 1.000000
    56   10   13 1.000000
    56   10   14 1.000000
    56   10   15 1.000000
    56   10   16 1.000000
    56   10   17 1.000000
    56   10   18 1.000000
    56   10   19 1.000000
    56   10   20 1.000000
    56   10   21 1.000000
    56   10   22 1.000000
    56   10   23 1.000000
    56   10   24 1.000000
    56   10   25 1.000000
    56   10   26 1.000000
    56   10   27 1.000000
    56   11   12 1.000000
    56   11   13 1.000000
    56   11   14 1.000000
    56   11   15 1.000000
    56   11   16 1.000000
    56   11   17 1.000000
    56   11   18 1.000000
    56   11   19 1.000000
    56   11   20 1.000000
    56   11   21 1.000000
    56   11   22 1.000000
    56   11   23 1.000000
    56   11   24 1.000000
    56   11   25 1.000000
    56   11   26 1.000000
    56   11   27 1.000000
    56   12   13 1.000000
    56   12   14 1.000000
    56   12   15 1.000000
    56   12   16 1.000000
    56   12   17 1.000000
    56   12   18 1.000000
    56   12   19 1.000000
    56   12   20 1.000000
    56   12   21 1.000000
    56   12   22 1.000000
    56   12   23 1.000000
    56   12   24 1.000000
    56   12   25 1.000000
    56   12   26 1.000000
    56   12   27 1.000000
    56   13   14 1.000000
    56   13   15 1.000000
    56   13   16 1.000000
    56   13   17 1.000000
    56   13   18 1.000000
    56   13   19 1.000000
    56   13   20 1.000000
    56   13   21 1.000000
    56   13   22 1.000000
    56   13   23 1.000000
    56   13   24 1.000000
    56   13   25 1.000000
    56   13   26 1.000000
    56   13   27 1.000000
    56   14   15 1.000000
    56   14   16 1.000000
    56   14   17 1.000000
    56   14   18 1.000000
    56   14   19 1.000000
    56   14   20 1.000000
    56   14   21 1.000000
    56   14   22 1.000000
    56   14   23 1.000000
    56   14   24 1.000000
    56   14   25 1.000000
    56   14   26 1.000000
    56   14   27 1.000000
    56   15   16 1.000000
    56   15   17 1.000000
    56   15   18 1.000000
    56   15   19 1.000000
    56   15   20 1.000000
    56   15   21 1.000000
    56   15   22 1.000000
    56   15   23 1.000000
    56   15   24 1.000000
    56   15   25 1.000000
    56   15   26 1.000000
    56   15   27 1.000000
    56   16   17 1.000000
    56   16   18 1.000000
    56   16   19 1.000000
    56   16   20 1.000000
    56   16   21 1.000000
    56   16   22 1.000000
    56   16   23 1.000000
    56   16   24 1.000000
    56   16   25 1.000000
    56   16   26 1.000000
    56   16   27 1.000000
    56   17   18 1.000000
    56   17   19 1.000000
    56   17   20 1.000000
    56   17   21 1.000000
    56   17   22 1.000000
    56   17   23 1.000000
    56   17   24 1.000000
    56   17   25 1.000000
    56   17   26 1.000000
    56   17   27 1.000000
    56   18   19 1.000000
    56   18   20 1.000000
    56   18   21 1.000000
    56   18   22 1.000000
    56   18   23 1.000000
    56   18   24 1.000000
    56   18   25 1.000000
    56   18   26 1.000000
    56   18   27 1.000000
    56   19   20 1.000000
    56   19   21 1.000000
    56   19   22 1.000000
    56   19   23 1.000000
    56   19   24 1.000000
    56   19   25 1.000000
    56   19   26 1.000000
    56   19   27 1.000000
    56   20   21 1.000000
    56   20   22 1.000000
    56   20   23 1.000000
    56   20   24 1.000000
    56   20   25 1.000000
    56   20   26 1.000000
    56   20   27 1.000000
    56   21   22 1.000000
    56   21   23 1.000000
    56   21   24 1.000000
    56   21   25 1.000000
    56   21   26 1.000000
    56   21   27 1.000000
    56   22   23 1.000000
    56   22   24 1.000000
    56   22   25 1.000000
    56   22   26 1.000000
    56   22   27 1.000000
    56   23   24 1.000000
    56   23   25 1.000000
    56   23   26 1.000000
    56   23   27 1.000000
    56   24   25 1.000000
    56   24   26 1.000000
    56   24   27 1.000000
    56   25   26 1.000000
    56   25   27 1.000000
    56   26   27 1.000000
    57    1    2 1.000000
    57    1    3 1.000000
    57    1    4 1.000000
    57    1    5 1.000000
    57    1    6 1.000000
    57    1    7 1.000000
    57    1    8 1.000000
    57    1    9 1.000000
    57    1   10 1.000000
    57    1   11 1.000000
    57    1   12 1.000000
    57    1   13 1.000000
    57    1   14 1.000000
    57    1   15 1.000000
    57    1   16 1.000000
    57    1   17 1.000000
    57    1   18 1.000000
    57    1   19 1.000000
    57    1   20 1.000000
    57    1   21 1.000000
    57    1   22 1.000000
    57    1   23 1.000000
    57    1   24 1.000000
    57    1   25 1.000000
    57    1   26 1.000000
    57    1   27 1.000000
    57    2    3 1.000000
    57    2    4 1.000000
    57    2    5 1.000000
    57    2    6 1.000000
    57    2    7 1.000000
    57    2    8 1.000000
    57    2    9 1.000000
    57    2   10 1.000000
    57    2   11 1.000000
    57    2   12 1.000000
    57    2   13 1.000000
    57    2   14 1.000000
    57    2   15 1.000000
    57    2   16 1.000000
    57    2   17 1.000000
    57    2   18 1.000000
    57    2   19 1.000000
    57    2   20 1.000000
    57    2   21 1.000000
    57    2   22 1.000000
    57    2   23 1.000000
    57    2   24 1.000000
    57    2   25 1.000000
    57    2   26 1.000000
    57    2   27 1.000000
    57    3    4 1.000000
    57    3    5 1.000000
    57    3    6 1.000000
    57    3    7 1.000000
    57    3    8 1.000000
    57    3    9 1.000000
    57    3   10 1.000000
    57    3   11 1.000000
    57    3   12 1.000000
    57    3   13 1.000000
    57    3   14 1.000000
    57    3   15 1.000000
    57    3   16 1.000000
    57    3   17 1.000000
    57    3   18 1.000000
    57    3   19 1.000000
    57    3   20 1.000000
    57    3   21 1.000000
    57    3   22 1.000000
    57    3   23 1.000000
    57    3   24 1.000000
    57    3   25 1.000000
    57    3   26 1.000000
    57    3   27 1.000000
    57    4    5 1.000000
    57    4    6 1.000000
    57    4    7 1.000000
    57    4    8 1.000000
    57    4    9 1.000000
    57    4   10 1.000000
    57    4   11 1.000000
    57    4   12 1.000000
    57    4   13 1.000000
    57    4   14 1.000000
    57    4   15 1.000000
    57    4   16 1.000000
    57    4   17 1.000000
    57    4   18 1.000000
    57    4   19 1.000000
    57    4   20 1.000000
    57    4   21 1.000000
    57    4   22 1.000000
    57    4   23 1.000000
    57    4   24 1.000000
    57    4   25 1.000000
    57    4   26 1.000000
    57    4   27 1.000000
    57    5    6 1.000000
    57    5    7 1.000000
    57    5    8 1.000000
    57    5    9 1.000000
    57    5   10 1.000000
    57    5   11 1.000000
    57    5   12 1.000000
    57    5   13 1.000000
    57    5   14 1.000000
    57    5   15 1.000000
    57    5   16 1.000000
    57    5   17 1.000000
    57    5   18 1.000000
    57    5   19 1.000000
    57    5   20 1.000000
    57    5   21 1.000000
    57    5   22 1.000000
    57    5   23 1.000000
    57    5   24 1.000000
    57    5   25 1.000000
    57    5   26 1.000000
    57    5   27 1.000000
    57    6    7 1.000000
    57    6    8 1.000000
    57    6    9 1.000000
    57    6   10 1.000000
    57    6   11 1.000000
    57    6   12 1.000000
    57    6   13 1.000000
    57    6   14 1.000000
    57    6   15 1.000000
    57    6   16 1.000000
    57    6   17 1.000000
    57    6   18 1.000000
    57    6   19 1.000000
    57    6   20 1.000000
    57    6   21 1.000000
    57    6   22 1.000000
    57    6   23 1.000000
    57    6   24 1.000000
    57    6   25 1.000000
    57    6   26 1.000000
    57    6   27 1.000000
    57    7    8 1.000000
    57    7    9 1.000000
    57    7   10 1.000000
    57    7   11 1.000000
    57    7   12 1.000000
    57    7   13 1.000000
    57    7   14 1.000000
    57    7   15 1.000000
    57    7   16 1.000000
    57    7   17 1.000000
    57    7   18 1.000000
    57    7   19 1.000000
    57    7   20 1.000000
    57    7   21 1.000000
    57    7   22 1.000000
    57    7   23 1.000000
    57    7   24 1.000000
    57    7   25 1.000000
    57    7   26 1.000000
    57    7   27 1.000000
    57    8    9 1.000000
    57    8   10 1.000000
    57    8   11 1.000000
    57    8   12 1.000000
    57    8   13 1.000000
    57    8   14 1.000000
    57    8   15 1.000000
    57    8   16 1.000000
    57    8   17 1.000000
    57    8   18 1.000000
    57    8   19 1.000000
    57    8   20 1.000000
    57    8   21 1.000000
    57    8   22 1.000000
    57    8   23 1.000000
    57    8   24 1.000000
    57    8   25 1.000000
    57    8   26 1.000000
    57    8   27 1.000000
    57    9   10 1.000000
    57    9   11 1.000000
    57    9   12 1.000000
    57    9   13 1.000000
    57    9   14 1.000000
    57    9   15 1.000000
    57    9   16 1.000000
    57    9   17 1.000000
    57    9   18 1.000000
    57    9   19 1.000000
    57    9   20 1.000000
    57    9   21 1.000000
    57    9   22 1.000000
    57    9   23 1.000000
    57    9   24 1.000000
    57    9   25 1.000000
    57    9   26 1.000000
    57    9   27 1.000000
    57   10   11 1.000000
    57   10   12 1.000000
    57   10   13 1.000000
    57   10   14 1.000000
    57   10   15 1.000000
    57   10   16 1.000000
    57   10   17 1.000000
    57   10   18 1.000000
    57   10   19 1.000000
    57   10   20 1.000000
    57   10   21 1.000000
    57   10   22 1.000000
    57   10   23 1.000000
    57   10   24 1.000000
    57   10   25 1.000000
    57   10   26 1.000000
    57   10   27 1.000000
    57   11   12 1.000000
    57   11   13 1.000000
    57   11   14 1.000000
    57   11   15 1.000000
    57   11   16 1.000000
    57   11   17 1.000000
    57   11   18 1.000000
    57   11   19 1.000000
    57   11   20 1.000000
    57   11   21 1.000000
    57   11   22 1.000000
    57   11   23 1.000000
    57   11   24 1.000000
    57   11   25 1.000000
    57   11   26 1.000000
    57   11   27 1.000000
    57   12   13 1.000000
    57   12   14 1.000000
    57   12   15 1.000000
    57   12   16 1.000000
    57   12   17 1.000000
    57   12   18 1.000000
    57   12   19 1.000000
    57   12   20 1.000000
    57   12   21 1.000000
    57   12   22 1.000000
    57   12   23 1.000000
    57   12   24 1.000000
    57   12   25 1.000000
    57   12   26 1.000000
    57   12   27 1.000000
    57   13   14 1.000000
    57   13   15 1.000000
    57   13   16 1.000000
    57   13   17 1.000000
    57   13   18 1.000000
    57   13   19 1.000000
    57   13   20 1.000000
    57   13   21 1.000000
    57   13   22 1.000000
    57   13   23 1.000000
    57   13   24 1.000000
    57   13   25 1.000000
    57   13   26 1.000000
    57   13   27 1.000000
    57   14   15 1.000000
    57   14   16 1.000000
    57   14   17 1.000000
    57   14   18 1.000000
    57   14   19 1.000000
    57   14   20 1.000000
    57   14   21 1.000000
    57   14   22 1.000000
    57   14   23 1.000000
    57   14   24 1.000000
    57   14   25 1.000000
    57   14   26 1.000000
    57   14   27 1.000000
    57   15   16 1.000000
    57   15   17 1.000000
    57   15   18 1.000000
    57   15   19 1.000000
    57   15   20 1.000000
    57   15   21 1.000000
    57   15   22 1.000000
    57   15   23 1.000000
    57   15   24 1.000000
    57   15   25 1.000000
    57   15   26 1.000000
    57   15   27 1.000000
    57   16   17 1.000000
    57   16   18 1.000000
    57   16   19 1.000000
    57   16   20 1.000000
    57   16   21 1.000000
    57   16   22 1.000000
    57   16   23 1.000000
    57   16   24 1.000000
    57   16   25 1.000000
    57   16   26 1.000000
    57   16   27 1.000000
    57   17   18 1.000000
    57   17   19 1.000000
    57   17   20 1.000000
    57   17   21 1.000000
    57   17   22 1.000000
    57   17   23 1.000000
    57   17   24 1.000000
    57   17   25 1.000000
    57   17   26 1.000000
    57   17   27 1.000000
    57   18   19 1.000000
    57   18   20 1.000000
    57   18   21 1.000000
    57   18   22 1.000000
    57   18   23 1.000000
    57   18   24 1.000000
    57   18   25 1.000000
    57   18   26 1.000000
    57   18   27 1.000000
    57   19   20 1.000000
    57   19   21 1.000000
    57   19   22 1.000000
    57   19   23 1.000000
    57   19   24 1.000000
    57   19   25 1.000000
    57   19   26 1.000000
    57   19   27 1.000000
    57   20   21 1.000000
    57   20   22 1.000000
    57   20   23 1.000000
    57   20   24 1.000000
    57   20   25 1.000000
    57   20   26 1.000000
    57   20   27 1.000000
    57   21   22 1.000000
    57   21   23 1.000000
    57   21   24 1.000000
    57   21   25 1.000000
    57   21   26 1.000000
    57   21   27 1.000000
    57   22   23 1.000000
    57   22   24 1.000000
    57   22   25 1.000000
    57   22   26 1.000000
    57   22   27 1.000000
    57   23   24 1.000000
    57   23   25 1.000000
    57   23   26 1.000000
    57   23   27 1.000000
    57   24   25 1.000000
    57   24   26 1.000000
    57   24   27 1.000000
    57   25   26 1.000000
    57   25   27 1.000000
    57   26   27 1.000000
    58    1    2 1.000000
    58    1    3 1.000000
    58    1    4 1.000000
    58    1    5 1.000000
    58    1    6 1.000000
    58    1    7 1.000000
    58    1    8 1.000000
    58    1    9 1.000000
    58    1   10 1.000000
    58    1   11 1.000000
    58    1   12 1.000000
    58    1   13 1.000000
    58    1   14 1.000000
    58    1   15 1.000000
    58    1   16 1.000000
    58    1   17 1.000000
    58    1   18 1.000000
    58    1   19 1.000000
    58    1   20 1.000000
    58    1   21 1.000000
    58    1   22 1.000000
    58    1   23 1.000000
    58    1   24 1.000000
    58    1   25 1.000000
    58    1   26 1.000000
    58    1   27 1.000000
    58    2    3 1.000000
    58    2    4 1.000000
    58    2    5 1.000000
    58    2    6 1.000000
    58    2    7 1.000000
    58    2    8 1.000000
    58    2    9 1.000000
    58    2   10 1.000000
    58    2   11 1.000000
    58    2   12 1.000000
    58    2   13 1.000000
    58    2   14 1.000000
    58    2   15 1.000000
    58    2   16 1.000000
    58    2   17 1.000000
    58    2   18 1.000000
    58    2   19 1.000000
    58    2   20 1.000000
    58    2   21 1.000000
    58    2   22 1.000000
    58    2   23 1.000000
    58    2   24 1.000000
    58    2   25 1.000000
    58    2   26 1.000000
    58    2   27 1.000000
    58    3    4 1.000000
    58    3    5 1.000000
    58    3    6 1.000000
    58    3    7 1.000000
    58    3    8 1.000000
    58    3    9 1.000000
    58    3   10 1.000000
    58    3   11 1.000000
    58    3   12 1.000000
    58    3   13 1.000000
    58    3   14 1.000000
    58    3   15 1.000000
    58    3   16 1.000000
    58    3   17 1.000000
    58    3   18 1.000000
    58    3   19 1.000000
    58    3   20 1.000000
    58    3   21 1.000000
    58    3   22 1.000000
    58    3   23 1.000000
    58    3   24 1.000000
    58    3   25 1.000000
    58    3   26 1.000000
    58    3   27 1.000000
    58    4    5 1.000000
    58    4    6 1.000000
    58    4    7 1.000000
    58    4    8 1.000000
    58    4    9 1.000000
    58    4   10 1.000000
    58    4   11 1.000000
    58    4   12 1.000000
    58    4   13 1.000000
    58    4   14 1.000000
    58    4   15 1.000000
    58    4   16 1.000000
    58    4   17 1.000000
    58    4   18 1.000000
    58    4   19 1.000000
    58    4   20 1.000000
    58    4   21 1.000000
    58    4   22 1.000000
    58    4   23 1.000000
    58    4   24 1.000000
    58    4   25 1.000000
    58    4   26 1.000000
    58    4   27 1.000000
    58    5    6 1.000000
    58    5    7 1.000000
    58    5    8 1.000000
    58    5    9 1.000000
    58    5   10 1.000000
    58    5   11 1.000000
    58    5   12 1.000000
    58    5   13 1.000000
    58    5   14 1.000000
    58    5   15 1.000000
    58    5   16 1.000000
    58    5   17 1.000000
    58    5   18 1.000000
    58    5   19 1.000000
    58    5   20 1.000000
    58    5   21 1.000000
    58    5   22 1.000000
    58    5   23 1.000000
    58    5   24 1.000000
    58    5   25 1.000000
    58    5   26 1.000000
    58    5   27 1.000000
    58    6    7 1.000000
    58    6    8 1.000000
    58    6    9 1.000000
    58    6   10 1.000000
    58    6   11 1.000000
    58    6   12 1.000000
    58    6   13 1.000000
    58    6   14 1.000000
    58    6   15 1.000000
    58    6   16 1.000000
    58    6   17 1.000000
    58    6   18 1.000000
    58    6   19 1.000000
    58    6   20 1.000000
    58    6   21 1.000000
    58    6   22 1.000000
    58    6   23 1.000000
    58    6   24 1.000000
    58    6   25 1.000000
    58    6   26 1.000000
    58    6   27 1.000000
    58    7    8 1.000000
    58    7    9 1.000000
    58    7   10 1.000000
    58    7   11 1.000000
    58    7   12 1.000000
    58    7   13 1.000000
    58    7   14 1.000000
    58    7   15 1.000000
    58    7   16 1.000000
    58    7   17 1.000000
    58    7   18 1.000000
    58    7   19 1.000000
    58    7   20 1.000000
    58    7   21 1.000000
    58    7   22 1.000000
    58    7   23 1.000000
    58    7   24 1.000000
    58    7   25 1.000000
    58    7   26 1.000000
    58    7   27 1.000000
    58    8    9 1.000000
    58    8   10 1.000000
    58    8   11 1.000000
    58    8   12 1.000000
    58    8   13 1.000000
    58    8   14 1.000000
    58    8   15 1.000000
    58    8   16 1.000000
    58    8   17 1.000000
    58    8   18 1.000000
    58    8   19 1.000000
    58    8   20 1.000000
    58    8   21 1.000000
    58    8   22 1.000000
    58    8   23 1.000000
    58    8   24 1.000000
    58    8   25 1.000000
    58    8   26 1.000000
    58    8   27 1.000000
    58    9   10 1.000000
    58    9   11 1.000000
    58    9   12 1.000000
    58    9   13 1.000000
    58    9   14 1.000000
    58    9   15 1.000000
    58    9   16 1.000000
    58    9   17 1.000000
    58    9   18 1.000000
    58    9   19 1.000000
    58    9   20 1.000000
    58    9   21 1.000000
    58    9   22 1.000000
    58    9   23 1.000000
    58    9   24 1.000000
    58    9   25 1.000000
    58    9   26 1.000000
    58    9   27 1.000000
    58   10   11 1.000000
    58   10   12 1.000000
    58   10   13 1.000000
    58   10   14 1.000000
    58   10   15 1.000000
    58   10   16 1.000000
    58   10   17 1.000000
    58   10   18 1.000000
    58   10   19 1.000000
    58   10   20 1.000000
    58   10   21 1.000000
    58   10   22 1.000000
    58   10   23 1.000000
    58   10   24 1.000000
    58   10   25 1.000000
    58   10   26 1.000000
    58   10   27 1.000000
    58   11   12 1.000000
    58   11   13 1.000000
    58   11   14 1.000000
    58   11   15 1.000000
    58   11   16 1.000000
    58   11   17 1.000000
    58   11   18 1.000000
    58   11   19 1.000000
    58   11   20 1.000000
    58   11   21 1.000000
    58   11   22 1.000000
    58   11   23 1.000000
    58   11   24 1.000000
    58   11   25 1.000000
    58   11   26 1.000000
    58   11   27 1.000000
    58   12   13 1.000000
    58   12   14 1.000000
    58   12   15 1.000000
    58   12   16 1.000000
    58   12   17 1.000000
    58   12   18 1.000000
    58   12   19 1.000000
    58   12   20 1.000000
    58   12   21 1.000000
    58   12   22 1.000000
    58   12   23 1.000000
    58   12   24 1.000000
    58   12   25 1.000000
    58   12   26 1.000000
    58   12   27 1.000000
    58   13   14 1.000000
    58   13   15 1.000000
    58   13   16 1.000000
    58   13   17 1.000000
    58   13   18 1.000000
    58   13   19 1.000000
    58   13   20 1.000000
    58   13   21 1.000000
    58   13   22 1.000000
    58   13   23 1.000000
    58   13   24 1.000000
    58   13   25 1.000000
    58   13   26 1.000000
    58   13   27 1.000000
    58   14   15 1.000000
    58   14   16 1.000000
    58   14   17 1.000000
    58   14   18 1.000000
    58   14   19 1.000000
    58   14   20 1.000000
    58   14   21 1.000000
    58   14   22 1.000000
    58   14   23 1.000000
    58   14   24 1.000000
    58   14   25 1.000000
    58   14   26 1.000000
    58   14   27 1.000000
    58   15   16 1.000000
    58   15   17 1.000000
    58   15   18 1.000000
    58   15   19 1.000000
    58   15   20 1.000000
    58   15   21 1.000000
    58   15   22 1.000000
    58   15   23 1.000000
    58   15   24 1.000000
    58   15   25 1.000000
    58   15   26 1.000000
    58   15   27 1.000000
    58   16   17 1.000000
    58   16   18 1.000000
    58   16   19 1.000000
    58   16   20 1.000000
    58   16   21 1.000000
    58   16   22 1.000000
    58   16   23 1.000000
    58   16   24 1.000000
    58   16   25 1.000000
    58   16   26 1.000000
    58   16   27 1.000000
    58   17   18 1.000000
    58   17   19 1.000000
    58   17   20 1.000000
    58   17   21 1.000000
    58   17   22 1.000000
    58   17   23 1.000000
    58   17   24 1.000000
    58   17   25 1.000000
    58   17   26 1.000000
    58   17   27 1.000000
    58   18   19 1.000000
    58   18   20 1.000000
    58   18   21 1.000000
    58   18   22 1.000000
    58   18   23 1.000000
    58   18   24 1.000000
    58   18   25 1.000000
    58   18   26 1.000000
    58   18   27 1.000000
    58   19   20 1.000000
    58   19   21 1.000000
    58   19   22 1.000000
    58   19   23 1.000000
    58   19   24 1.000000
    58   19   25 1.000000
    58   19   26 1.000000
    58   19   27 1.000000
    58   20   21 1.000000
    58   20   22 1.000000
    58   20   23 1.000000
    58   20   24 1.000000
    58   20   25 1.000000
    58   20   26 1.000000
    58   20   27 1.000000
    58   21   22 1.000000
    58   21   23 1.000000
    58   21   24 1.000000
    58   21   25 1.000000
    58   21   26 1.000000
    58   21   27 1.000000
    58   22   23 1.000000
    58   22   24 1.000000
    58   22   25 1.000000
    58   22   26 1.000000
    58   22   27 1.000000
    58   23   24 1.000000
    58   23   25 1.000000
    58   23   26 1.000000
    58   23   27 1.000000
    58   24   25 1.000000
    58   24   26 1.000000
    58   24   27 1.000000
    58   25   26 1.000000
    58   25   27 1.000000
    58   26   27 1.000000
    59    1    2 1.000000
    59    1    3 1.000000
    59    1    4 1.000000
    59    1    5 1.000000
    59    1    6 1.000000
    59    1    7 1.000000
    59    1    8 1.000000
    59    1    9 1.000000
    59    1   10 1.000000
    59    1   11 1.000000
    59    1   12 1.000000
    59    1   13 1.000000
    59    1   14 1.000000
    59    1   15 1.000000
    59    1   16 1.000000
    59    1   17 1.000000
    59    1   18 1.000000
    59    1   19 1.000000
    59    1   20 1.000000
    59    1   21 1.000000
    59    1   22 1.000000
    59    1   23 1.000000
    59    1   24 1.000000
    59    1   25 1.000000
    59    1   26 1.000000
    59    1   27 1.000000
    59    2    3 1.000000
    59    2    4 1.000000
    59    2    5 1.000000
    59    2    6 1.000000
    59    2    7 1.000000
    59    2    8 1.000000
    59    2    9 1.000000
    59    2   10 1.000000
    59    2   11 1.000000
    59    2   12 1.000000
    59    2   13 1.000000
    59    2   14 1.000000
    59    2   15 1.000000
    59    2   16 1.000000
    59    2   17 1.000000
    59    2   18 1.000000
    59    2   19 1.000000
    59    2   20 1.000000
    59    2   21 1.000000
    59    2   22 1.000000
    59    2   23 1.000000
    59    2   24 1.000000
    59    2   25 1.000000
    59    2   26 1.000000
    59    2   27 1.000000
    59    3    4 1.000000
    59    3    5 1.000000
    59    3    6 1.000000
    59    3    7 1.000000
    59    3    8 1.000000
    59    3    9 1.000000
    59    3   10 1.000000
    59    3   11 1.000000
    59    3   12 1.000000
    59    3   13 1.000000
    59    3   14 1.000000
    59    3   15 1.000000
    59    3   16 1.000000
    59    3   17 1.000000
    59    3   18 1.000000
    59    3   19 1.000000
    59    3   20 1.000000
    59    3   21 1.000000
    59    3   22 1.000000
    59    3   23 1.000000
    59    3   24 1.000000
    59    3   25 1.000000
    59    3   26 1.000000
    59    3   27 1.000000
    59    4    5 1.000000
    59    4    6 1.000000
    59    4    7 1.000000
    59    4    8 1.000000
    59    4    9 1.000000
    59    4   10 1.000000
    59    4   11 1.000000
    59    4   12 1.000000
    59    4   13 1.000000
    59    4   14 1.000000
    59    4   15 1.000000
    59    4   16 1.000000
    59    4   17 1.000000
    59    4   18 1.000000
    59    4   19 1.000000
    59    4   20 1.000000
    59    4   21 1.000000
    59    4   22 1.000000
    59    4   23 1.000000
    59    4   24 1.000000
    59    4   25 1.000000
    59    4   26 1.000000
    59    4   27 1.000000
    59    5    6 1.000000
    59    5    7 1.000000
    59    5    8 1.000000
    59    5    9 1.000000
    59    5   10 1.000000
    59    5   11 1.000000
    59    5   12 1.000000
    59    5   13 1.000000
    59    5   14 1.000000
    59    5   15 1.000000
    59    5   16 1.000000
    59    5   17 1.000000
    59    5   18 1.000000
    59    5   19 1.000000
    59    5   20 1.000000
    59    5   21 1.000000
    59    5   22 1.000000
    59    5   23 1.000000
    59    5   24 1.000000
    59    5   25 1.000000
    59    5   26 1.000000
    59    5   27 1.000000
    59    6    7 1.000000
    59    6    8 1.000000
    59    6    9 1.000000
    59    6   10 1.000000
    59    6   11 1.000000
    59    6   12 1.000000
    59    6   13 1.000000
    59    6   14 1.000000
    59    6   15 1.000000
    59    6   16 1.000000
    59    6   17 1.000000
    59    6   18 1.000000
    59    6   19 1.000000
    59    6   20 1.000000
    59    6   21 1.000000
    59    6   22 1.000000
    59    6   23 1.000000
    59    6   24 1.000000
    59    6   25 1.000000
    59    6   26 1.000000
    59    6   27 1.000000
    59    7    8 1.000000
    59    7    9 1.000000
    59    7   10 1.000000
    59    7   11 1.000000
    59    7   12 1.000000
    59    7   13 1.000000
    59    7   14 1.000000
    59    7   15 1.000000
    59    7   16 1.000000
    59    7   17 1.000000
    59    7   18 1.000000
    59    7   19 1.000000
    59    7   20 1.000000
    59    7   21 1.000000
    59    7   22 1.000000
    59    7   23 1.000000
    59    7   24 1.000000
    59    7   25 1.000000
    59    7   26 1.000000
    59    7   27 1.000000
    59    8    9 1.000000
    59    8   10 1.000000
    59    8   11 1.000000
    59    8   12 1.000000
    59    8   13 1.000000
    59    8   14 1.000000
    59    8   15 1.000000
    59    8   16 1.000000
    59    8   17 1.000000
    59    8   18 1.000000
    59    8   19 1.000000
    59    8   20 1.000000
    59    8   21 1.000000
    59    8   22 1.000000
    59    8   23 1.000000
    59    8   24 1.000000
    59    8   25 1.000000
    59    8   26 1.000000
    59    8   27 1.000000
    59    9   10 1.000000
    59    9   11 1.000000
    59    9   12 1.000000
    59    9   13 1.000000
    59    9   14 1.000000
    59    9   15 1.000000
    59    9   16 1.000000
    59    9   17 1.000000
    59    9   18 1.000000
    59    9   19 1.000000
    59    9   20 1.000000
    59    9   21 1.000000
    59    9   22 1.000000
    59    9   23 1.000000
    59    9   24 1.000000
    59    9   25 1.000000
    59    9   26 1.000000
    59    9   27 1.000000
    59   10   11 1.000000
    59   10   12 1.000000
    59   10   13 1.000000
    59   10   14 1.000000
    59   10   15 1.000000
    59   10   16 1.000000
    59   10   17 1.000000
    59   10   18 1.000000
    59   10   19 1.000000
    59   10   20 1.000000
    59   10   21 1.000000
    59   10   22 1.000000
    59   10   23 1.000000
    59   10   24 1.000000
    59   10   25 1.000000
    59   10   26 1.000000
    59   10   27 1.000000
    59   11   12 1.000000
    59   11   13 1.000000
    59   11   14 1.000000
    59   11   15 1.000000
    59   11   16 1.000000
    59   11   17 1.000000
    59   11   18 1.000000
    59   11   19 1.000000
    59   11   20 1.000000
    59   11   21 1.000000
    59   11   22 1.000000
    59   11   23 1.000000
    59   11   24 1.000000
    59   11   25 1.000000
    59   11   26 1.000000
    59   11   27 1.000000
    59   12   13 1.000000
    59   12   14 1.000000
    59   12   15 1.000000
    59   12   16 1.000000
    59   12   17 1.000000
    59   12   18 1.000000
    59   12   19 1.000000
    59   12   20 1.000000
    59   12   21 1.000000
    59   12   22 1.000000
    59   12   23 1.000000
    59   12   24 1.000000
    59   12   25 1.000000
    59   12   26 1.000000
    59   12   27 1.000000
    59   13   14 1.000000
    59   13   15 1.000000
    59   13   16 1.000000
    59   13   17 1.000000
    59   13   18 1.000000
    59   13   19 1.000000
    59   13   20 1.000000
    59   13   21 1.000000
    59   13   22 1.000000
    59   13   23 1.000000
    59   13   24 1.000000
    59   13   25 1.000000
    59   13   26 1.000000
    59   13   27 1.000000
    59   14   15 1.000000
    59   14   16 1.000000
    59   14   17 1.000000
    59   14   18 1.000000
    59   14   19 1.000000
    59   14   20 1.000000
    59   14   21 1.000000
    59   14   22 1.000000
    59   14   23 1.000000
    59   14   24 1.000000
    59   14   25 1.000000
    59   14   26 1.000000
    59   14   27 1.000000
    59   15   16 1.000000
    59   15   17 1.000000
    59   15   18 1.000000
    59   15   19 1.000000
    59   15   20 1.000000
    59   15   21 1.000000
    59   15   22 1.000000
    59   15   23 1.000000
    59   15   24 1.000000
    59   15   25 1.000000
    59   15   26 1.000000
    59   15   27 1.000000
    59   16   17 1.000000
    59   16   18 1.000000
    59   16   19 1.000000
    59   16   20 1.000000
    59   16   21 1.000000
    59   16   22 1.000000
    59   16   23 1.000000
    59   16   24 1.000000
    59   16   25 1.000000
    59   16   26 1.000000
    59   16   27 1.000000
    59   17   18 1.000000
    59   17   19 1.000000
    59   17   20 1.000000
    59   17   21 1.000000
    59   17   22 1.000000
    59   17   23 1.000000
    59   17   24 1.000000
    59   17   25 1.000000
    59   17   26 1.000000
    59   17   27 1.000000
    59   18   19 1.000000
    59   18   20 1.000000
    59   18   21 1.000000
    59   18   22 1.000000
    59   18   23 1.000000
    59   18   24 1.000000
    59   18   25 1.000000
    59   18   26 1.000000
    59   18   27 1.000000
    59   19   20 1.000000
    59   19   21 1.000000
    59   19   22 1.000000
    59   19   23 1.000000
    59   19   24 1.000000
    59   19   25 1.000000
    59   19   26 1.000000
    59   19   27 1.000000
    59   20   21 1.000000
    59   20   22 1.000000
    59   20   23 1.000000
    59   20   24 1.000000
    59   20   25 1.000000
    59   20   26 1.000000
    59   20   27 1.000000
    59   21   22 1.000000
    59   21   23 1.000000
    59   21   24 1.000000
    59   21   25 1.000000
    59   21   26 1.000000
    59   21   27 1.000000
    59   22   23 1.000000
    59   22   24 1.000000
    59   22   25 1.000000
    59   22   26 1.000000
    59   22   27 1.000000
    59   23   24 1.000000
    59   23   25 1.000000
    59   23   26 1.000000
    59   23   27 1.000000
    59   24   25 1.000000
    59   24   26 1.000000
    59   24   27 1.000000
    59   25   26 1.000000
    59   25   27 1.000000
    59   26   27 1.000000
    60    1    2 1.000000
    60    1    3 1.000000
    60    1    4 1.000000
    60    1    5 1.000000
    60    1    6 1.000000
    60    1    7 1.000000
    60    1    8 1.000000
    60    1    9 1.000000
    60    1   10 1.000000
    60    1   11 1.000000
    60    1   12 1.000000
    60    1   13 1.000000
    60    1   14 1.000000
    60    1   15 1.000000
    60    1   16 1.000000
    60    1   17 1.000000
    60    1   18 1.000000
    60    1   19 1.000000
    60    1   20 1.000000
    60    1   21 1.000000
    60    1   22 1.000000
    60    1   23 1.000000
    60    1   24 1.000000
    60    1   25 1.000000
    60    1   26 1.000000
    60    1   27 1.000000
    60    2    3 1.000000
    60    2    4 1.000000
    60    2    5 1.000000
    60    2    6 1.000000
    60    2    7 1.000000
    60    2    8 1.000000
    60    2    9 1.000000
    60    2   10 1.000000
    60    2   11 1.000000
    60    2   12 1.000000
    60    2   13 1.000000
    60    2   14 1.000000
    60    2   15 1.000000
    60    2   16 1.000000
    60    2   17 1.000000
    60    2   18 1.000000
    60    2   19 1.000000
    60    2   20 1.000000
    60    2   21 1.000000
    60    2   22 1.000000
    60    2   23 1.000000
    60    2   24 1.000000
    60    2   25 1.000000
    60    2   26 1.000000
    60    2   27 1.000000
    60    3    4 1.000000
    60    3    5 1.000000
    60    3    6 1.000000
    60    3    7 1.000000
    60    3    8 1.000000
    60    3    9 1.000000
    60    3   10 1.000000
    60    3   11 1.000000
    60    3   12 1.000000
    60    3   13 1.000000
    60    3   14 1.000000
    60    3   15 1.000000
    60    3   16 1.000000
    60    3   17 1.000000
    60    3   18 1.000000
    60    3   19 1.000000
    60    3   20 1.000000
    60    3   21 1.000000
    60    3   22 1.000000
    60    3   23 1.000000
    60    3   24 1.000000
    60    3   25 1.000000
    60    3   26 1.000000
    60    3   27 1.000000
    60    4    5 1.000000
    60    4    6 1.000000
    60    4    7 1.000000
    60    4    8 1.000000
    60    4    9 1.000000
    60    4   10 1.000000
    60    4   11 1.000000
    60    4   12 1.000000
    60    4   13 1.000000
    60    4   14 1.000000
    60    4   15 1.000000
    60    4   16 1.000000
    60    4   17 1.000000
    60    4   18 1.000000
    60    4   19 1.000000
    60    4   20 1.000000
    60    4   21 1.000000
    60    4   22 1.000000
    60    4   23 1.000000
    60    4   24 1.000000
    60    4   25 1.000000
    60    4   26 1.000000
    60    4   27 1.000000
    60    5    6 1.000000
    60    5    7 1.000000
    60    5    8 1.000000
    60    5    9 1.000000
    60    5   10 1.000000
    60    5   11 1.000000
    60    5   12 1.000000
    60    5   13 1.000000
    60    5   14 1.000000
    60    5   15 1.000000
    60    5   16 1.000000
    60    5   17 1.000000
    60    5   18 1.000000
    60    5   19 1.000000
    60    5   20 1.000000
    60    5   21 1.000000
    60    5   22 1.000000
    60    5   23 1.000000
    60    5   24 1.000000
    60    5   25 1.000000
    60    5   26 1.000000
    60    5   27 1.000000
    60    6    7 1.000000
    60    6    8 1.000000
    60    6    9 1.000000
    60    6   10 1.000000
    60    6   11 1.000000
    60    6   12 1.000000
    60    6   13 1.000000
    60    6   14 1.000000
    60    6   15 1.000000
    60    6   16 1.000000
    60    6   17 1.000000
    60    6   18 1.000000
    60    6   19 1.000000
    60    6   20 1.000000
    60    6   21 1.000000
    60    6   22 1.000000
    60    6   23 1.000000
    60    6   24 1.000000
    60    6   25 1.000000
    60    6   26 1.000000
    60    6   27 1.000000
    60    7    8 1.000000
    60    7    9 1.000000
    60    7   10 1.000000
    60    7   11 1.000000
    60    7   12 1.000000
    60    7   13 1.000000
    60    7   14 1.000000
    60    7   15 1.000000
    60    7   16 1.000000
    60    7   17 1.000000
    60    7   18 1.000000
    60    7   19 1.000000
    60    7   20 1.000000
    60    7   21 1.000000
    60    7   22 1.000000
    60    7   23 1.000000
    60    7   24 1.000000
    60    7   25 1.000000
    60    7   26 1.000000
    60    7   27 1.000000
    60    8    9 1.000000
    60    8   10 1.000000
    60    8   11 1.000000
    60    8   12 1.000000
    60    8   13 1.000000
    60    8   14 1.000000
    60    8   15 1.000000
    60    8   16 1.000000
    60    8   17 1.000000
    60    8   18 1.000000
    60    8   19 1.000000
    60    8   20 1.000000
    60    8   21 1.000000
    60    8   22 1.000000
    60    8   23 1.000000
    60    8   24 1.000000
    60    8   25 1.000000
    60    8   26 1.000000
    60    8   27 1.000000
    60    9   10 1.000000
    60    9   11 1.000000
    60    9   12 1.000000
    60    9   13 1.000000
    60    9   14 1.000000
    60    9   15 1.000000
    60    9   16 1.000000
    60    9   17 1.000000
    60    9   18 1.000000
    60    9   19 1.000000
    60    9   20 1.000000
    60    9   21 1.000000
    60    9   22 1.000000
    60    9   23 1.000000
    60    9   24 1.000000
    60    9   25 1.000000
    60    9   26 1.000000
    60    9   27 1.000000
    60   10   11 1.000000
    60   10   12 1.000000
    60   10   13 1.000000
    60   10   14 1.000000
    60   10   15 1.000000
    60   10   16 1.000000
    60   10   17 1.000000
    60   10   18 1.000000
    60   10   19 1.000000
    60   10   20 1.000000
    60   10   21 1.000000
    60   10   22 1.000000
    60   10   23 1.000000
    60   10   24 1.000000
    60   10   25 1.000000
    60   10   26 1.000000
    60   10   27 1.000000
    60   11   12 1.000000
    60   11   13 1.000000
    60   11   14 1.000000
    60   11   15 1.000000
    60   11   16 1.000000
    60   11   17 1.000000
    60   11   18 1.000000
    60   11   19 1.000000
    60   11   20 1.000000
    60   11   21 1.000000
    60   11   22 1.000000
    60   11   23 1.000000
    60   11   24 1.000000
    60   11   25 1.000000
    60   11   26 1.000000
    60   11   27 1.000000
    60   12   13 1.000000
    60   12   14 1.000000
    60   12   15 1.000000
    60   12   16 1.000000
    60   12   17 1.000000
    60   12   18 1.000000
    60   12   19 1.000000
    60   12   20 1.000000
    60   12   21 1.000000
    60   12   22 1.000000
    60   12   23 1.000000
    60   12   24 1.000000
    60   12   25 1.000000
    60   12   26 1.000000
    60   12   27 1.000000
    60   13   14 1.000000
    60   13   15 1.000000
    60   13   16 1.000000
    60   13   17 1.000000
    60   13   18 1.000000
    60   13   19 1.000000
    60   13   20 1.000000
    60   13   21 1.000000
    60   13   22 1.000000
    60   13   23 1.000000
    60   13   24 1.000000
    60   13   25 1.000000
    60   13   26 1.000000
    60   13   27 1.000000
    60   14   15 1.000000
    60   14   16 1.000000
    60   14   17 1.000000
    60   14   18 1.000000
    60   14   19 1.000000
    60   14   20 1.000000
    60   14   21 1.000000
    60   14   22 1.000000
    60   14   23 1.000000
    60   14   24 1.000000
    60   14   25 1.000000
    60   14   26 1.000000
    60   14   27 1.000000
    60   15   16 1.000000
    60   15   17 1.000000
    60   15   18 1.000000
    60   15   19 1.000000
    60   15   20 1.000000
    60   15   21 1.000000
    60   15   22 1.000000
    60   15   23 1.000000
    60   15   24 1.000000
    60   15   25 1.000000
    60   15   26 1.000000
    60   15   27 1.000000
    60   16   17 1.000000
    60   16   18 1.000000
    60   16   19 1.000000
    60   16   20 1.000000
    60   16   21 1.000000
    60   16   22 1.000000
    60   16   23 1.000000
    60   16   24 1.000000
    60   16   25 1.000000
    60   16   26 1.000000
    60   16   27 1.000000
    60   17   18 1.000000
    60   17   19 1.000000
    60   17   20 1.000000
    60   17   21 1.000000
    60   17   22 1.000000
    60   17   23 1.000000
    60   17   24 1.000000
    60   17   25 1.000000
    60   17   26 1.000000
    60   17   27 1.000000
    60   18   19 1.000000
    60   18   20 1.000000
    60   18   21 1.000000
    60   18   22 1.000000
    60   18   23 1.000000
    60   18   24 1.000000
    60   18   25 1.000000
    60   18   26 1.000000
    60   18   27 1.000000
    60   19   20 1.000000
    60   19   21 1.000000
    60   19   22 1.000000
    60   19   23 1.000000
    60   19   24 1.000000
    60   19   25 1.000000
    60   19   26 1.000000
    60   19   27 1.000000
    60   20   21 1.000000
    60   20   22 1.000000
    60   20   23 1.000000
    60   20   24 1.000000
    60   20   25 1.000000
    60   20   26 1.000000
    60   20   27 1.000000
    60   21   22 1.000000
    60   21   23 1.000000
    60   21   24 1.000000
    60   21   25 1.000000
    60   21   26 1.000000
    60   21   27 1.000000
    60   22   23 1.000000
    60   22   24 1.000000
    60   22   25 1.000000
    60   22   26 1.000000
    60   22   27 1.000000
    60   23   24 1.000000
    60   23   25 1.000000
    60   23   26 1.000000
    60   23   27 1.000000
    60   24   25 1.000000
    60   24   26 1.000000
    60   24   27 1.000000
    60   25   26 1.000000
    60   25   27 1.000000
    60   26   27 1.000000
    61    1    2 1.000000
    61    1    3 1.000000
    61    1    4 1.000000
    61    1    5 1.000000
    61    1    6 1.000000
    61    1    7 1.000000
    61    1    8 0.104167
    61    1    9 1.000000
    61    1   10 1.000000
    61    1   11 1.000000
    61    1   12 1.000000
    61    1   13 1.000000
    61    1   14 1.000000
    61    1   15 1.000000
    61    1   16 1.000000
    61    1   17 1.000000
    61    1   18 1.000000
    61    1   19 1.000000
    61    1   20 1.000000
    61    1   21 1.000000
    61    1   23 1.000000
    61    1   25 1.000000
    61    1   26 1.000000
    61    2    3 1.000000
    61    2    4 1.000000
    61    2    5 1.000000
    61    2    6 1.000000
    61    2    7 1.000000
    61    2    8 0.104167
    61    2    9 1.000000
    61    2   10 1.000000
    61    2   11 1.000000
    61    2   12 1.000000
    61    2   13 1.000000
    61    2   14 1.000000
    61    2   15 1.000000
    61    2   16 1.000000
    61    2   17 1.000000
    61    2   18 1.000000
    61    2   19 1.000000
    61    2   20 1.000000
    61    2   21 1.000000
    61    2   23 1.000000
    61    2   25 1.000000
    61    2   26 1.000000
    61    3    4 1.000000
    61    3    5 1.000000
    61    3    6 1.000000
    61    3    7 1.000000
    61    3    8 0.104167
    61    3    9 1.000000
    61    3   10 1.000000
    61    3   11 1.000000
    61    3   12 1.000000
    61    3   13 1.000000
    61    3   14 1.000000
    61    3   15 1.000000
    61    3   16 1.000000
    61    3   17 1.000000
    61    3   18 1.000000
    61    3   19 1.000000
    61    3   20 1.000000
    61    3   21 1.000000
    61    3   23 1.000000
    61    3   25 1.000000
    61    3   26 1.000000
    61    4    5 1.000000
    61    4    6 1.000000
    61    4    7 1.000000
    61    4    8 0.104167
    61    4    9 1.000000
    61    4   10 1.000000
    61    4   11 1.000000
    61    4   12 1.000000
    61    4   13 1.000000
    61    4   14 1.000000
    61    4   15 1.000000
    61    4   16 1.000000
    61    4   17 1.000000
    61    4   18 1.000000
    61    4   19 1.000000
    61    4   20 1.000000
    61    4   21 1.000000
    61    4   23 1.000000
    61    4   25 1.000000
    61    4   26 1.000000
    61    5    6 1.000000
    61    5    7 1.000000
    61    5    8 0.104167
    61    5    9 1.000000
    61    5   10 1.000000
    61    5   11 1.000000
    61    5   12 1.000000
    61    5   13 1.000000
    61    5   14 1.000000
    61    5   15 1.000000
    61    5   16 1.000000
    61    5   17 1.000000
    61    5   18 1.000000
    61    5   19 1.000000
    61    5   20 1.000000
    61    5   21 1.000000
    61    5   23 1.000000
    61    5   25 1.000000
    61    5   26 1.000000
    61    6    7 1.000000
    61    6    8 0.104167
    61    6    9 1.000000
    61    6   10 1.000000
    61    6   11 1.000000
    61    6   12 1.000000
    61    6   13 1.000000
    61    6   14 1.000000
    61    6   15 1.000000
    61    6   16 1.000000
    61    6   17 1.000000
    61    6   18 1.000000
    61    6   19 1.000000
    61    6   20 1.000000
    61    6   21 1.000000
    61    6   23 1.000000
    61    6   25 1.000000
    61    6   26 1.000000
    61    7    8 0.104167
    61    7    9 1.000000
    61    7   10 1.000000
    61    7   11 1.000000
    61    7   12 1.000000
    61    7   13 1.000000
    61    7   14 1.000000
    61    7   15 1.000000
    61    7   16 1.000000
    61    7   17 1.000000
    61    7   18 1.000000
    61    7   19 1.000000
    61    7   20 1.000000
    61    7   21 1.000000
    61    7   23 1.000000
    61    7   25 1.000000
    61    7   26 1.000000
    61    8    9 0.104167
    61    8   10 0.104167
    61    8   11 0.104167
    61    8   12 0.104167
    61    8   13 0.104167
    61    8   14 0.104167
    61    8   15 0.104167
    61    8   16 0.104167
    61    8   17 0.104167
    61    8   18 0.104167
    61    8   19 0.104167
    61    8   20 0.104167
    61    8   21 0.104167
    61    8   23 0.104167
    61    8   25 0.104167
    61    8   26 0.104167
    61    9   10 1.000000
    61    9   11 1.000000
    61    9   12 1.000000
    61    9   13 1.000000
    61    9   14 1.000000
    61    9   15 1.000000
    61    9   16 1.000000
    61    9   17 1.000000
    61    9   18 1.000000
    61    9   19 1.000000
    61    9   20 1.000000
    61    9   21 1.000000
    61    9   23 1.000000
    61    9   25 1.000000
    61    9   26 1.000000
    61   10   11 1.000000
    61   10   12 1.000000
    61   10   13 1.000000
    61   10   14 1.000000
    61   10   15 1.000000
    61   10   16 1.000000
    61   10   17 1.000000
    61   10   18 1.000000
    61   10   19 1.000000
    61   10   20 1.000000
    61   10   21 1.000000
    61   10   23 1.000000
    61   10   25 1.000000
    61   10   26 1.000000
    61   11   12 1.000000
    61   11   13 1.000000
    61   11   14 1.000000
    61   11   15 1.000000
    61   11   16 1.000000
    61   11   17 1.000000
    61   11   18 1.000000
    61   11   19 1.000000
    61   11   20 1.000000
    61   11   21 1.000000
    61   11   23 1.000000
    61   11   25 1.000000
    61   11   26 1.000000
    61   12   13 1.000000
    61   12   14 1.000000
    61   12   15 1.000000
    61   12   16 1.000000
    61   12   17 1.000000
    61   12   18 1.000000
    61   12   19 1.000000
    61   12   20 1.000000
    61   12   21 1.000000
    61   12   23 1.000000
    61   12   25 1.000000
    61   12   26 1.000000
    61   13   14 1.000000
    61   13   15 1.000000
    61   13   16 1.000000
    61   13   17 1.000000
    61   13   18 1.000000
    61   13   19 1.000000
    61   13   20 1.000000
    61   13   21 1.000000
    61   13   23 1.000000
    61   13   25 1.000000
    61   13   26 1.000000
    61   14   15 1.000000
    61   14   16 1.000000
    61   14   17 1.000000
    61   14   18 1.000000
    61   14   19 1.000000
    61   14   20 1.000000
    61   14   21 1.000000
    61   14   23 1.000000
    61   14   25 1.000000
    61   14   26 1.000000
    61   15   16 1.000000
    61   15   17 1.000000
    61   15   18 1.000000
    61   15   19 1.000000
    61   15   20 1.000000
    61   15   21 1.000000
    61   15   23 1.000000
    61   15   25 1.000000
    61   15   26 1.000000
    61   16   17 1.000000
    61   16   18 1.000000
    61   16   19 1.000000
    61   16   20 1.000000
    61   16   21 1.000000
    61   16   23 1.000000
    61   16   25 1.000000
    61   16   26 1.000000
    61   17   18 1.000000
    61   17   19 1.000000
    61   17   20 1.000000
    61   17   21 1.000000
    61   17   23 1.000000
    61   17   25 1.000000
    61   17   26 1.000000
    61   18   19 1.000000
    61   18   20 1.000000
    61   18   21 1.000000
    61   18   23 1.000000
    61   18   25 1.000000
    61   18   26 1.000000
    61   19   20 1.000000
    61   19   21 1.000000
    61   19   23 1.000000
    61   19   25 1.000000
    61   19   26 1.000000
    61   20   21 1.000000
    61   20   23 1.000000
    61   20   25 1.000000
    61   20   26 1.000000
    61   21   23 1.000000
    61   21   25 1.000000
    61   21   26 1.000000
    61   23   25 1.000000
    61   23   26 1.000000
    61   25   26 1.000000
    62    1    2 0.979167
    62    1    3 1.000000
    62    1    4 1.000000
    62    1    5 0.979167
    62    1    6 0.979167
    62    1    8 0.104167
    62    1    9 1.000000
    62    1   10 0.979167
    62    1   11 0.979167
    62    1   12 0.979167
    62    1   13 0.979167
    62    1   14 0.979167
    62    1   15 0.979167
    62    1   16 0.979167
    62    1   17 0.979167
    62    1   18 0.979167
    62    1   19 0.979167
    62    1   20 0.979167
    62    1   21 0.979167
    62    1   23 0.979167
    62    1   25 0.979167
    62    1   26 0.979167
    62    2    3 0.979167
    62    2    4 0.979167
    62    2    5 1.000000
    62    2    6 1.000000
    62    2    8 0.104167
    62    2    9 0.979167
    62    2   10 1.000000
    62    2   11 1.000000
    62    2   12 1.000000
    62    2   13 1.000000
    62    2   14 1.000000
    62    2   15 1.000000
    62    2   16 1.000000
    62    2   17 1.000000
    62    2   18 1.000000
    62    2   19 1.000000
    62    2   20 1.000000
    62    2   21 1.000000
    62    2   23 1.000000
    62    2   25 1.000000
    62    2   26 1.000000
    62    3    4 1.000000
    62    3    5 0.979167
    62    3    6 0.979167
    62    3    8 0.104167
    62    3    9 1.000000
    62    3   10 0.979167
    62    3   11 0.979167
    62    3   12 0.979167
    62    3   13 0.979167
    62    3   14 0.979167
    62    3   15 0.979167
    62    3   16 0.979167
    62    3   17 0.979167
    62    3   18 0.979167
    62    3   19 0.979167
    62    3   20 0.979167
    62    3   21 0.979167
    62    3   23 0.979167
    62    3   25 0.979167
    62    3   26 0.979167
    62    4    5 0.979167
    62    4    6 0.979167
    62    4    8 0.104167
    62    4    9 1.000000
    62    4   10 0.979167
    62    4   11 0.979167
    62    4   12 0.979167
    62    4   13 0.979167
    62    4   14 0.979167
    62    4   15 0.979167
    62    4   16 0.979167
    62    4   17 0.979167
    62    4   18 0.979167
    62    4   19 0.979167
    62    4   20 0.979167
    62    4   21 0.979167
    62    4   23 0.979167
    62    4   25 0.979167
    62    4   26 0.979167
    62    5    6 1.000000
    62    5    8 0.104167
    62    5    9 0.979167
    62    5   10 1.000000
    62    5   11 1.000000
    62    5   12 1.000000
    62    5   13 1.000000
    62    5   14 1.000000
    62    5   15 1.000000
    62    5   16 1.000000
    62    5   17 1.000000
    62    5   18 1.000000
    62    5   19 1.000000
    62    5   20 1.000000
    62    5   21 1.000000
    62    5   23 1.000000
    62    5   25 1.000000
    62    5   26 1.000000
    62    6    8 0.104167
    62    6    9 0.979167
    62    6   10 1.000000
    62    6   11 1.000000
    62    6   12 1.000000
    62    6   13 1.000000
    62    6   14 1.000000
    62    6   15 1.000000
    62    6   16 1.000000
    62    6   17 1.000000
    62    6   18 1.000000
    62    6   19 1.000000
    62    6   20 1.000000
    62    6   21 1.000000
    62    6   23 1.000000
    62    6   25 1.000000
    62    6   26 1.000000
    62    8    9 0.104167
    62    8   10 0.104167
    62    8   11 0.104167
    62    8   12 0.104167
    62    8   13 0.104167
    62    8   14 0.104167
    62    8   15 0.104167
    62    8   16 0.104167
    62    8   17 0.104167
    62    8   18 0.104167
    62    8   19 0.104167
    62    8   20 0.104167
    62    8   21 0.104167
    62    8   23 0.104167
    62    8   25 0.104167
    62    8   26 0.104167
    62    9   10 0.979167
    62    9   11 0.979167
    62    9   12 0.979167
    62    9   13 0.979167
    62    9   14 0.979167
    62    9   15 0.979167
    62    9   16 0.979167
    62    9   17 0.979167
    62    9   18 0.979167
    62    9   19 0.979167
    62    9   20 0.979167
    62    9   21 0.979167
    62    9   23 0.979167
    62    9   25 0.979167
    62    9   26 0.979167
    62   10   11 1.000000
    62   10   12 1.000000
    62   10   13 1.000000
    62   10   14 1.000000
    62   10   15 1.000000
    62   10   16 1.000000
    62   10   17 1.000000
    62   10   18 1.000000
    62   10   19 1.000000
    62   10   20 1.000000
    62   10   21 1.000000
    62   10   23 1.000000
    62   10   25 1.000000
    62   10   26 1.000000
    62   11   12 1.000000
    62   11   13 1.000000
    62   11   14 1.000000
    62   11   15 1.000000
    62   11   16 1.000000
    62   11   17 1.000000
    62   11   18 1.000000
    62   11   19 1.000000
    62   11   20 1.000000
    62   11   21 1.000000
    62   11   23 1.000000
    62   11   25 1.000000
    62   11   26 1.000000
    62   12   13 1.000000
    62   12   14 1.000000
    62   12   15 1.000000
    62   12   16 1.000000
    62   12   17 1.000000
    62   12   18 1.000000
    62   12   19 1.000000
    62   12   20 1.000000
    62   12   21 1.000000
    62   12   23 1.000000
    62   12   25 1.000000
    62   12   26 1.000000
    62   13   14 1.000000
    62   13   15 1.000000
    62   13   16 1.000000
    62   13   17 1.000000
    62   13   18 1.000000
    62   13   19 1.000000
    62   13   20 1.000000
    62   13   21 1.000000
    62   13   23 1.000000
    62   13   25 1.000000
    62   13   26 1.000000
    62   14   15 1.000000
    62   14   16 1.000000
    62   14   17 1.000000
    62   14   18 1.000000
    62   14   19 1.000000
    62   14   20 1.000000
    62   14   21 1.000000
    62   14   23 1.000000
    62   14   25 1.000000
    62   14   26 1.000000
    62   15   16 1.000000
    62   15   17 1.000000
    62   15   18 1.000000
    62   15   19 1.000000
    62   15   20 1.000000
    62   15   21 1.000000
    62   15   23 1.000000
    62   15   25 1.000000
    62   15   26 1.000000
    62   16   17 1.000000
    62   16   18 1.000000
    62   16   19 1.000000
    62   16   20 1.000000
    62   16   21 1.000000
    62   16   23 1.000000
    62   16   25 1.000000
    62   16   26 1.000000
    62   17   18 1.000000
    62   17   19 1.000000
    62   17   20 1.000000
    62   17   21 1.000000
    62   17   23 1.000000
    62   17   25 1.000000
    62   17   26 1.000000
    62   18   19 1.000000
    62   18   20 1.000000
    62   18   21 1.000000
    62   18   23 1.000000
    62   18   25 1.000000
    62   18   26 1.000000
    62   19   20 1.000000
    62   19   21 1.000000
    62   19   23 1.000000
    62   19   25 1.000000
    62   19   26 1.000000
    62   20   21 1.000000
    62   20   23 1.000000
    62   20   25 1.000000
    62   20   26 1.000000
    62   21   23 1.000000
    62   21   25 1.000000
    62   21   26 1.000000
    62   23   25 1.000000
    62   23   26 1.000000
    62   25   26 1.000000
    63    2   21 0.958333
    63    2   23 0.958333
    63   21   23 1.000000
    64    2   21 0.958333
    64    2   23 0.958333
    64    2   24 0.958333
    64   21   23 1.000000
    64   21   24 1.000000
    64   23   24 1.000000
    65    2   21 0.958333
    65    2   22 0.916667
    65    2   23 0.958333
    65    2   24 0.958333
    65    2   27 0.875000
    65   21   22 0.916667
    65   21   23 1.000000
    65   21   24 1.000000
    65   21   27 0.875000
    65   22   23 0.916667
    65   22   24 0.916667
    65   22   27 0.958333
    65   23   24 1.000000
    65   23   27 0.875000
    65   24   27 0.875000
    66    2    4 0.145833
    66    2    5 0.145833
    66    2    6 0.145833
    66    2    7 1.000000
    66    2   10 0.145833
    66    2   11 0.145833
    66    2   12 0.145833
    66    2   13 0.125000
    66    2   14 0.145833
    66    2   15 0.145833
    66    2   16 0.145833
    66    2   17 0.145833
    66    2   18 0.145833
    66    2   19 0.145833
    66    2   20 0.145833
    66    2   21 0.833333
    66    2   22 0.833333
    66    2   23 0.833333
    66    2   24 0.833333
    66    2   26 0.145833
    66    2   27 0.812500
    66    4    5 0.979167
    66    4    6 0.979167
    66    4    7 0.145833
    66    4   10 0.979167
    66    4   11 0.979167
    66    4   12 0.979167
    66    4   13 0.958333
    66    4   14 0.979167
    66    4   15 0.979167
    66    4   16 0.979167
    66    4   17 0.979167
    66    4   18 0.979167
    66    4   19 0.979167
    66    4   20 0.979167
    66    4   21 0.104167
    66    4   22 0.104167
    66    4   23 0.104167
    66    4   24 0.104167
    66    4   26 0.979167
    66    4   27 0.083333
    66    5    6 1.000000
    66    5    7 0.145833
    66    5   10 1.000000
    66    5   11 1.000000
    66    5   12 1.000000
    66    5   13 0.979167
    66    5   14 1.000000
    66    5   15 1.000000
    66    5   16 1.000000
    66    5   17 1.000000
    66    5   18 1.000000
    66    5   19 1.000000
    66    5   20 1.000000
    66    5   21 0.104167
    66    5   22 0.104167
    66    5   23 0.104167
    66    5   24 0.104167
    66    5   26 1.000000
    66    5   27 0.083333
    66    6    7 0.145833
    66    6   10 1.000000
    66    6   11 1.000000
    66    6   12 1.000000
    66    6   13 0.979167
    66    6   14 1.000000
    66    6   15 1.000000
    66    6   16 1.000000
    66    6   17 1.000000
    66    6   18 1.000000
    66    6   19 1.000000
    66    6   20 1.000000
    66    6   21 0.104167
    66    6   22 0.104167
    66    6   23 0.104167
    66    6   24 0.104167
    66    6   26 1.000000
    66    6   27 0.083333
    66    7   10 0.145833
    66    7   11 0.145833
    66    7   12 0.145833
    66    7   13 0.125000
    66    7   14 0.145833
    66    7   15 0.145833
    66    7   16 0.145833
    66    7   17 0.145833
    66    7   18 0.145833
    66    7   19 0.145833
    66    7   20 0.145833
    66    7   21 0.833333
    66    7   22 0.833333
    66    7   23 0.833333
    66    7   24 0.833333
    66    7   26 0.145833
    66    7   27 0.812500
    66   10   11 1.000000
    66   10   12 1.000000
    66   10   13 0.979167
    66   10   14 1.000000
    66   10   15 1.000000
    66   10   16 1.000000
    66   10   17 1.000000
    66   10   18 1.000000
    66   10   19 1.000000
    66   10   20 1.000000
    66   10   21 0.104167
    66   10   22 0.104167
    66   10   23 0.104167
    66   10   24 0.104167
    66   10   26 1.000000
    66   10   27 0.083333
    66   11   12 1.000000
    66   11   13 0.979167
    66   11   14 1.000000
    66   11   15 1.000000
    66   11   16 1.000000
    66   11   17 1.000000
    66   11   18 1.000000
    66   11   19 1.000000
    66   11   20 1.000000
    66   11   21 0.104167
    66   11   22 0.104167
    66   11   23 0.104167
    66   11   24 0.104167
    66   11   26 1.000000
    66   11   27 0.083333
    66   12   13 0.979167
    66   12   14 1.000000
    66   12   15 1.000000
    66   12   16 1.000000
    66   12   17 1.000000
    66   12   18 1.000000
    66   12   19 1.000000
    66   12   20 1.000000
    66   12   21 0.104167
    66   12   22 0.104167
    66   12   23 0.104167
    66   12   24 0.104167
    66   12   26 1.000000
    66   12   27 0.083333
    66   13   14 0.979167
    66   13   15 0.979167
    66   13   16 0.979167
    66   13   17 0.979167
    66   13   18 0.979167
    66   13   19 0.979167
    66   13   20 0.979167
    66   13   21 0.083333
    66   13   22 0.083333
    66   13   23 0.083333
    66   13   24 0.083333
    66   13   26 0.979167
    66   13   27 0.062500
    66   14   15 1.000000
    66   14   16 1.000000
    66   14   17 1.000000
    66   14   18 1.000000
    66   14   19 1.000000
    66   14   20 1.000000
    66   14   21 0.104167
    66   14   22 0.104167
    66   14   23 0.104167
    66   14   24 0.104167
    66   14   26 1.000000
    66   14   27 0.083333
    66   15   16 1.000000
    66   15   17 1.000000
    66   15   18 1.000000
    66   15   19 1.000000
    66   15   20 1.000000
    66   15   21 0.104167
    66   15   22 0.104167
    66   15   23 0.104167
    66   15   24 0.104167
    66   15   26 1.000000
    66   15   27 0.083333
    66   16   17 1.000000
    66   16   18 1.000000
    66   16   19 1.000000
    66   16   20 1.000000
    66   16   21 0.104167
    66   16   22 0.104167
    66   16   23 0.104167
    66   16   24 0.104167
    66   16   26 1.000000
    66   16   27 0.083333
    66   17   18 1.000000
    66   17   19 1.000000
    66   17   20 1.000000
    66   17   21 0.104167
    66   17   22 0.104167
    66   17   23 0.104167
    66   17   24 0.104167
    66   17   26 1.000000
    66   17   27 0.083333
    66   18   19 1.000000
    66   18   20 1.000000
    66   18   21 0.104167
    66   18   22 0.104167
    66   18   23 0.104167
    66   18   24 0.104167
    66   18   26 1.000000
    66   18   27 0.083333
    66   19   20 1.000000
    66   19   21 0.104167
    66   19   22 0.104167
    66   19   23 0.104167
    66   19   24 0.104167
    66   19   26 1.000000
    66   19   27 0.083333
    66   20   21 0.104167
    66   20   22 0.104167
    66   20   23 0.104167
    66   20   24 0.104167
    66   20   26 1.000000
    66   20   27 0.083333
    66   21   22 0.958333
    66   21   23 1.000000
    66   21   24 1.000000
    66   21   26 0.104167
    66   21   27 0.937500
    66   22   23 0.958333
    66   22   24 0.958333
    66   22   26 0.104167
    66   22   27 0.979167
    66   23   24 1.000000
    66   23   26 0.104167
    66   23   27 0.937500
    66   24   26 0.104167
    66   24   27 0.937500
    66   26   27 0.083333
    67    1    2 0.145833
    67    1    3 0.958333
    67    1    4 0.958333
    67    1    5 0.937500
    67    1    7 0.145833
    67    1    9 0.958333
    67    1   10 0.937500
    67    1   11 0.937500
    67    1   12 0.937500
    67    1   13 0.916667
    67    1   14 0.937500
    67    1   15 0.937500
    67    1   16 0.937500
    67    1   17 0.937500
    67    1   18 0.937500
    67    1   19 0.937500
    67    1   20 0.937500
    67    1   21 0.104167
    67    1   22 0.104167
    67    1   23 0.104167
    67    1   24 0.104167
    67    1   26 0.937500
    67    1   27 0.083333
    67    2    3 0.145833
    67    2    4 0.145833
    67    2    5 0.145833
    67    2    7 1.000000
    67    2    9 0.145833
    67    2   10 0.145833
    67    2   11 0.145833
    67    2   12 0.145833
    67    2   13 0.125000
    67    2   14 0.145833
    67    2   15 0.145833
    67    2   16 0.145833
    67    2   17 0.145833
    67    2   18 0.145833
    67    2   19 0.145833
    67    2   20 0.145833
    67    2   21 0.833333
    67    2   22 0.833333
    67    2   23 0.833333
    67    2   24 0.833333
    67    2   26 0.145833
    67    2   27 0.812500
    67    3    4 1.000000
    67    3    5 0.979167
    67    3    7 0.145833
    67    3    9 0.916667
    67    3   10 0.979167
    67    3   11 0.979167
    67    3   12 0.979167
    67    3   13 0.958333
    67    3   14 0.979167
    67    3   15 0.979167
    67    3   16 0.979167
    67    3   17 0.979167
    67    3   18 0.979167
    67    3   19 0.979167
    67    3   20 0.979167
    67    3   21 0.104167
    67    3   22 0.104167
    67    3   23 0.104167
    67    3   24 0.104167
    67    3   26 0.979167
    67    3   27 0.083333
    67    4    5 0.979167
    67    4    7 0.145833
    67    4    9 0.916667
    67    4   10 0.979167
    67    4   11 0.979167
    67    4   12 0.979167
    67    4   13 0.958333
    67    4   14 0.979167
    67    4   15 0.979167
    67    4   16 0.979167
    67    4   17 0.979167
    67    4   18 0.979167
    67    4   19 0.979167
    67    4   20 0.979167
    67    4   21 0.104167
    67    4   22 0.104167
    67    4   23 0.104167
    67    4   24 0.104167
    67    4   26 0.979167
    67    4   27 0.083333
    67    5    7 0.145833
    67    5    9 0.895833
    67    5   10 1.000000
    67    5   11 1.000000
    67    5   12 1.000000
    67    5   13 0.979167
    67    5   14 1.000000
    67    5   15 1.000000
    67    5   16 1.000000
    67    5   17 1.000000
    67    5   18 1.000000
    67    5   19 1.000000
    67    5   20 1.000000
    67    5   21 0.104167
    67    5   22 0.104167
    67    5   23 0.104167
    67    5   24 0.104167
    67    5   26 1.000000
    67    5   27 0.083333
    67    7    9 0.145833
    67    7   10 0.145833
    67    7   11 0.145833
    67    7   12 0.145833
    67    7   13 0.125000
    67    7   14 0.145833
    67    7   15 0.145833
    67    7   16 0.145833
    67    7   17 0.145833
    67    7   18 0.145833
    67    7   19 0.145833
    67    7   20 0.145833
    67    7   21 0.833333
    67    7   22 0.833333
    67    7   23 0.833333
    67    7   24 0.833333
    67    7   26 0.145833
    67    7   27 0.812500
    67    9   10 0.895833
    67    9   11 0.895833
    67    9   12 0.895833
    67    9   13 0.875000
    67    9   14 0.895833
    67    9   15 0.895833
    67    9   16 0.895833
    67    9   17 0.895833
    67    9   18 0.895833
    67    9   19 0.895833
    67    9   20 0.895833
    67    9   21 0.104167
    67    9   22 0.104167
    67    9   23 0.104167
    67    9   24 0.104167
    67    9   26 0.895833
    67    9   27 0.083333
    67   10   11 1.000000
    67   10   12 1.000000
    67   10   13 0.979167
    67   10   14 1.000000
    67   10   15 1.000000
    67   10   16 1.000000
    67   10   17 1.000000
    67   10   18 1.000000
    67   10   19 1.000000
    67   10   20 1.000000
    67   10   21 0.104167
    67   10   22 0.104167
    67   10   23 0.104167
    67   10   24 0.104167
    67   10   26 1.000000
    67   10   27 0.083333
    67   11   12 1.000000
    67   11   13 0.979167
    67   11   14 1.000000
    67   11   15 1.000000
    67   11   16 1.000000
    67   11   17 1.000000
    67   11   18 1.000000
    67   11   19 1.000000
    67   11   20 1.000000
    67   11   21 0.104167
    67   11   22 0.104167
    67   11   23 0.104167
    67   11   24 0.104167
    67   11   26 1.000000
    67   11   27 0.083333
    67   12   13 0.979167
    67   12   14 1.000000
    67   12   15 1.000000
    67   12   16 1.000000
    67   12   17 1.000000
    67   12   18 1.000000
    67   12   19 1.000000
    67   12   20 1.000000
    67   12   21 0.104167
    67   12   22 0.104167
    67   12   23 0.104167
    67   12   24 0.104167
    67   12   26 1.000000
    67   12   27 0.083333
    67   13   14 0.979167
    67   13   15 0.979167
    67   13   16 0.979167
    67   13   17 0.979167
    67   13   18 0.979167
    67   13   19 0.979167
    67   13   20 0.979167
    67   13   21 0.083333
    67   13   22 0.083333
    67   13   23 0.083333
    67   13   24 0.083333
    67   13   26 0.979167
    67   13   27 0.062500
    67   14   15 1.000000
    67   14   16 1.000000
    67   14   17 1.000000
    67   14   18 1.000000
    67   14   19 1.000000
    67   14   20 1.000000
    67   14   21 0.104167
    67   14   22 0.104167
    67   14   23 0.104167
    67   14   24 0.104167
    67   14   26 1.000000
    67   14   27 0.083333
    67   15   16 1.000000
    67   15   17 1.000000
    67   15   18 1.000000
    67   15   19 1.000000
    67   15   20 1.000000
    67   15   21 0.104167
    67   15   22 0.104167
    67   15   23 0.104167
    67   15   24 0.104167
    67   15   26 1.000000
    67   15   27 0.083333
    67   16   17 1.000000
    67   16   18 1.000000
    67   16   19 1.000000
    67   16   20 1.000000
    67   16   21 0.104167
    67   16   22 0.104167
    67   16   23 0.104167
    67   16   24 0.104167
    67   16   26 1.000000
    67   16   27 0.083333
    67   17   18 1.000000
    67   17   19 1.000000
    67   17   20 1.000000
    67   17   21 0.104167
    67   17   22 0.104167
    67   17   23 0.104167
    67   17   24 0.104167
    67   17   26 1.000000
    67   17   27 0.083333
    67   18   19 1.000000
    67   18   20 1.000000
    67   18   21 0.104167
    67   18   22 0.104167
    67   18   23 0.104167
    67   18   24 0.104167
    67   18   26 1.000000
    67   18   27 0.083333
    67   19   20 1.000000
    67   19   21 0.104167
    67   19   22 0.104167
    67   19   23 0.104167
    67   19   24 0.104167
    67   19   26 1.000000
    67   19   27 0.083333
    67   20   21 0.104167
    67   20   22 0.104167
    67   20   23 0.104167
    67   20   24 0.104167
    67   20   26 1.000000
    67   20   27 0.083333
    67   21   22 1.000000
    67   21   23 1.000000
    67   21   24 1.000000
    67   21   26 0.104167
    67   21   27 0.979167
    67   22   23 1.000000
    67   22   24 1.000000
    67   22   26 0.104167
    67   22   27 0.979167
    67   23   24 1.000000
    67   23   26 0.104167
    67   23   27 0.979167
    67   24   26 0.104167
    67   24   27 0.979167
    67   26   27 0.083333
    68    1    2 0.145833
    68    1    3 0.979167
    68    1    4 0.979167
    68    1    5 0.958333
    68    1    7 0.145833
    68    1    9 0.916667
    68    1   10 0.916667
    68    1   11 0.916667
    68    1   12 0.916667
    68    1   13 0.895833
    68    1   14 0.916667
    68    1   15 0.916667
    68    1   16 0.916667
    68    1   17 0.916667
    68    1   19 0.916667
    68    1   20 0.916667
    68    1   21 0.145833
    68    1   22 0.145833
    68    1   23 0.145833
    68    1   24 0.145833
    68    1   26 0.916667
    68    1   27 0.125000
    68    2    3 0.145833
    68    2    4 0.145833
    68    2    5 0.145833
    68    2    7 1.000000
    68    2    9 0.145833
    68    2   10 0.145833
    68    2   11 0.145833
    68    2   12 0.145833
    68    2   13 0.125000
    68    2   14 0.145833
    68    2   15 0.145833
    68    2   16 0.145833
    68    2   17 0.145833
    68    2   19 0.145833
    68    2   20 0.145833
    68    2   21 0.083333
    68    2   22 0.083333
    68    2   23 0.083333
    68    2   24 0.083333
    68    2   26 0.145833
    68    2   27 0.062500
    68    3    4 1.000000
    68    3    5 0.979167
    68    3    7 0.145833
    68    3    9 0.916667
    68    3   10 0.937500
    68    3   11 0.937500
    68    3   12 0.937500
    68    3   13 0.916667
    68    3   14 0.937500
    68    3   15 0.937500
    68    3   16 0.937500
    68    3   17 0.937500
    68    3   19 0.937500
    68    3   20 0.937500
    68    3   21 0.125000
    68    3   22 0.125000
    68    3   23 0.125000
    68    3   24 0.125000
    68    3   26 0.937500
    68    3   27 0.104167
    68    4    5 0.979167
    68    4    7 0.145833
    68    4    9 0.916667
    68    4   10 0.937500
    68    4   11 0.937500
    68    4   12 0.937500
    68    4   13 0.916667
    68    4   14 0.937500
    68    4   15 0.937500
    68    4   16 0.937500
    68    4   17 0.937500
    68    4   19 0.937500
    68    4   20 0.937500
    68    4   21 0.125000
    68    4   22 0.125000
    68    4   23 0.125000
    68    4   24 0.125000
    68    4   26 0.937500
    68    4   27 0.104167
    68    5    7 0.145833
    68    5    9 0.895833
    68    5   10 0.937500
    68    5   11 0.937500
    68    5   12 0.937500
    68    5   13 0.916667
    68    5   14 0.937500
    68    5   15 0.937500
    68    5   16 0.937500
    68    5   17 0.937500
    68    5   19 0.937500
    68    5   20 0.937500
    68    5   21 0.145833
    68    5   22 0.145833
    68    5   23 0.145833
    68    5   24 0.145833
    68    5   26 0.937500
    68    5   27 0.125000
    68    7    9 0.145833
    68    7   10 0.145833
    68    7   11 0.145833
    68    7   12 0.145833
    68    7   13 0.125000
    68    7   14 0.145833
    68    7   15 0.145833
    68    7   16 0.145833
    68    7   17 0.145833
    68    7   19 0.145833
    68    7   20 0.145833
    68    7   21 0.083333
    68    7   22 0.083333
    68    7   23 0.083333
    68    7   24 0.083333
    68    7   26 0.145833
    68    7   27 0.062500
    68    9   10 0.895833
    68    9   11 0.895833
    68    9   12 0.895833
    68    9   13 0.875000
    68    9   14 0.895833
    68    9   15 0.895833
    68    9   16 0.895833
    68    9   17 0.895833
    68    9   19 0.895833
    68    9   20 0.895833
    68    9   21 0.083333
    68    9   22 0.083333
    68    9   23 0.083333
    68    9   24 0.083333
    68    9   26 0.895833
    68    9   27 0.062500
    68   10   11 1.000000
    68   10   12 1.000000
    68   10   13 0.979167
    68   10   14 1.000000
    68   10   15 1.000000
    68   10   16 1.000000
    68   10   17 1.000000
    68   10   19 1.000000
    68   10   20 1.000000
    68   10   21 0.083333
    68   10   22 0.083333
    68   10   23 0.083333
    68   10   24 0.083333
    68   10   26 1.000000
    68   10   27 0.062500
    68   11   12 1.000000
    68   11   13 0.979167
    68   11   14 1.000000
    68   11   15 1.000000
    68   11   16 1.000000
    68   11   17 1.000000
    68   11   19 1.000000
    68   11   20 1.000000
    68   11   21 0.083333
    68   11   22 0.083333
    68   11   23 0.083333
    68   11   24 0.083333
    68   11   26 1.000000
    68   11   27 0.062500
    68   12   13 0.979167
    68   12   14 1.000000
    68   12   15 1.000000
    68   12   16 1.000000
    68   12   17 1.000000
    68   12   19 1.000000
    68   12   20 1.000000
    68   12   21 0.083333
    68   12   22 0.083333
    68   12   23 0.083333
    68   12   24 0.083333
    68   12   26 1.000000
    68   12   27 0.062500
    68   13   14 0.979167
    68   13   15 0.979167
    68   13   16 0.979167
    68   13   17 0.979167
    68   13   19 0.979167
    68   13   20 0.979167
    68   13   21 0.083333
    68   13   22 0.083333
    68   13   23 0.083333
    68   13   24 0.083333
    68   13   26 0.979167
    68   13   27 0.062500
    68   14   15 1.000000
    68   14   16 1.000000
    68   14   17 1.000000
    68   14   19 1.000000
    68   14   20 1.000000
    68   14   21 0.083333
    68   14   22 0.083333
    68   14   23 0.083333
    68   14   24 0.083333
    68   14   26 1.000000
    68   14   27 0.062500
    68   15   16 1.000000
    68   15   17 1.000000
    68   15   19 1.000000
    68   15   20 1.000000
    68   15   21 0.083333
    68   15   22 0.083333
    68   15   23 0.083333
    68   15   24 0.083333
    68   15   26 1.000000
    68   15   27 0.062500
    68   16   17 1.000000
    68   16   19 1.000000
    68   16   20 1.000000
    68   16   21 0.083333
    68   16   22 0.083333
    68   16   23 0.083333
    68   16   24 0.083333
    68   16   26 1.000000
    68   16   27 0.062500
    68   17   19 1.000000
    68   17   20 1.000000
    68   17   21 0.083333
    68   17   22 0.083333
    68   17   23 0.083333
    68   17   24 0.083333
    68   17   26 1.000000
    68   17   27 0.062500
    68   19   20 1.000000
    68   19   21 0.083333
    68   19   22 0.083333
    68   19   23 0.083333
    68   19   24 0.083333
    68   19   26 1.000000
    68   19   27 0.062500
    68   20   21 0.083333
    68   20   22 0.083333
    68   20   23 0.083333
    68   20   24 0.083333
    68   20   26 1.000000
    68   20   27 0.062500
    68   21   22 1.000000
    68   21   23 1.000000
    68   21   24 1.000000
    68   21   26 0.083333
    68   21   27 0.979167
    68   22   23 1.000000
    68   22   24 1.000000
    68   22   26 0.083333
    68   22   27 0.979167
    68   23   24 1.000000
    68   23   26 0.083333
    68   23   27 0.979167
    68   24   26 0.083333
    68   24   27 0.979167
    68   26   27 0.062500
    69    2    7 1.000000
    69    2    9 0.145833
    69    7    9 0.145833
    70    2    7 1.000000
    70    2    9 0.145833
    70    2   25 0.083333
    70    7    9 0.145833
    70    7   25 0.083333
    70    9   25 0.083333
    71    2    7 1.000000
    71    2    9 0.145833
    71    2   10 0.145833
    71    2   13 0.125000
    71    2   25 0.083333
    71    2   26 0.145833
    71    7    9 0.145833
    71    7   10 0.145833
    71    7   13 0.125000
    71    7   25 0.083333
    71    7   26 0.145833
    71    9   10 0.604167
    71    9   13 0.541667
    71    9   25 0.083333
    71    9   26 0.604167
    71   10   13 0.937500
    71   10   25 0.083333
    71   10   26 1.000000
    71   13   25 0.083333
    71   13   26 0.937500
    71   25   26 0.083333
    72    2    9 0.145833
    72    2   10 0.145833
    72    2   11 0.145833
    72    2   12 0.145833
    72    2   13 0.125000
    72    2   14 0.145833
    72    2   15 0.145833
    72    2   16 0.145833
    72    2   17 0.145833
    72    2   19 0.145833
    72    2   20 0.145833
    72    2   25 0.083333
    72    2   26 0.145833
    72    9   10 0.604167
    72    9   11 0.583333
    72    9   12 0.583333
    72    9   13 0.541667
    72    9   14 0.583333
    72    9   15 0.583333
    72    9   16 0.583333
    72    9   17 0.583333
    72    9   19 0.583333
    72    9   20 0.541667
    72    9   25 0.166667
    72    9   26 0.604167
    72   10   11 0.583333
    72   10   12 0.583333
    72   10   13 0.937500
    72   10   14 0.583333
    72   10   15 0.583333
    72   10   16 0.583333
    72   10   17 0.583333
    72   10   19 0.583333
    72   10   20 0.541667
    72   10   25 0.166667
    72   10   26 1.000000
    72   11   12 1.000000
    72   11   13 0.520833
    72   11   14 1.000000
    72   11   15 1.000000
    72   11   16 1.000000
    72   11   17 1.000000
    72   11   19 1.000000
    72   11   20 0.958333
    72   11   25 0.583333
    72   11   26 0.583333
    72   12   13 0.520833
    72   12   14 1.000000
    72   12   15 1.000000
    72   12   16 1.000000
    72   12   17 1.000000
    72   12   19 1.000000
    72   12   20 0.958333
    72   12   25 0.583333
    72   12   26 0.583333
    72   13   14 0.520833
    72   13   15 0.520833
    72   13   16 0.520833
    72   13   17 0.520833
    72   13   19 0.520833
    72   13   20 0.479167
    72   13   25 0.125000
    72   13   26 0.937500
    72   14   15 1.000000
    72   14   16 1.000000
    72   14   17 1.000000
    72   14   19 1.000000
    72   14   20 0.958333
    72   14   25 0.583333
    72   14   26 0.583333
    72   15   16 1.000000
    72   15   17 1.000000
    72   15   19 1.000000
    72   15   20 0.958333
    72   15   25 0.583333
    72   15   26 0.583333
    72   16   17 1.000000
    72   16   19 1.000000
    72   16   20 0.958333
    72   16   25 0.583333
    72   16   26 0.583333
    72   17   19 1.000000
    72   17   20 0.958333
    72   17   25 0.583333
    72   17   26 0.583333
    72   19   20 0.958333
    72   19   25 0.583333
    72   19   26 0.583333
    72   20   25 0.625000
    72   20   26 0.541667
    72   25   26 0.166667
    73    2    6 0.145833
    73    2    8 0.104167
    73    2    9 0.145833
    73    2   10 0.145833
    73    2   11 0.145833
    73    2   12 0.145833
    73    2   13 0.125000
    73    2   14 0.145833
    73    2   15 0.145833
    73    2   16 0.145833
    73    2   17 0.145833
    73    2   18 0.145833
    73    2   19 0.145833
    73    2   20 0.145833
    73    2   25 0.083333
    73    2   26 0.145833
    73    6    8 0.729167
    73    6    9 0.500000
    73    6   10 0.500000
    73    6   11 0.916667
    73    6   12 0.916667
    73    6   13 0.437500
    73    6   14 0.916667
    73    6   15 0.916667
    73    6   16 0.916667
    73    6   17 0.916667
    73    6   18 0.958333
    73    6   19 0.916667
    73    6   20 0.958333
    73    6   25 0.708333
    73    6   26 0.500000
    73    8    9 0.270833
    73    8   10 0.270833
    73    8   11 0.687500
    73    8   12 0.687500
    73    8   13 0.229167
    73    8   14 0.687500
    73    8   15 0.687500
    73    8   16 0.687500
    73    8   17 0.687500
    73    8   18 0.729167
    73    8   19 0.687500
    73    8   20 0.729167
    73    8   25 0.979167
    73    8   26 0.270833
    73    9   10 0.604167
    73    9   11 0.583333
    73    9   12 0.583333
    73    9   13 0.541667
    73    9   14 0.583333
    73    9   15 0.583333
    73    9   16 0.583333
    73    9   17 0.583333
    73    9   18 0.541667
    73    9   19 0.583333
    73    9   20 0.541667
    73    9   25 0.250000
    73    9   26 0.604167
    73   10   11 0.583333
    73   10   12 0.583333
    73   10   13 0.937500
    73   10   14 0.583333
    73   10   15 0.583333
    73   10   16 0.583333
    73   10   17 0.583333
    73   10   18 0.541667
    73   10   19 0.583333
    73   10   20 0.541667
    73   10   25 0.250000
    73   10   26 1.000000
    73   11   12 1.000000
    73   11   13 0.520833
    73   11   14 1.000000
    73   11   15 1.000000
    73   11   16 1.000000
    73   11   17 1.000000
    73   11   18 0.958333
    73   11   19 1.000000
    73   11   20 0.958333
    73   11   25 0.666667
    73   11   26 0.583333
    73   12   13 0.520833
    73   12   14 1.000000
    73   12   15 1.000000
    73   12   16 1.000000
    73   12   17 1.000000
    73   12   18 0.958333
    73   12   19 1.000000
    73   12   20 0.958333
    73   12   25 0.666667
    73   12   26 0.583333
    73   13   14 0.520833
    73   13   15 0.520833
    73   13   16 0.520833
    73   13   17 0.520833
    73   13   18 0.479167
    73   13   19 0.520833
    73   13   20 0.479167
    73   13   25 0.208333
    73   13   26 0.937500
    73   14   15 1.000000
    73   14   16 1.000000
    73   14   17 1.000000
    73   14   18 0.958333
    73   14   19 1.000000
    73   14   20 0.958333
    73   14   25 0.666667
    73   14   26 0.583333
    73   15   16 1.000000
    73   15   17 1.000000
    73   15   18 0.958333
    73   15   19 1.000000
    73   15   20 0.958333
    73   15   25 0.666667
    73   15   26 0.583333
    73   16   17 1.000000
    73   16   18 0.958333
    73   16   19 1.000000
    73   16   20 0.958333
    73   16   25 0.666667
    73   16   26 0.583333
    73   17   18 0.958333
    73   17   19 1.000000
    73   17   20 0.958333
    73   17   25 0.666667
    73   17   26 0.583333
    73   18   19 0.958333
    73   18   20 1.000000
    73   18   25 0.708333
    73   18   26 0.541667
    73   19   20 0.958333
    73   19   25 0.666667
    73   19   26 0.583333
    73   20   25 0.708333
    73   20   26 0.541667
    73   25   26 0.250000
    74    2    6 0.145833
    74    2    8 0.125000
    74    2    9 0.145833
    74    2   10 0.145833
    74    2   11 0.145833
    74    2   12 0.145833
    74    2   13 0.145833
    74    2   14 0.145833
    74    2   15 0.145833
    74    2   16 0.145833
    74    2   17 0.145833
    74    2   18 0.145833
    74    2   19 0.145833
    74    2   20 0.145833
    74    2   25 0.104167
    74    2   26 0.145833
    74    6    8 0.937500
    74    6    9 0.562500
    74    6   10 0.958333
    74    6   11 0.708333
    74    6   12 0.708333
    74    6   13 0.958333
    74    6   14 0.708333
    74    6   15 0.708333
    74    6   16 0.708333
    74    6   17 0.708333
    74    6   18 0.958333
    74    6   19 0.708333
    74    6   20 0.958333
    74    6   25 0.916667
    74    6   26 0.958333
    74    8    9 0.583333
    74    8   10 0.979167
    74    8   11 0.729167
    74    8   12 0.729167
    74    8   13 0.979167
    74    8   14 0.729167
    74    8   15 0.729167
    74    8   16 0.729167
    74    8   17 0.729167
    74    8   18 0.979167
    74    8   19 0.729167
    74    8   20 0.979167
    74    8   25 0.979167
    74    8   26 0.979167
    74    9   10 0.604167
    74    9   11 0.604167
    74    9   12 0.604167
    74    9   13 0.604167
    74    9   14 0.604167
    74    9   15 0.604167
    74    9   16 0.604167
    74    9   17 0.604167
    74    9   18 0.604167
    74    9   19 0.604167
    74    9   20 0.604167
    74    9   25 0.562500
    74    9   26 0.604167
    74   10   11 0.750000
    74   10   12 0.750000
    74   10   13 1.000000
    74   10   14 0.750000
    74   10   15 0.750000
    74   10   16 0.750000
    74   10   17 0.750000
    74   10   18 1.000000
    74   10   19 0.750000
    74   10   20 1.000000
    74   10   25 0.958333
    74   10   26 1.000000
    74   11   12 1.000000
    74   11   13 0.750000
    74   11   14 1.000000
    74   11   15 1.000000
    74   11   16 1.000000
    74   11   17 1.000000
    74   11   18 0.750000
    74   11   19 1.000000
    74   11   20 0.750000
    74   11   25 0.708333
    74   11   26 0.750000
    74   12   13 0.750000
    74   12   14 1.000000
    74   12   15 1.000000
    74   12   16 1.000000
    74   12   17 1.000000
    74   12   18 0.750000
    74   12   19 1.000000
    74   12   20 0.750000
    74   12   25 0.708333
    74   12   26 0.750000
    74   13   14 0.750000
    74   13   15 0.750000
    74   13   16 0.750000
    74   13   17 0.750000
    74   13   18 1.000000
    74   13   19 0.750000
    74   13   20 1.000000
    74   13   25 0.958333
    74   13   26 1.000000
    74   14   15 1.000000
    74   14   16 1.000000
    74   14   17 1.000000
    74   14   18 0.750000
    74   14   19 1.000000
    74   14   20 0.750000
    74   14   25 0.708333
    74   14   26 0.750000
    74   15   16 1.000000
    74   15   17 1.000000
    74   15   18 0.750000
    74   15   19 1.000000
    74   15   20 0.750000
    74   15   25 0.708333
    74   15   26 0.750000
    74   16   17 1.000000
    74   16   18 0.750000
    74   16   19 1.000000
    74   16   20 0.750000
    74   16   25 0.708333
    74   16   26 0.750000
    74   17   18 0.750000
    74   17   19 1.000000
    74   17   20 0.750000
    74   17   25 0.708333
    74   17   26 0.750000
    74   18   19 0.750000
    74   18   20 1.000000
    74   18   25 0.958333
    74   18   26 1.000000
    74   19   20 0.750000
    74   19   25 0.708333
    74   19   26 0.750000
    74   20   25 0.958333
    74   20   26 1.000000
    74   25   26 0.958333
    75    1    2 0.145833
    75    1    3 0.979167
    75    1    4 0.979167
    75    1    5 0.979167
    75    1    6 0.937500
    75    1    8 0.958333
    75    1    9 0.916667
    75    1   10 0.958333
    75    1   11 0.958333
    75    1   12 0.958333
    75    1   13 0.958333
    75    1   14 0.958333
    75    1   15 0.958333
    75    1   16 0.958333
    75    1   17 0.958333
    75    1   18 0.958333
    75    1   19 0.958333
    75    1   20 0.958333
    75    1   21 0.958333
    75    1   22 0.958333
    75    1   23 0.958333
    75    1   24 0.958333
    75    1   25 0.958333
    75    1   26 0.958333
    75    1   27 0.958333
    75    2    3 0.145833
    75    2    4 0.145833
    75    2    5 0.145833
    75    2    6 0.145833
    75    2    8 0.145833
    75    2    9 0.145833
    75    2   10 0.145833
    75    2   11 0.145833
    75    2   12 0.145833
    75    2   13 0.145833
    75    2   14 0.145833
    75    2   15 0.145833
    75    2   16 0.145833
    75    2   17 0.145833
    75    2   18 0.145833
    75    2   19 0.145833
    75    2   20 0.145833
    75    2   21 0.145833
    75    2   22 0.145833
    75    2   23 0.145833
    75    2   24 0.145833
    75    2   25 0.145833
    75    2   26 0.145833
    75    2   27 0.145833
    75    3    4 1.000000
    75    3    5 1.000000
    75    3    6 0.916667
    75    3    8 0.937500
    75    3    9 0.916667
    75    3   10 0.937500
    75    3   11 0.937500
    75    3   12 0.937500
    75    3   13 0.937500
    75    3   14 0.937500
    75    3   15 0.937500
    75    3   16 0.937500
    75    3   17 0.937500
    75    3   18 0.937500
    75    3   19 0.937500
    75    3   20 0.937500
    75    3   21 0.937500
    75    3   22 0.937500
    75    3   23 0.937500
    75    3   24 0.937500
    75    3   25 0.937500
    75    3   26 0.937500
    75    3   27 0.937500
    75    4    5 1.000000
    75    4    6 0.916667
    75    4    8 0.937500
    75    4    9 0.916667
    75    4   10 0.937500
    75    4   11 0.937500
    75    4   12 0.937500
    75    4   13 0.937500
    75    4   14 0.937500
    75    4   15 0.937500
    75    4   16 0.937500
    75    4   17 0.937500
    75    4   18 0.937500
    75    4   19 0.937500
    75    4   20 0.937500
    75    4   21 0.937500
    75    4   22 0.937500
    75    4   23 0.937500
    75    4   24 0.937500
    75    4   25 0.937500
    75    4   26 0.937500
    75    4   27 0.937500
    75    5    6 0.916667
    75    5    8 0.937500
    75    5    9 0.916667
    75    5   10 0.937500
    75    5   11 0.937500
    75    5   12 0.937500
    75    5   13 0.937500
    75    5   14 0.937500
    75    5   15 0.937500
    75    5   16 0.937500
    75    5   17 0.937500
    75    5   18 0.937500
    75    5   19 0.937500
    75    5   20 0.937500
    75    5   21 0.937500
    75    5   22 0.937500
    75    5   23 0.937500
    75    5   24 0.937500
    75    5   25 0.937500
    75    5   26 0.937500
    75    5   27 0.937500
    75    6    8 0.979167
    75    6    9 0.875000
    75    6   10 0.979167
    75    6   11 0.979167
    75    6   12 0.979167
    75    6   13 0.979167
    75    6   14 0.979167
    75    6   15 0.979167
    75    6   16 0.979167
    75    6   17 0.979167
    75    6   18 0.979167
    75    6   19 0.979167
    75    6   20 0.979167
    75    6   21 0.979167
    75    6   22 0.979167
    75    6   23 0.979167
    75    6   24 0.979167
    75    6   25 0.979167
    75    6   26 0.979167
    75    6   27 0.979167
    75    8    9 0.895833
    75    8   10 1.000000
    75    8   11 1.000000
    75    8   12 1.000000
    75    8   13 1.000000
    75    8   14 1.000000
    75    8   15 1.000000
    75    8   16 1.000000
    75    8   17 1.000000
    75    8   18 1.000000
    75    8   19 1.000000
    75    8   20 1.000000
    75    8   21 1.000000
    75    8   22 1.000000
    75    8   23 1.000000
    75    8   24 1.000000
    75    8   25 1.000000
    75    8   26 1.000000
    75    8   27 1.000000
    75    9   10 0.895833
    75    9   11 0.895833
    75    9   12 0.895833
    75    9   13 0.895833
    75    9   14 0.895833
    75    9   15 0.895833
    75    9   16 0.895833
    75    9   17 0.895833
    75    9   18 0.895833
    75    9   19 0.895833
    75    9   20 0.895833
    75    9   21 0.895833
    75    9   22 0.895833
    75    9   23 0.895833
    75    9   24 0.895833
    75    9   25 0.895833
    75    9   26 0.895833
    75    9   27 0.895833
    75   10   11 1.000000
    75   10   12 1.000000
    75   10   13 1.000000
    75   10   14 1.000000
    75   10   15 1.000000
    75   10   16 1.000000
    75   10   17 1.000000
    75   10   18 1.000000
    75   10   19 1.000000
    75   10   20 1.000000
    75   10   21 1.000000
    75   10   22 1.000000
    75   10   23 1.000000
    75   10   24 1.000000
    75   10   25 1.000000
    75   10   26 1.000000
    75   10   27 1.000000
    75   11   12 1.000000
    75   11   13 1.000000
    75   11   14 1.000000
    75   11   15 1.000000
    75   11   16 1.000000
    75   11   17 1.000000
    75   11   18 1.000000
    75   11   19 1.000000
    75   11   20 1.000000
    75   11   21 1.000000
    75   11   22 1.000000
    75   11   23 1.000000
    75   11   24 1.000000
    75   11   25 1.000000
    75   11   26 1.000000
    75   11   27 1.000000
    75   12   13 1.000000
    75   12   14 1.000000
    75   12   15 1.000000
    75   12   16 1.000000
    75   12   17 1.000000
    75   12   18 1.000000
    75   12   19 1.000000
    75   12   20 1.000000
    75   12   21 1.000000
    75   12   22 1.000000
    75   12   23 1.000000
    75   12   24 1.000000
    75   12   25 1.000000
    75   12   26 1.000000
    75   12   27 1.000000
    75   13   14 1.000000
    75   13   15 1.000000
    75   13   16 1.000000
    75   13   17 1.000000
    75   13   18 1.000000
    75   13   19 1.000000
    75   13   20 1.000000
    75   13   21 1.000000
    75   13   22 1.000000
    75   13   23 1.000000
    75   13   24 1.000000
    75   13   25 1.000000
    75   13   26 1.000000
    75   13   27 1.000000
    75   14   15 1.000000
    75   14   16 1.000000
    75   14   17 1.000000
    75   14   18 1.000000
    75   14   19 1.000000
    75   14   20 1.000000
    75   14   21 1.000000
    75   14   22 1.000000
    75   14   23 1.000000
    75   14   24 1.000000
    75   14   25 1.000000
    75   14   26 1.000000
    75   14   27 1.000000
    75   15   16 1.000000
    75   15   17 1.000000
    75   15   18 1.000000
    75   15   19 1.000000
    75   15   20 1.000000
    75   15   21 1.000000
    75   15   22 1.000000
    75   15   23 1.000000
    75   15   24 1.000000
    75   15   25 1.000000
    75   15   26 1.000000
    75   15   27 1.000000
    75   16   17 1.000000
    75   16   18 1.000000
    75   16   19 1.000000
    75   16   20 1.000000
    75   16   21 1.000000
    75   16   22 1.000000
    75   16   23 1.000000
    75   16   24 1.000000
    75   16   25 1.000000
    75   16   26 1.000000
    75   16   27 1.000000
    75   17   18 1.000000
    75   17   19 1.000000
    75   17   20 1.000000
    75   17   21 1.000000
    75   17   22 1.000000
    75   17   23 1.000000
    75   17   24 1.000000
    75   17   25 1.000000
    75   17   26 1.000000
    75   17   27 1.000000
    75   18   19 1.000000
    75   18   20 1.000000
    75   18   21 1.000000
    75   18   22 1.000000
    75   18   23 1.000000
    75   18   24 1.000000
    75   18   25 1.000000
    75   18   26 1.000000
    75   18   27 1.000000
    75   19   20 1.000000
    75   19   21 1.000000
    75   19   22 1.000000
    75   19   23 1.000000
    75   19   24 1.000000
    75   19   25 1.000000
    75   19   26 1.000000
    75   19   27 1.000000
    75   20   21 1.000000
    75   20   22 1.000000
    75   20   23 1.000000
    75   20   24 1.000000
    75   20   25 1.000000
    75   20   26 1.000000
    75   20   27 1.000000
    75   21   22 1.000000
    75   21   23 1.000000
    75   21   24 1.000000
    75   21   25 1.000000
    75   21   26 1.000000
    75   21   27 1.000000
    75   22   23 1.000000
    75   22   24 1.000000
    75   22   25 1.000000
    75   22   26 1.000000
    75   22   27 1.000000
    75   23   24 1.000000
    75   23   25 1.000000
    75   23   26 1.000000
    75   23   27 1.000000
    75   24   25 1.000000
    75   24   26 1.000000
    75   24   27 1.000000
    75   25   26 1.000000
    75   25   27 1.000000
    75   26   27 1.000000
    76    1    2 0.145833
    76    1    3 0.979167
    76    1    4 0.979167
    76    1    5 0.979167
    76    1    6 0.937500
    76    1    8 0.958333
    76    1    9 0.958333
    76    1   10 0.958333
    76    1   11 0.958333
    76    1   12 0.958333
    76    1   13 0.958333
    76    1   14 0.958333
    76    1   15 0.958333
    76    1   16 0.958333
    76    1   17 0.958333
    76    1   18 0.958333
    76    1   19 0.958333
    76    1   20 0.958333
    76    1   21 0.958333
    76    1   22 0.958333
    76    1   23 0.958333
    76    1   24 0.958333
    76    1   25 0.958333
    76    1   26 0.958333
    76    1   27 0.958333
    76    2    3 0.145833
    76    2    4 0.145833
    76    2    5 0.145833
    76    2    6 0.145833
    76    2    8 0.145833
    76    2    9 0.145833
    76    2   10 0.145833
    76    2   11 0.145833
    76    2   12 0.145833
    76    2   13 0.145833
    76    2   14 0.145833
    76    2   15 0.145833
    76    2   16 0.145833
    76    2   17 0.145833
    76    2   18 0.145833
    76    2   19 0.145833
    76    2   20 0.145833
    76    2   21 0.145833
    76    2   22 0.145833
    76    2   23 0.145833
    76    2   24 0.145833
    76    2   25 0.145833
    76    2   26 0.145833
    76    2   27 0.145833
    76    3    4 1.000000
    76    3    5 1.000000
    76    3    6 0.916667
    76    3    8 0.937500
    76    3    9 0.958333
    76    3   10 0.937500
    76    3   11 0.937500
    76    3   12 0.937500
    76    3   13 0.937500
    76    3   14 0.937500
    76    3   15 0.937500
    76    3   16 0.937500
    76    3   17 0.937500
    76    3   18 0.937500
    76    3   19 0.937500
    76    3   20 0.937500
    76    3   21 0.937500
    76    3   22 0.937500
    76    3   23 0.937500
    76    3   24 0.937500
    76    3   25 0.937500
    76    3   26 0.937500
    76    3   27 0.937500
    76    4    5 1.000000
    76    4    6 0.916667
    76    4    8 0.937500
    76    4    9 0.958333
    76    4   10 0.937500
    76    4   11 0.937500
    76    4   12 0.937500
    76    4   13 0.937500
    76    4   14 0.937500
    76    4   15 0.937500
    76    4   16 0.937500
    76    4   17 0.937500
    76    4   18 0.937500
    76    4   19 0.937500
    76    4   20 0.937500
    76    4   21 0.937500
    76    4   22 0.937500
    76    4   23 0.937500
    76    4   24 0.937500
    76    4   25 0.937500
    76    4   26 0.937500
    76    4   27 0.937500
    76    5    6 0.916667
    76    5    8 0.937500
    76    5    9 0.958333
    76    5   10 0.937500
    76    5   11 0.937500
    76    5   12 0.937500
    76    5   13 0.937500
    76    5   14 0.937500
    76    5   15 0.937500
    76    5   16 0.937500
    76    5   17 0.937500
    76    5   18 0.937500
    76    5   19 0.937500
    76    5   20 0.937500
    76    5   21 0.937500
    76    5   22 0.937500
    76    5   23 0.937500
    76    5   24 0.937500
    76    5   25 0.937500
    76    5   26 0.937500
    76    5   27 0.937500
    76    6    8 0.979167
    76    6    9 0.916667
    76    6   10 0.979167
    76    6   11 0.979167
    76    6   12 0.979167
    76    6   13 0.979167
    76    6   14 0.979167
    76    6   15 0.979167
    76    6   16 0.979167
    76    6   17 0.979167
    76    6   18 0.979167
    76    6   19 0.979167
    76    6   20 0.979167
    76    6   21 0.979167
    76    6   22 0.979167
    76    6   23 0.979167
    76    6   24 0.979167
    76    6   25 0.979167
    76    6   26 0.979167
    76    6   27 0.979167
    76    8    9 0.937500
    76    8   10 1.000000
    76    8   11 1.000000
    76    8   12 1.000000
    76    8   13 1.000000
    76    8   14 1.000000
    76    8   15 1.000000
    76    8   16 1.000000
    76    8   17 1.000000
    76    8   18 1.000000
    76    8   19 1.000000
    76    8   20 1.000000
    76    8   21 1.000000
    76    8   22 1.000000
    76    8   23 1.000000
    76    8   24 1.000000
    76    8   25 1.000000
    76    8   26 1.000000
    76    8   27 1.000000
    76    9   10 0.937500
    76    9   11 0.937500
    76    9   12 0.937500
    76    9   13 0.937500
    76    9   14 0.937500
    76    9   15 0.937500
    76    9   16 0.937500
    76    9   17 0.937500
    76    9   18 0.937500
    76    9   19 0.937500
    76    9   20 0.937500
    76    9   21 0.937500
    76    9   22 0.937500
    76    9   23 0.937500
    76    9   24 0.937500
    76    9   25 0.937500
    76    9   26 0.937500
    76    9   27 0.937500
    76   10   11 1.000000
    76   10   12 1.000000
    76   10   13 1.000000
    76   10   14 1.000000
    76   10   15 1.000000
    76   10   16 1.000000
    76   10   17 1.000000
    76   10   18 1.000000
    76   10   19 1.000000
    76   10   20 1.000000
    76   10   21 1.000000
    76   10   22 1.000000
    76   10   23 1.000000
    76   10   24 1.000000
    76   10   25 1.000000
    76   10   26 1.000000
    76   10   27 1.000000
    76   11   12 1.000000
    76   11   13 1.000000
    76   11   14 1.000000
    76   11   15 1.000000
    76   11   16 1.000000
    76   11   17 1.000000
    76   11   18 1.000000
    76   11   19 1.000000
    76   11   20 1.000000
    76   11   21 1.000000
    76   11   22 1.000000
    76   11   23 1.000000
    76   11   24 1.000000
    76   11   25 1.000000
    76   11   26 1.000000
    76   11   27 1.000000
    76   12   13 1.000000
    76   12   14 1.000000
    76   12   15 1.000000
    76   12   16 1.000000
    76   12   17 1.000000
    76   12   18 1.000000
    76   12   19 1.000000
    76   12   20 1.000000
    76   12   21 1.000000
    76   12   22 1.000000
    76   12   23 1.000000
    76   12   24 1.000000
    76   12   25 1.000000
    76   12   26 1.000000
    76   12   27 1.000000
    76   13   14 1.000000
    76   13   15 1.000000
    76   13   16 1.000000
    76   13   17 1.000000
    76   13   18 1.000000
    76   13   19 1.000000
    76   13   20 1.000000
    76   13   21 1.000000
    76   13   22 1.000000
    76   13   23 1.000000
    76   13   24 1.000000
    76   13   25 1.000000
    76   13   26 1.000000
    76   13   27 1.000000
    76   14   15 1.000000
    76   14   16 1.000000
    76   14   17 1.000000
    76   14   18 1.000000
    76   14   19 1.000000
    76   14   20 1.000000
    76   14   21 1.000000
    76   14   22 1.000000
    76   14   23 1.000000
    76   14   24 1.000000
    76   14   25 1.000000
    76   14   26 1.000000
    76   14   27 1.000000
    76   15   16 1.000000
    76   15   17 1.000000
    76   15   18 1.000000
    76   15   19 1.000000
    76   15   20 1.000000
    76   15   21 1.000000
    76   15   22 1.000000
    76   15   23 1.000000
    76   15   24 1.000000
    76   15   25 1.000000
    76   15   26 1.000000
    76   15   27 1.000000
    76   16   17 1.000000
    76   16   18 1.000000
    76   16   19 1.000000
    76   16   20 1.000000
    76   16   21 1.000000
    76   16   22 1.000000
    76   16   23 1.000000
    76   16   24 1.000000
    76   16   25 1.000000
    76   16   26 1.000000
    76   16   27 1.000000
    76   17   18 1.000000
    76   17   19 1.000000
    76   17   20 1.000000
    76   17   21 1.000000
    76   17   22 1.000000
    76   17   23 1.000000
    76   17   24 1.000000
    76   17   25 1.000000
    76   17   26 1.000000
    76   17   27 1.000000
    76   18   19 1.000000
    76   18   20 1.000000
    76   18   21 1.000000
    76   18   22 1.000000
    76   18   23 1.000000
    76   18   24 1.000000
    76   18   25 1.000000
    76   18   26 1.000000
    76   18   27 1.000000
    76   19   20 1.000000
    76   19   21 1.000000
    76   19   22 1.000000
    76   19   23 1.000000
    76   19   24 1.000000
    76   19   25 1.000000
    76   19   26 1.000000
    76   19   27 1.000000
    76   20   21 1.000000
    76   20   22 1.000000
    76   20   23 1.000000
    76   20   24 1.000000
    76   20   25 1.000000
    76   20   26 1.000000
    76   20   27 1.000000
    76   21   22 1.000000
    76   21   23 1.000000
    76   21   24 1.000000
    76   21   25 1.000000
    76   21   26 1.000000
    76   21   27 1.000000
    76   22   23 1.000000
    76   22   24 1.000000
    76   22   25 1.000000
    76   22   26 1.000000
    76   22   27 1.000000
    76   23   24 1.000000
    76   23   25 1.000000
    76   23   26 1.000000
    76   23   27 1.000000
    76   24   25 1.000000
    76   24   26 1.000000
    76   24   27 1.000000
    76   25   26 1.000000
    76   25   27 1.000000
    76   26   27 1.000000
    77    1    2 0.500000
    77    1    3 1.000000
    77    1    4 1.000000
    77    1    5 1.000000
    77    1    6 1.000000
    77    1    7 1.000000
    77    1    8 1.000000
    77    1    9 1.000000
    77    1   10 1.000000
    77    1   11 1.000000
    77    1   12 1.000000
    77    1   13 1.000000
    77    1   14 1.000000
    77    1   15 1.000000
    77    1   16 1.000000
    77    1   17 1.000000
    77    1   18 1.000000
    77    1   19 1.000000
    77    1   20 1.000000
    77    1   21 1.000000
    77    1   22 1.000000
    77    1   23 1.000000
    77    1   24 1.000000
    77    1   25 1.000000
    77    1   26 1.000000
    77    1   27 1.000000
    77    2    3 0.500000
    77    2    4 0.500000
    77    2    5 0.500000
    77    2    6 0.500000
    77    2    7 0.500000
    77    2    8 0.500000
    77    2    9 0.500000
    77    2   10 0.500000
    77    2   11 0.500000
    77    2   12 0.500000
    77    2   13 0.500000
    77    2   14 0.500000
    77    2   15 0.500000
    77    2   16 0.500000
    77    2   17 0.500000
    77    2   18 0.500000
    77    2   19 0.500000
    77    2   20 0.500000
    77    2   21 0.500000
    77    2   22 0.500000
    77    2   23 0.500000
    77    2   24 0.500000
    77    2   25 0.500000
    77    2   26 0.500000
    77    2   27 0.500000
    77    3    4 1.000000
    77    3    5 1.000000
    77    3    6 1.000000
    77    3    7 1.000000
    77    3    8 1.000000
    77    3    9 1.000000
    77    3   10 1.000000
    77    3   11 1.000000
    77    3   12 1.000000
    77    3   13 1.000000
    77    3   14 1.000000
    77    3   15 1.000000
    77    3   16 1.000000
    77    3   17 1.000000
    77    3   18 1.000000
    77    3   19 1.000000
    77    3   20 1.000000
    77    3   21 1.000000
    77    3   22 1.000000
    77    3   23 1.000000
    77    3   24 1.000000
    77    3   25 1.000000
    77    3   26 1.000000
    77    3   27 1.000000
    77    4    5 1.000000
    77    4    6 1.000000
    77    4    7 1.000000
    77    4    8 1.000000
    77    4    9 1.000000
    77    4   10 1.000000
    77    4   11 1.000000
    77    4   12 1.000000
    77    4   13 1.000000
    77    4   14 1.000000
    77    4   15 1.000000
    77    4   16 1.000000
    77    4   17 1.000000
    77    4   18 1.000000
    77    4   19 1.000000
    77    4   20 1.000000
    77    4   21 1.000000
    77    4   22 1.000000
    77    4   23 1.000000
    77    4   24 1.000000
    77    4   25 1.000000
    77    4   26 1.000000
    77    4   27 1.000000
    77    5    6 1.000000
    77    5    7 1.000000
    77    5    8 1.000000
    77    5    9 1.000000
    77    5   10 1.000000
    77    5   11 1.000000
    77    5   12 1.000000
    77    5   13 1.000000
    77    5   14 1.000000
    77    5   15 1.000000
    77    5   16 1.000000
    77    5   17 1.000000
    77    5   18 1.000000
    77    5   19 1.000000
    77    5   20 1.000000
    77    5   21 1.000000
    77    5   22 1.000000
    77    5   23 1.000000
    77    5   24 1.000000
    77    5   25 1.000000
    77    5   26 1.000000
    77    5   27 1.000000
    77    6    7 1.000000
    77    6    8 1.000000
    77    6    9 1.000000
    77    6   10 1.000000
    77    6   11 1.000000
    77    6   12 1.000000
    77    6   13 1.000000
    77    6   14 1.000000
    77    6   15 1.000000
    77    6   16 1.000000
    77    6   17 1.000000
    77    6   18 1.000000
    77    6   19 1.000000
    77    6   20 1.000000
    77    6   21 1.000000
    77    6   22 1.000000
    77    6   23 1.000000
    77    6   24 1.000000
    77    6   25 1.000000
    77    6   26 1.000000
    77    6   27 1.000000
    77    7    8 1.000000
    77    7    9 1.000000
    77    7   10 1.000000
    77    7   11 1.000000
    77    7   12 1.000000
    77    7   13 1.000000
    77    7   14 1.000000
    77    7   15 1.000000
    77    7   16 1.000000
    77    7   17 1.000000
    77    7   18 1.000000
    77    7   19 1.000000
    77    7   20 1.000000
    77    7   21 1.000000
    77    7   22 1.000000
    77    7   23 1.000000
    77    7   24 1.000000
    77    7   25 1.000000
    77    7   26 1.000000
    77    7   27 1.000000
    77    8    9 1.000000
    77    8   10 1.000000
    77    8   11 1.000000
    77    8   12 1.000000
    77    8   13 1.000000
    77    8   14 1.000000
    77    8   15 1.000000
    77    8   16 1.000000
    77    8   17 1.000000
    77    8   18 1.000000
    77    8   19 1.000000
    77    8   20 1.000000
    77    8   21 1.000000
    77    8   22 1.000000
    77    8   23 1.000000
    77    8   24 1.000000
    77    8   25 1.000000
    77    8   26 1.000000
    77    8   27 1.000000
    77    9   10 1.000000
    77    9   11 1.000000
    77    9   12 1.000000
    77    9   13 1.000000
    77    9   14 1.000000
    77    9   15 1.000000
    77    9   16 1.000000
    77    9   17 1.000000
    77    9   18 1.000000
    77    9   19 1.000000
    77    9   20 1.000000
    77    9   21 1.000000
    77    9   22 1.000000
    77    9   23 1.000000
    77    9   24 1.000000
    77    9   25 1.000000
    77    9   26 1.000000
    77    9   27 1.000000
    77   10   11 1.000000
    77   10   12 1.000000
    77   10   13 1.000000
    77   10   14 1.000000
    77   10   15 1.000000
    77   10   16 1.000000
    77   10   17 1.000000
    77   10   18 1.000000
    77   10   19 1.000000
    77   10   20 1.000000
    77   10   21 1.000000
    77   10   22 1.000000
    77   10   23 1.000000
    77   10   24 1.000000
    77   10   25 1.000000
    77   10   26 1.000000
    77   10   27 1.000000
    77   11   12 1.000000
    77   11   13 1.000000
    77   11   14 1.000000
    77   11   15 1.000000
    77   11   16 1.000000
    77   11   17 1.000000
    77   11   18 1.000000
    77   11   19 1.000000
    77   11   20 1.000000
    77   11   21 1.000000
    77   11   22 1.000000
    77   11   23 1.000000
    77   11   24 1.000000
    77   11   25 1.000000
    77   11   26 1.000000
    77   11   27 1.000000
    77   12   13 1.000000
    77   12   14 1.000000
    77   12   15 1.000000
    77   12   16 1.000000
    77   12   17 1.000000
    77   12   18 1.000000
    77   12   19 1.000000
    77   12   20 1.000000
    77   12   21 1.000000
    77   12   22 1.000000
    77   12   23 1.000000
    77   12   24 1.000000
    77   12   25 1.000000
    77   12   26 1.000000
    77   12   27 1.000000
    77   13   14 1.000000
    77   13   15 1.000000
    77   13   16 1.000000
    77   13   17 1.000000
    77   13   18 1.000000
    77   13   19 1.000000
    77   13   20 1.000000
    77   13   21 1.000000
    77   13   22 1.000000
    77   13   23 1.000000
    77   13   24 1.000000
    77   13   25 1.000000
    77   13   26 1.000000
    77   13   27 1.000000
    77   14   15 1.000000
    77   14   16 1.000000
    77   14   17 1.000000
    77   14   18 1.000000
    77   14   19 1.000000
    77   14   20 1.000000
    77   14   21 1.000000
    77   14   22 1.000000
    77   14   23 1.000000
    77   14   24 1.000000
    77   14   25 1.000000
    77   14   26 1.000000
    77   14   27 1.000000
    77   15   16 1.000000
    77   15   17 1.000000
    77   15   18 1.000000
    77   15   19 1.000000
    77   15   20 1.000000
    77   15   21 1.000000
    77   15   22 1.000000
    77   15   23 1.000000
    77   15   24 1.000000
    77   15   25 1.000000
    77   15   26 1.000000
    77   15   27 1.000000
    77   16   17 1.000000
    77   16   18 1.000000
    77   16   19 1.000000
    77   16   20 1.000000
    77   16   21 1.000000
    77   16   22 1.000000
    77   16   23 1.000000
    77   16   24 1.000000
    77   16   25 1.000000
    77   16   26 1.000000
    77   16   27 1.000000
    77   17   18 1.000000
    77   17   19 1.000000
    77   17   20 1.000000
    77   17   21 1.000000
    77   17   22 1.000000
    77   17   23 1.000000
    77   17   24 1.000000
    77   17   25 1.000000
    77   17   26 1.000000
    77   17   27 1.000000
    77   18   19 1.000000
    77   18   20 1.000000
    77   18   21 1.000000
    77   18   22 1.000000
    77   18   23 1.000000
    77   18   24 1.000000
    77   18   25 1.000000
    77   18   26 1.000000
    77   18   27 1.000000
    77   19   20 1.000000
    77   19   21 1.000000
    77   19   22 1.000000
    77   19   23 1.000000
    77   19   24 1.000000
    77   19   25 1.000000
    77   19   26 1.000000
    77   19   27 1.000000
    77   20   21 1.000000
    77   20   22 1.000000
    77   20   23 1.000000
    77   20   24 1.000000
    77   20   25 1.000000
    77   20   26 1.000000
    77   20   27 1.000000
    77   21   22 1.000000
    77   21   23 1.000000
    77   21   24 1.000000
    77   21   25 1.000000
    77   21   26 1.000000
    77   21   27 1.000000
    77   22   23 1.000000
    77   22   24 1.000000
    77   22   25 1.000000
    77   22   26 1.000000
    77   22   27 1.000000
    77   23   24 1.000000
    77   23   25 1.000000
    77   23   26 1.000000
    77   23   27 1.000000
    77   24   25 1.000000
    77   24   26 1.000000
    77   24   27 1.000000
    77   25   26 1.000000
    77   25   27 1.000000
    77   26   27 1.000000
    78    1    2 1.000000
    78    1    3 1.000000
    78    1    4 1.000000
    78    1    5 1.000000
    78    1    6 1.000000
    78    1    7 1.000000
    78    1    8 1.000000
    78    1    9 1.000000
    78    1   10 1.000000
    78    1   11 1.000000
    78    1   12 1.000000
    78    1   13 1.000000
    78    1   14 1.000000
    78    1   15 1.000000
    78    1   16 1.000000
    78    1   17 1.000000
    78    1   18 1.000000
    78    1   19 1.000000
    78    1   20 1.000000
    78    1   21 1.000000
    78    1   22 1.000000
    78    1   23 1.000000
    78    1   24 1.000000
    78    1   25 1.000000
    78    1   26 1.000000
    78    1   27 1.000000
    78    2    3 1.000000
    78    2    4 1.000000
    78    2    5 1.000000
    78    2    6 1.000000
    78    2    7 1.000000
    78    2    8 1.000000
    78    2    9 1.000000
    78    2   10 1.000000
    78    2   11 1.000000
    78    2   12 1.000000
    78    2   13 1.000000
    78    2   14 1.000000
    78    2   15 1.000000
    78    2   16 1.000000
    78    2   17 1.000000
    78    2   18 1.000000
    78    2   19 1.000000
    78    2   20 1.000000
    78    2   21 1.000000
    78    2   22 1.000000
    78    2   23 1.000000
    78    2   24 1.000000
    78    2   25 1.000000
    78    2   26 1.000000
    78    2   27 1.000000
    78    3    4 1.000000
    78    3    5 1.000000
    78    3    6 1.000000
    78    3    7 1.000000
    78    3    8 1.000000
    78    3    9 1.000000
    78    3   10 1.000000
    78    3   11 1.000000
    78    3   12 1.000000
    78    3   13 1.000000
    78    3   14 1.000000
    78    3   15 1.000000
    78    3   16 1.000000
    78    3   17 1.000000
    78    3   18 1.000000
    78    3   19 1.000000
    78    3   20 1.000000
    78    3   21 1.000000
    78    3   22 1.000000
    78    3   23 1.000000
    78    3   24 1.000000
    78    3   25 1.000000
    78    3   26 1.000000
    78    3   27 1.000000
    78    4    5 1.000000
    78    4    6 1.000000
    78    4    7 1.000000
    78    4    8 1.000000
    78    4    9 1.000000
    78    4   10 1.000000
    78    4   11 1.000000
    78    4   12 1.000000
    78    4   13 1.000000
    78    4   14 1.000000
    78    4   15 1.000000
    78    4   16 1.000000
    78    4   17 1.000000
    78    4   18 1.000000
    78    4   19 1.000000
    78    4   20 1.000000
    78    4   21 1.000000
    78    4   22 1.000000
    78    4   23 1.000000
    78    4   24 1.000000
    78    4   25 1.000000
    78    4   26 1.000000
    78    4   27 1.000000
    78    5    6 1.000000
    78    5    7 1.000000
    78    5    8 1.000000
    78    5    9 1.000000
    78    5   10 1.000000
    78    5   11 1.000000
    78    5   12 1.000000
    78    5   13 1.000000
    78    5   14 1.000000
    78    5   15 1.000000
    78    5   16 1.000000
    78    5   17 1.000000
    78    5   18 1.000000
    78    5   19 1.000000
    78    5   20 1.000000
    78    5   21 1.000000
    78    5   22 1.000000
    78    5   23 1.000000
    78    5   24 1.000000
    78    5   25 1.000000
    78    5   26 1.000000
    78    5   27 1.000000
    78    6    7 1.000000
    78    6    8 1.000000
    78    6    9 1.000000
    78    6   10 1.000000
    78    6   11 1.000000
    78    6   12 1.000000
    78    6   13 1.000000
    78    6   14 1.000000
    78    6   15 1.000000
    78    6   16 1.000000
    78    6   17 1.000000
    78    6   18 1.000000
    78    6   19 1.000000
    78    6   20 1.000000
    78    6   21 1.000000
    78    6   22 1.000000
    78    6   23 1.000000
    78    6   24 1.000000
    78    6   25 1.000000
    78    6   26 1.000000
    78    6   27 1.000000
    78    7    8 1.000000
    78    7    9 1.000000
    78    7   10 1.000000
    78    7   11 1.000000
    78    7   12 1.000000
    78    7   13 1.000000
    78    7   14 1.000000
    78    7   15 1.000000
    78    7   16 1.000000
    78    7   17 1.000000
    78    7   18 1.000000
    78    7   19 1.000000
    78    7   20 1.000000
    78    7   21 1.000000
    78    7   22 1.000000
    78    7   23 1.000000
    78    7   24 1.000000
    78    7   25 1.000000
    78    7   26 1.000000
    78    7   27 1.000000
    78    8    9 1.000000
    78    8   10 1.000000
    78    8   11 1.000000
    78    8   12 1.000000
    78    8   13 1.000000
    78    8   14 1.000000
    78    8   15 1.000000
    78    8   16 1.000000
    78    8   17 1.000000
    78    8   18 1.000000
    78    8   19 1.000000
    78    8   20 1.000000
    78    8   21 1.000000
    78    8   22 1.000000
    78    8   23 1.000000
    78    8   24 1.000000
    78    8   25 1.000000
    78    8   26 1.000000
    78    8   27 1.000000
    78    9   10 1.000000
    78    9   11 1.000000
    78    9   12 1.000000
    78    9   13 1.000000
    78    9   14 1.000000
    78    9   15 1.000000
    78    9   16 1.000000
    78    9   17 1.000000
    78    9   18 1.000000
    78    9   19 1.000000
    78    9   20 1.000000
    78    9   21 1.000000
    78    9   22 1.000000
    78    9   23 1.000000
    78    9   24 1.000000
    78    9   25 1.000000
    78    9   26 1.000000
    78    9   27 1.000000
    78   10   11 1.000000
    78   10   12 1.000000
    78   10   13 1.000000
    78   10   14 1.000000
    78   10   15 1.000000
    78   10   16 1.000000
    78   10   17 1.000000
    78   10   18 1.000000
    78   10   19 1.000000
    78   10   20 1.000000
    78   10   21 1.000000
    78   10   22 1.000000
    78   10   23 1.000000
    78   10   24 1.000000
    78   10   25 1.000000
    78   10   26 1.000000
    78   10   27 1.000000
    78   11   12 1.000000
    78   11   13 1.000000
    78   11   14 1.000000
    78   11   15 1.000000
    78   11   16 1.000000
    78   11   17 1.000000
    78   11   18 1.000000
    78   11   19 1.000000
    78   11   20 1.000000
    78   11   21 1.000000
    78   11   22 1.000000
    78   11   23 1.000000
    78   11   24 1.000000
    78   11   25 1.000000
    78   11   26 1.000000
    78   11   27 1.000000
    78   12   13 1.000000
    78   12   14 1.000000
    78   12   15 1.000000
    78   12   16 1.000000
    78   12   17 1.000000
    78   12   18 1.000000
    78   12   19 1.000000
    78   12   20 1.000000
    78   12   21 1.000000
    78   12   22 1.000000
    78   12   23 1.000000
    78   12   24 1.000000
    78   12   25 1.000000
    78   12   26 1.000000
    78   12   27 1.000000
    78   13   14 1.000000
    78   13   15 1.000000
    78   13   16 1.000000
    78   13   17 1.000000
    78   13   18 1.000000
    78   13   19 1.000000
    78   13   20 1.000000
    78   13   21 1.000000
    78   13   22 1.000000
    78   13   23 1.000000
    78   13   24 1.000000
    78   13   25 1.000000
    78   13   26 1.000000
    78   13   27 1.000000
    78   14   15 1.000000
    78   14   16 1.000000
    78   14   17 1.000000
    78   14   18 1.000000
    78   14   19 1.000000
    78   14   20 1.000000
    78   14   21 1.000000
    78   14   22 1.000000
    78   14   23 1.000000
    78   14   24 1.000000
    78   14   25 1.000000
    78   14   26 1.000000
    78   14   27 1.000000
    78   15   16 1.000000
    78   15   17 1.000000
    78   15   18 1.000000
    78   15   19 1.000000
    78   15   20 1.000000
    78   15   21 1.000000
    78   15   22 1.000000
    78   15   23 1.000000
    78   15   24 1.000000
    78   15   25 1.000000
    78   15   26 1.000000
    78   15   27 1.000000
    78   16   17 1.000000
    78   16   18 1.000000
    78   16   19 1.000000
    78   16   20 1.000000
    78   16   21 1.000000
    78   16   22 1.000000
    78   16   23 1.000000
    78   16   24 1.000000
    78   16   25 1.000000
    78   16   26 1.000000
    78   16   27 1.000000
    78   17   18 1.000000
    78   17   19 1.000000
    78   17   20 1.000000
    78   17   21 1.000000
    78   17   22 1.000000
    78   17   23 1.000000
    78   17   24 1.000000
    78   17   25 1.000000
    78   17   26 1.000000
    78   17   27 1.000000
    78   18   19 1.000000
    78   18   20 1.000000
    78   18   21 1.000000
    78   18   22 1.000000
    78   18   23 1.000000
    78   18   24 1.000000
    78   18   25 1.000000
    78   18   26 1.000000
    78   18   27 1.000000
    78   19   20 1.000000
    78   19   21 1.000000
    78   19   22 1.000000
    78   19   23 1.000000
    78   19   24 1.000000
    78   19   25 1.000000
    78   19   26 1.000000
    78   19   27 1.000000
    78   20   21 1.000000
    78   20   22 1.000000
    78   20   23 1.000000
    78   20   24 1.000000
    78   20   25 1.000000
    78   20   26 1.000000
    78   20   27 1.000000
    78   21   22 1.000000
    78   21   23 1.000000
    78   21   24 1.000000
    78   21   25 1.000000
    78   21   26 1.000000
    78   21   27 1.000000
    78   22   23 1.000000
    78   22   24 1.000000
    78   22   25 1.000000
    78   22   26 1.000000
    78   22   27 1.000000
    78   23   24 1.000000
    78   23   25 1.000000
    78   23   26 1.000000
    78   23   27 1.000000
    78   24   25 1.000000
    78   24   26 1.000000
    78   24   27 1.000000
    78   25   26 1.000000
    78   25   27 1.000000
    78   26   27 1.000000
    79    1    2 1.000000
    79    1    3 1.000000
    79    1    4 1.000000
    79    1    5 1.000000
    79    1    6 1.000000
    79    1    7 1.000000
    79    1    8 1.000000
    79    1    9 1.000000
    79    1   10 1.000000
    79    1   11 1.000000
    79    1   12 1.000000
    79    1   13 1.000000
    79    1   14 1.000000
    79    1   15 1.000000
    79    1   16 1.000000
    79    1   17 1.000000
    79    1   18 1.000000
    79    1   19 1.000000
    79    1   20 1.000000
    79    1   21 1.000000
    79    1   22 1.000000
    79    1   23 1.000000
    79    1   24 1.000000
    79    1   25 1.000000
    79    1   26 1.000000
    79    1   27 1.000000
    79    2    3 1.000000
    79    2    4 1.000000
    79    2    5 1.000000
    79    2    6 1.000000
    79    2    7 1.000000
    79    2    8 1.000000
    79    2    9 1.000000
    79    2   10 1.000000
    79    2   11 1.000000
    79    2   12 1.000000
    79    2   13 1.000000
    79    2   14 1.000000
    79    2   15 1.000000
    79    2   16 1.000000
    79    2   17 1.000000
    79    2   18 1.000000
    79    2   19 1.000000
    79    2   20 1.000000
    79    2   21 1.000000
    79    2   22 1.000000
    79    2   23 1.000000
    79    2   24 1.000000
    79    2   25 1.000000
    79    2   26 1.000000
    79    2   27 1.000000
    79    3    4 1.000000
    79    3    5 1.000000
    79    3    6 1.000000
    79    3    7 1.000000
    79    3    8 1.000000
    79    3    9 1.000000
    79    3   10 1.000000
    79    3   11 1.000000
    79    3   12 1.000000
    79    3   13 1.000000
    79    3   14 1.000000
    79    3   15 1.000000
    79    3   16 1.000000
    79    3   17 1.000000
    79    3   18 1.000000
    79    3   19 1.000000
    79    3   20 1.000000
    79    3   21 1.000000
    79    3   22 1.000000
    79    3   23 1.000000
    79    3   24 1.000000
    79    3   25 1.000000
    79    3   26 1.000000
    79    3   27 1.000000
    79    4    5 1.000000
    79    4    6 1.000000
    79    4    7 1.000000
    79    4    8 1.000000
    79    4    9 1.000000
    79    4   10 1.000000
    79    4   11 1.000000
    79    4   12 1.000000
    79    4   13 1.000000
    79    4   14 1.000000
    79    4   15 1.000000
    79    4   16 1.000000
    79    4   17 1.000000
    79    4   18 1.000000
    79    4   19 1.000000
    79    4   20 1.000000
    79    4   21 1.000000
    79    4   22 1.000000
    79    4   23 1.000000
    79    4   24 1.000000
    79    4   25 1.000000
    79    4   26 1.000000
    79    4   27 1.000000
    79    5    6 1.000000
    79    5    7 1.000000
    79    5    8 1.000000
    79    5    9 1.000000
    79    5   10 1.000000
    79    5   11 1.000000
    79    5   12 1.000000
    79    5   13 1.000000
    79    5   14 1.000000
    79    5   15 1.000000
    79    5   16 1.000000
    79    5   17 1.000000
    79    5   18 1.000000
    79    5   19 1.000000
    79    5   20 1.000000
    79    5   21 1.000000
    79    5   22 1.000000
    79    5   23 1.000000
    79    5   24 1.000000
    79    5   25 1.000000
    79    5   26 1.000000
    79    5   27 1.000000
    79    6    7 1.000000
    79    6    8 1.000000
    79    6    9 1.000000
    79    6   10 1.000000
    79    6   11 1.000000
    79    6   12 1.000000
    79    6   13 1.000000
    79    6   14 1.000000
    79    6   15 1.000000
    79    6   16 1.000000
    79    6   17 1.000000
    79    6   18 1.000000
    79    6   19 1.000000
    79    6   20 1.000000
    79    6   21 1.000000
    79    6   22 1.000000
    79    6   23 1.000000
    79    6   24 1.000000
    79    6   25 1.000000
    79    6   26 1.000000
    79    6   27 1.000000
    79    7    8 1.000000
    79    7    9 1.000000
    79    7   10 1.000000
    79    7   11 1.000000
    79    7   12 1.000000
    79    7   13 1.000000
    79    7   14 1.000000
    79    7   15 1.000000
    79    7   16 1.000000
    79    7   17 1.000000
    79    7   18 1.000000
    79    7   19 1.000000
    79    7   20 1.000000
    79    7   21 1.000000
    79    7   22 1.000000
    79    7   23 1.000000
    79    7   24 1.000000
    79    7   25 1.000000
    79    7   26 1.000000
    79    7   27 1.000000
    79    8    9 1.000000
    79    8   10 1.000000
    79    8   11 1.000000
    79    8   12 1.000000
    79    8   13 1.000000
    79    8   14 1.000000
    79    8   15 1.000000
    79    8   16 1.000000
    79    8   17 1.000000
    79    8   18 1.000000
    79    8   19 1.000000
    79    8   20 1.000000
    79    8   21 1.000000
    79    8   22 1.000000
    79    8   23 1.000000
    79    8   24 1.000000
    79    8   25 1.000000
    79    8   26 1.000000
    79    8   27 1.000000
    79    9   10 1.000000
    79    9   11 1.000000
    79    9   12 1.000000
    79    9   13 1.000000
    79    9   14 1.000000
    79    9   15 1.000000
    79    9   16 1.000000
    79    9   17 1.000000
    79    9   18 1.000000
    79    9   19 1.000000
    79    9   20 1.000000
    79    9   21 1.000000
    79    9   22 1.000000
    79    9   23 1.000000
    79    9   24 1.000000
    79    9   25 1.000000
    79    9   26 1.000000
    79    9   27 1.000000
    79   10   11 1.000000
    79   10   12 1.000000
    79   10   13 1.000000
    79   10   14 1.000000
    79   10   15 1.000000
    79   10   16 1.000000
    79   10   17 1.000000
    79   10   18 1.000000
    79   10   19 1.000000
    79   10   20 1.000000
    79   10   21 1.000000
    79   10   22 1.000000
    79   10   23 1.000000
    79   10   24 1.000000
    79   10   25 1.000000
    79   10   26 1.000000
    79   10   27 1.000000
    79   11   12 1.000000
    79   11   13 1.000000
    79   11   14 1.000000
    79   11   15 1.000000
    79   11   16 1.000000
    79   11   17 1.000000
    79   11   18 1.000000
    79   11   19 1.000000
    79   11   20 1.000000
    79   11   21 1.000000
    79   11   22 1.000000
    79   11   23 1.000000
    79   11   24 1.000000
    79   11   25 1.000000
    79   11   26 1.000000
    79   11   27 1.000000
    79   12   13 1.000000
    79   12   14 1.000000
    79   12   15 1.000000
    79   12   16 1.000000
    79   12   17 1.000000
    79   12   18 1.000000
    79   12   19 1.000000
    79   12   20 1.000000
    79   12   21 1.000000
    79   12   22 1.000000
    79   12   23 1.000000
    79   12   24 1.000000
    79   12   25 1.000000
    79   12   26 1.000000
    79   12   27 1.000000
    79   13   14 1.000000
    79   13   15 1.000000
    79   13   16 1.000000
    79   13   17 1.000000
    79   13   18 1.000000
    79   13   19 1.000000
    79   13   20 1.000000
    79   13   21 1.000000
    79   13   22 1.000000
    79   13   23 1.000000
    79   13   24 1.000000
    79   13   25 1.000000
    79   13   26 1.000000
    79   13   27 1.000000
    79   14   15 1.000000
    79   14   16 1.000000
    79   14   17 1.000000
    79   14   18 1.000000
    79   14   19 1.000000
    79   14   20 1.000000
    79   14   21 1.000000
    79   14   22 1.000000
    79   14   23 1.000000
    79   14   24 1.000000
    79   14   25 1.000000
    79   14   26 1.000000
    79   14   27 1.000000
    79   15   16 1.000000
    79   15   17 1.000000
    79   15   18 1.000000
    79   15   19 1.000000
    79   15   20 1.000000
    79   15   21 1.000000
    79   15   22 1.000000
    79   15   23 1.000000
    79   15   24 1.000000
    79   15   25 1.000000
    79   15   26 1.000000
    79   15   27 1.000000
    79   16   17 1.000000
    79   16   18 1.000000
    79   16   19 1.000000
    79   16   20 1.000000
    79   16   21 1.000000
    79   16   22 1.000000
    79   16   23 1.000000
    79   16   24 1.000000
    79   16   25 1.000000
    79   16   26 1.000000
    79   16   27 1.000000
    79   17   18 1.000000
    79   17   19 1.000000
    79   17   20 1.000000
    79   17   21 1.000000
    79   17   22 1.000000
    79   17   23 1.000000
    79   17   24 1.000000
    79   17   25 1.000000
    79   17   26 1.000000
    79   17   27 1.000000
    79   18   19 1.000000
    79   18   20 1.000000
    79   18   21 1.000000
    79   18   22 1.000000
    79   18   23 1.000000
    79   18   24 1.000000
    79   18   25 1.000000
    79   18   26 1.000000
    79   18   27 1.000000
    79   19   20 1.000000
    79   19   21 1.000000
    79   19   22 1.000000
    79   19   23 1.000000
    79   19   24 1.000000
    79   19   25 1.000000
    79   19   26 1.000000
    79   19   27 1.000000
    79   20   21 1.000000
    79   20   22 1.000000
    79   20   23 1.000000
    79   20   24 1.000000
    79   20   25 1.000000
    79   20   26 1.000000
    79   20   27 1.000000
    79   21   22 1.000000
    79   21   23 1.000000
    79   21   24 1.000000
    79   21   25 1.000000
    79   21   26 1.000000
    79   21   27 1.000000
    79   22   23 1.000000
    79   22   24 1.000000
    79   22   25 1.000000
    79   22   26 1.000000
    79   22   27 1.000000
    79   23   24 1.000000
    79   23   25 1.000000
    79   23   26 1.000000
    79   23   27 1.000000
    79   24   25 1.000000
    79   24   26 1.000000
    79   24   27 1.000000
    79   25   26 1.000000
    79   25   27 1.000000
    79   26   27 1.000000
    80    1    2 1.000000
    80    1    3 1.000000
    80    1    4 1.000000
    80    1    5 1.000000
    80    1    6 1.000000
    80    1    7 1.000000
    80    1    8 1.000000
    80    1    9 1.000000
    80    1   10 1.000000
    80    1   11 1.000000
    80    1   12 1.000000
    80    1   13 1.000000
    80    1   14 1.000000
    80    1   15 1.000000
    80    1   16 1.000000
    80    1   17 1.000000
    80    1   18 1.000000
    80    1   19 1.000000
    80    1   20 1.000000
    80    1   21 1.000000
    80    1   22 1.000000
    80    1   23 1.000000
    80    1   24 1.000000
    80    1   25 1.000000
    80    1   26 1.000000
    80    1   27 1.000000
    80    2    3 1.000000
    80    2    4 1.000000
    80    2    5 1.000000
    80    2    6 1.000000
    80    2    7 1.000000
    80    2    8 1.000000
    80    2    9 1.000000
    80    2   10 1.000000
    80    2   11 1.000000
    80    2   12 1.000000
    80    2   13 1.000000
    80    2   14 1.000000
    80    2   15 1.000000
    80    2   16 1.000000
    80    2   17 1.000000
    80    2   18 1.000000
    80    2   19 1.000000
    80    2   20 1.000000
    80    2   21 1.000000
    80    2   22 1.000000
    80    2   23 1.000000
    80    2   24 1.000000
    80    2   25 1.000000
    80    2   26 1.000000
    80    2   27 1.000000
    80    3    4 1.000000
    80    3    5 1.000000
    80    3    6 1.000000
    80    3    7 1.000000
    80    3    8 1.000000
    80    3    9 1.000000
    80    3   10 1.000000
    80    3   11 1.000000
    80    3   12 1.000000
    80    3   13 1.000000
    80    3   14 1.000000
    80    3   15 1.000000
    80    3   16 1.000000
    80    3   17 1.000000
    80    3   18 1.000000
    80    3   19 1.000000
    80    3   20 1.000000
    80    3   21 1.000000
    80    3   22 1.000000
    80    3   23 1.000000
    80    3   24 1.000000
    80    3   25 1.000000
    80    3   26 1.000000
    80    3   27 1.000000
    80    4    5 1.000000
    80    4    6 1.000000
    80    4    7 1.000000
    80    4    8 1.000000
    80    4    9 1.000000
    80    4   10 1.000000
    80    4   11 1.000000
    80    4   12 1.000000
    80    4   13 1.000000
    80    4   14 1.000000
    80    4   15 1.000000
    80    4   16 1.000000
    80    4   17 1.000000
    80    4   18 1.000000
    80    4   19 1.000000
    80    4   20 1.000000
    80    4   21 1.000000
    80    4   22 1.000000
    80    4   23 1.000000
    80    4   24 1.000000
    80    4   25 1.000000
    80    4   26 1.000000
    80    4   27 1.000000
    80    5    6 1.000000
    80    5    7 1.000000
    80    5    8 1.000000
    80    5    9 1.000000
    80    5   10 1.000000
    80    5   11 1.000000
    80    5   12 1.000000
    80    5   13 1.000000
    80    5   14 1.000000
    80    5   15 1.000000
    80    5   16 1.000000
    80    5   17 1.000000
    80    5   18 1.000000
    80    5   19 1.000000
    80    5   20 1.000000
    80    5   21 1.000000
    80    5   22 1.000000
    80    5   23 1.000000
    80    5   24 1.000000
    80    5   25 1.000000
    80    5   26 1.000000
    80    5   27 1.000000
    80    6    7 1.000000
    80    6    8 1.000000
    80    6    9 1.000000
    80    6   10 1.000000
    80    6   11 1.000000
    80    6   12 1.000000
    80    6   13 1.000000
    80    6   14 1.000000
    80    6   15 1.000000
    80    6   16 1.000000
    80    6   17 1.000000
    80    6   18 1.000000
    80    6   19 1.000000
    80    6   20 1.000000
    80    6   21 1.000000
    80    6   22 1.000000
    80    6   23 1.000000
    80    6   24 1.000000
    80    6   25 1.000000
    80    6   26 1.000000
    80    6   27 1.000000
    80    7    8 1.000000
    80    7    9 1.000000
    80    7   10 1.000000
    80    7   11 1.000000
    80    7   12 1.000000
    80    7   13 1.000000
    80    7   14 1.000000
    80    7   15 1.000000
    80    7   16 1.000000
    80    7   17 1.000000
    80    7   18 1.000000
    80    7   19 1.000000
    80    7   20 1.000000
    80    7   21 1.000000
    80    7   22 1.000000
    80    7   23 1.000000
    80    7   24 1.000000
    80    7   25 1.000000
    80    7   26 1.000000
    80    7   27 1.000000
    80    8    9 1.000000
    80    8   10 1.000000
    80    8   11 1.000000
    80    8   12 1.000000
    80    8   13 1.000000
    80    8   14 1.000000
    80    8   15 1.000000
    80    8   16 1.000000
    80    8   17 1.000000
    80    8   18 1.000000
    80    8   19 1.000000
    80    8   20 1.000000
    80    8   21 1.000000
    80    8   22 1.000000
    80    8   23 1.000000
    80    8   24 1.000000
    80    8   25 1.000000
    80    8   26 1.000000
    80    8   27 1.000000
    80    9   10 1.000000
    80    9   11 1.000000
    80    9   12 1.000000
    80    9   13 1.000000
    80    9   14 1.000000
    80    9   15 1.000000
    80    9   16 1.000000
    80    9   17 1.000000
    80    9   18 1.000000
    80    9   19 1.000000
    80    9   20 1.000000
    80    9   21 1.000000
    80    9   22 1.000000
    80    9   23 1.000000
    80    9   24 1.000000
    80    9   25 1.000000
    80    9   26 1.000000
    80    9   27 1.000000
    80   10   11 1.000000
    80   10   12 1.000000
    80   10   13 1.000000
    80   10   14 1.000000
    80   10   15 1.000000
    80   10   16 1.000000
    80   10   17 1.000000
    80   10   18 1.000000
    80   10   19 1.000000
    80   10   20 1.000000
    80   10   21 1.000000
    80   10   22 1.000000
    80   10   23 1.000000
    80   10   24 1.000000
    80   10   25 1.000000
    80   10   26 1.000000
    80   10   27 1.000000
    80   11   12 1.000000
    80   11   13 1.000000
    80   11   14 1.000000
    80   11   15 1.000000
    80   11   16 1.000000
    80   11   17 1.000000
    80   11   18 1.000000
    80   11   19 1.000000
    80   11   20 1.000000
    80   11   21 1.000000
    80   11   22 1.000000
    80   11   23 1.000000
    80   11   24 1.000000
    80   11   25 1.000000
    80   11   26 1.000000
    80   11   27 1.000000
    80   12   13 1.000000
    80   12   14 1.000000
    80   12   15 1.000000
    80   12   16 1.000000
    80   12   17 1.000000
    80   12   18 1.000000
    80   12   19 1.000000
    80   12   20 1.000000
    80   12   21 1.000000
    80   12   22 1.000000
    80   12   23 1.000000
    80   12   24 1.000000
    80   12   25 1.000000
    80   12   26 1.000000
    80   12   27 1.000000
    80   13   14 1.000000
    80   13   15 1.000000
    80   13   16 1.000000
    80   13   17 1.000000
    80   13   18 1.000000
    80   13   19 1.000000
    80   13   20 1.000000
    80   13   21 1.000000
    80   13   22 1.000000
    80   13   23 1.000000
    80   13   24 1.000000
    80   13   25 1.000000
    80   13   26 1.000000
    80   13   27 1.000000
    80   14   15 1.000000
    80   14   16 1.000000
    80   14   17 1.000000
    80   14   18 1.000000
    80   14   19 1.000000
    80   14   20 1.000000
    80   14   21 1.000000
    80   14   22 1.000000
    80   14   23 1.000000
    80   14   24 1.000000
    80   14   25 1.000000
    80   14   26 1.000000
    80   14   27 1.000000
    80   15   16 1.000000
    80   15   17 1.000000
    80   15   18 1.000000
    80   15   19 1.000000
    80   15   20 1.000000
    80   15   21 1.000000
    80   15   22 1.000000
    80   15   23 1.000000
    80   15   24 1.000000
    80   15   25 1.000000
    80   15   26 1.000000
    80   15   27 1.000000
    80   16   17 1.000000
    80   16   18 1.000000
    80   16   19 1.000000
    80   16   20 1.000000
    80   16   21 1.000000
    80   16   22 1.000000
    80   16   23 1.000000
    80   16   24 1.000000
    80   16   25 1.000000
    80   16   26 1.000000
    80   16   27 1.000000
    80   17   18 1.000000
    80   17   19 1.000000
    80   17   20 1.000000
    80   17   21 1.000000
    80   17   22 1.000000
    80   17   23 1.000000
    80   17   24 1.000000
    80   17   25 1.000000
    80   17   26 1.000000
    80   17   27 1.000000
    80   18   19 1.000000
    80   18   20 1.000000
    80   18   21 1.000000
    80   18   22 1.000000
    80   18   23 1.000000
    80   18   24 1.000000
    80   18   25 1.000000
    80   18   26 1.000000
    80   18   27 1.000000
    80   19   20 1.000000
    80   19   21 1.000000
    80   19   22 1.000000
    80   19   23 1.000000
    80   19   24 1.000000
    80   19   25 1.000000
    80   19   26 1.000000
    80   19   27 1.000000
    80   20   21 1.000000
    80   20   22 1.000000
    80   20   23 1.000000
    80   20   24 1.000000
    80   20   25 1.000000
    80   20   26 1.000000
    80   20   27 1.000000
    80   21   22 1.000000
    80   21   23 1.000000
    80   21   24 1.000000
    80   21   25 1.000000
    80   21   26 1.000000
    80   21   27 1.000000
    80   22   23 1.000000
    80   22   24 1.000000
    80   22   25 1.000000
    80   22   26 1.000000
    80   22   27 1.000000
    80   23   24 1.000000
    80   23   25 1.000000
    80   23   26 1.000000
    80   23   27 1.000000
    80   24   25 1.000000
    80   24   26 1.000000
    80   24   27 1.000000
    80   25   26 1.000000
    80   25   27 1.000000
    80   26   27 1.000000
    81    1    2 1.000000
    81    1    3 1.000000
    81    1    4 1.000000
    81    1    5 1.000000
    81    1    6 1.000000
    81    1    7 1.000000
    81    1    8 1.000000
    81    1    9 1.000000
    81    1   10 1.000000
    81    1   11 1.000000
    81    1   12 1.000000
    81    1   13 1.000000
    81    1   14 1.000000
    81    1   15 1.000000
    81    1   16 1.000000
    81    1   17 1.000000
    81    1   18 1.000000
    81    1   19 1.000000
    81    1   20 1.000000
    81    1   21 1.000000
    81    1   22 1.000000
    81    1   23 1.000000
    81    1   24 1.000000
    81    1   25 1.000000
    81    1   26 1.000000
    81    1   27 1.000000
    81    2    3 1.000000
    81    2    4 1.000000
    81    2    5 1.000000
    81    2    6 1.000000
    81    2    7 1.000000
    81    2    8 1.000000
    81    2    9 1.000000
    81    2   10 1.000000
    81    2   11 1.000000
    81    2   12 1.000000
    81    2   13 1.000000
    81    2   14 1.000000
    81    2   15 1.000000
    81    2   16 1.000000
    81    2   17 1.000000
    81    2   18 1.000000
    81    2   19 1.000000
    81    2   20 1.000000
    81    2   21 1.000000
    81    2   22 1.000000
    81    2   23 1.000000
    81    2   24 1.000000
    81    2   25 1.000000
    81    2   26 1.000000
    81    2   27 1.000000
    81    3    4 1.000000
    81    3    5 1.000000
    81    3    6 1.000000
    81    3    7 1.000000
    81    3    8 1.000000
    81    3    9 1.000000
    81    3   10 1.000000
    81    3   11 1.000000
    81    3   12 1.000000
    81    3   13 1.000000
    81    3   14 1.000000
    81    3   15 1.000000
    81    3   16 1.000000
    81    3   17 1.000000
    81    3   18 1.000000
    81    3   19 1.000000
    81    3   20 1.000000
    81    3   21 1.000000
    81    3   22 1.000000
    81    3   23 1.000000
    81    3   24 1.000000
    81    3   25 1.000000
    81    3   26 1.000000
    81    3   27 1.000000
    81    4    5 1.000000
    81    4    6 1.000000
    81    4    7 1.000000
    81    4    8 1.000000
    81    4    9 1.000000
    81    4   10 1.000000
    81    4   11 1.000000
    81    4   12 1.000000
    81    4   13 1.000000
    81    4   14 1.000000
    81    4   15 1.000000
    81    4   16 1.000000
    81    4   17 1.000000
    81    4   18 1.000000
    81    4   19 1.000000
    81    4   20 1.000000
    81    4   21 1.000000
    81    4   22 1.000000
    81    4   23 1.000000
    81    4   24 1.000000
    81    4   25 1.000000
    81    4   26 1.000000
    81    4   27 1.000000
    81    5    6 1.000000
    81    5    7 1.000000
    81    5    8 1.000000
    81    5    9 1.000000
    81    5   10 1.000000
    81    5   11 1.000000
    81    5   12 1.000000
    81    5   13 1.000000
    81    5   14 1.000000
    81    5   15 1.000000
    81    5   16 1.000000
    81    5   17 1.000000
    81    5   18 1.000000
    81    5   19 1.000000
    81    5   20 1.000000
    81    5   21 1.000000
    81    5   22 1.000000
    81    5   23 1.000000
    81    5   24 1.000000
    81    5   25 1.000000
    81    5   26 1.000000
    81    5   27 1.000000
    81    6    7 1.000000
    81    6    8 1.000000
    81    6    9 1.000000
    81    6   10 1.000000
    81    6   11 1.000000
    81    6   12 1.000000
    81    6   13 1.000000
    81    6   14 1.000000
    81    6   15 1.000000
    81    6   16 1.000000
    81    6   17 1.000000
    81    6   18 1.000000
    81    6   19 1.000000
    81    6   20 1.000000
    81    6   21 1.000000
    81    6   22 1.000000
    81    6   23 1.000000
    81    6   24 1.000000
    81    6   25 1.000000
    81    6   26 1.000000
    81    6   27 1.000000
    81    7    8 1.000000
    81    7    9 1.000000
    81    7   10 1.000000
    81    7   11 1.000000
    81    7   12 1.000000
    81    7   13 1.000000
    81    7   14 1.000000
    81    7   15 1.000000
    81    7   16 1.000000
    81    7   17 1.000000
    81    7   18 1.000000
    81    7   19 1.000000
    81    7   20 1.000000
    81    7   21 1.000000
    81    7   22 1.000000
    81    7   23 1.000000
    81    7   24 1.000000
    81    7   25 1.000000
    81    7   26 1.000000
    81    7   27 1.000000
    81    8    9 1.000000
    81    8   10 1.000000
    81    8   11 1.000000
    81    8   12 1.000000
    81    8   13 1.000000
    81    8   14 1.000000
    81    8   15 1.000000
    81    8   16 1.000000
    81    8   17 1.000000
    81    8   18 1.000000
    81    8   19 1.000000
    81    8   20 1.000000
    81    8   21 1.000000
    81    8   22 1.000000
    81    8   23 1.000000
    81    8   24 1.000000
    81    8   25 1.000000
    81    8   26 1.000000
    81    8   27 1.000000
    81    9   10 1.000000
    81    9   11 1.000000
    81    9   12 1.000000
    81    9   13 1.000000
    81    9   14 1.000000
    81    9   15 1.000000
    81    9   16 1.000000
    81    9   17 1.000000
    81    9   18 1.000000
    81    9   19 1.000000
    81    9   20 1.000000
    81    9   21 1.000000
    81    9   22 1.000000
    81    9   23 1.000000
    81    9   24 1.000000
    81    9   25 1.000000
    81    9   26 1.000000
    81    9   27 1.000000
    81   10   11 1.000000
    81   10   12 1.000000
    81   10   13 1.000000
    81   10   14 1.000000
    81   10   15 1.000000
    81   10   16 1.000000
    81   10   17 1.000000
    81   10   18 1.000000
    81   10   19 1.000000
    81   10   20 1.000000
    81   10   21 1.000000
    81   10   22 1.000000
    81   10   23 1.000000
    81   10   24 1.000000
    81   10   25 1.000000
    81   10   26 1.000000
    81   10   27 1.000000
    81   11   12 1.000000
    81   11   13 1.000000
    81   11   14 1.000000
    81   11   15 1.000000
    81   11   16 1.000000
    81   11   17 1.000000
    81   11   18 1.000000
    81   11   19 1.000000
    81   11   20 1.000000
    81   11   21 1.000000
    81   11   22 1.000000
    81   11   23 1.000000
    81   11   24 1.000000
    81   11   25 1.000000
    81   11   26 1.000000
    81   11   27 1.000000
    81   12   13 1.000000
    81   12   14 1.000000
    81   12   15 1.000000
    81   12   16 1.000000
    81   12   17 1.000000
    81   12   18 1.000000
    81   12   19 1.000000
    81   12   20 1.000000
    81   12   21 1.000000
    81   12   22 1.000000
    81   12   23 1.000000
    81   12   24 1.000000
    81   12   25 1.000000
    81   12   26 1.000000
    81   12   27 1.000000
    81   13   14 1.000000
    81   13   15 1.000000
    81   13   16 1.000000
    81   13   17 1.000000
    81   13   18 1.000000
    81   13   19 1.000000
    81   13   20 1.000000
    81   13   21 1.000000
    81   13   22 1.000000
    81   13   23 1.000000
    81   13   24 1.000000
    81   13   25 1.000000
    81   13   26 1.000000
    81   13   27 1.000000
    81   14   15 1.000000
    81   14   16 1.000000
    81   14   17 1.000000
    81   14   18 1.000000
    81   14   19 1.000000
    81   14   20 1.000000
    81   14   21 1.000000
    81   14   22 1.000000
    81   14   23 1.000000
    81   14   24 1.000000
    81   14   25 1.000000
    81   14   26 1.000000
    81   14   27 1.000000
    81   15   16 1.000000
    81   15   17 1.000000
    81   15   18 1.000000
    81   15   19 1.000000
    81   15   20 1.000000
    81   15   21 1.000000
    81   15   22 1.000000
    81   15   23 1.000000
    81   15   24 1.000000
    81   15   25 1.000000
    81   15   26 1.000000
    81   15   27 1.000000
    81   16   17 1.000000
    81   16   18 1.000000
    81   16   19 1.000000
    81   16   20 1.000000
    81   16   21 1.000000
    81   16   22 1.000000
    81   16   23 1.000000
    81   16   24 1.000000
    81   16   25 1.000000
    81   16   26 1.000000
    81   16   27 1.000000
    81   17   18 1.000000
    81   17   19 1.000000
    81   17   20 1.000000
    81   17   21 1.000000
    81   17   22 1.000000
    81   17   23 1.000000
    81   17   24 1.000000
    81   17   25 1.000000
    81   17   26 1.000000
    81   17   27 1.000000
    81   18   19 1.000000
    81   18   20 1.000000
    81   18   21 1.000000
    81   18   22 1.000000
    81   18   23 1.000000
    81   18   24 1.000000
    81   18   25 1.000000
    81   18   26 1.000000
    81   18   27 1.000000
    81   19   20 1.000000
    81   19   21 1.000000
    81   19   22 1.000000
    81   19   23 1.000000
    81   19   24 1.000000
    81   19   25 1.000000
    81   19   26 1.000000
    81   19   27 1.000000
    81   20   21 1.000000
    81   20   22 1.000000
    81   20   23 1.000000
    81   20   24 1.000000
    81   20   25 1.000000
    81   20   26 1.000000
    81   20   27 1.000000
    81   21   22 1.000000
    81   21   23 1.000000
    81   21   24 1.000000
    81   21   25 1.000000
    81   21   26 1.000000
    81   21   27 1.000000
    81   22   23 1.000000
    81   22   24 1.000000
    81   22   25 1.000000
    81   22   26 1.000000
    81   22   27 1.000000
    81   23   24 1.000000
    81   23   25 1.000000
    81   23   26 1.000000
    81   23   27 1.000000
    81   24   25 1.000000
    81   24   26 1.000000
    81   24   27 1.000000
    81   25   26 1.000000
    81   25   27 1.000000
    81   26   27 1.000000
    82    1    2 1.000000
    82    1    3 1.000000
    82    1    4 1.000000
    82    1    5 1.000000
    82    1    6 1.000000
    82    1    7 1.000000
    82    1    8 1.000000
    82    1    9 1.000000
    82    1   10 1.000000
    82    1   11 1.000000
    82    1   12 1.000000
    82    1   13 1.000000
    82    1   14 1.000000
    82    1   15 1.000000
    82    1   16 1.000000
    82    1   17 1.000000
    82    1   18 1.000000
    82    1   19 1.000000
    82    1   20 1.000000
    82    1   21 1.000000
    82    1   22 1.000000
    82    1   23 1.000000
    82    1   24 1.000000
    82    1   25 1.000000
    82    1   26 1.000000
    82    1   27 1.000000
    82    2    3 1.000000
    82    2    4 1.000000
    82    2    5 1.000000
    82    2    6 1.000000
    82    2    7 1.000000
    82    2    8 1.000000
    82    2    9 1.000000
    82    2   10 1.000000
    82    2   11 1.000000
    82    2   12 1.000000
    82    2   13 1.000000
    82    2   14 1.000000
    82    2   15 1.000000
    82    2   16 1.000000
    82    2   17 1.000000
    82    2   18 1.000000
    82    2   19 1.000000
    82    2   20 1.000000
    82    2   21 1.000000
    82    2   22 1.000000
    82    2   23 1.000000
    82    2   24 1.000000
    82    2   25 1.000000
    82    2   26 1.000000
    82    2   27 1.000000
    82    3    4 1.000000
    82    3    5 1.000000
    82    3    6 1.000000
    82    3    7 1.000000
    82    3    8 1.000000
    82    3    9 1.000000
    82    3   10 1.000000
    82    3   11 1.000000
    82    3   12 1.000000
    82    3   13 1.000000
    82    3   14 1.000000
    82    3   15 1.000000
    82    3   16 1.000000
    82    3   17 1.000000
    82    3   18 1.000000
    82    3   19 1.000000
    82    3   20 1.000000
    82    3   21 1.000000
    82    3   22 1.000000
    82    3   23 1.000000
    82    3   24 1.000000
    82    3   25 1.000000
    82    3   26 1.000000
    82    3   27 1.000000
    82    4    5 1.000000
    82    4    6 1.000000
    82    4    7 1.000000
    82    4    8 1.000000
    82    4    9 1.000000
    82    4   10 1.000000
    82    4   11 1.000000
    82    4   12 1.000000
    82    4   13 1.000000
    82    4   14 1.000000
    82    4   15 1.000000
    82    4   16 1.000000
    82    4   17 1.000000
    82    4   18 1.000000
    82    4   19 1.000000
    82    4   20 1.000000
    82    4   21 1.000000
    82    4   22 1.000000
    82    4   23 1.000000
    82    4   24 1.000000
    82    4   25 1.000000
    82    4   26 1.000000
    82    4   27 1.000000
    82    5    6 1.000000
    82    5    7 1.000000
    82    5    8 1.000000
    82    5    9 1.000000
    82    5   10 1.000000
    82    5   11 1.000000
    82    5   12 1.000000
    82    5   13 1.000000
    82    5   14 1.000000
    82    5   15 1.000000
    82    5   16 1.000000
    82    5   17 1.000000
    82    5   18 1.000000
    82    5   19 1.000000
    82    5   20 1.000000
    82    5   21 1.000000
    82    5   22 1.000000
    82    5   23 1.000000
    82    5   24 1.000000
    82    5   25 1.000000
    82    5   26 1.000000
    82    5   27 1.000000
    82    6    7 1.000000
    82    6    8 1.000000
    82    6    9 1.000000
    82    6   10 1.000000
    82    6   11 1.000000
    82    6   12 1.000000
    82    6   13 1.000000
    82    6   14 1.000000
    82    6   15 1.000000
    82    6   16 1.000000
    82    6   17 1.000000
    82    6   18 1.000000
    82    6   19 1.000000
    82    6   20 1.000000
    82    6   21 1.000000
    82    6   22 1.000000
    82    6   23 1.000000
    82    6   24 1.000000
    82    6   25 1.000000
    82    6   26 1.000000
    82    6   27 1.000000
    82    7    8 1.000000
    82    7    9 1.000000
    82    7   10 1.000000
    82    7   11 1.000000
    82    7   12 1.000000
    82    7   13 1.000000
    82    7   14 1.000000
    82    7   15 1.000000
    82    7   16 1.000000
    82    7   17 1.000000
    82    7   18 1.000000
    82    7   19 1.000000
    82    7   20 1.000000
    82    7   21 1.000000
    82    7   22 1.000000
    82    7   23 1.000000
    82    7   24 1.000000
    82    7   25 1.000000
    82    7   26 1.000000
    82    7   27 1.000000
    82    8    9 1.000000
    82    8   10 1.000000
    82    8   11 1.000000
    82    8   12 1.000000
    82    8   13 1.000000
    82    8   14 1.000000
    82    8   15 1.000000
    82    8   16 1.000000
    82    8   17 1.000000
    82    8   18 1.000000
    82    8   19 1.000000
    82    8   20 1.000000
    82    8   21 1.000000
    82    8   22 1.000000
    82    8   23 1.000000
    82    8   24 1.000000
    82    8   25 1.000000
    82    8   26 1.000000
    82    8   27 1.000000
    82    9   10 1.000000
    82    9   11 1.000000
    82    9   12 1.000000
    82    9   13 1.000000
    82    9   14 1.000000
    82    9   15 1.000000
    82    9   16 1.000000
    82    9   17 1.000000
    82    9   18 1.000000
    82    9   19 1.000000
    82    9   20 1.000000
    82    9   21 1.000000
    82    9   22 1.000000
    82    9   23 1.000000
    82    9   24 1.000000
    82    9   25 1.000000
    82    9   26 1.000000
    82    9   27 1.000000
    82   10   11 1.000000
    82   10   12 1.000000
    82   10   13 1.000000
    82   10   14 1.000000
    82   10   15 1.000000
    82   10   16 1.000000
    82   10   17 1.000000
    82   10   18 1.000000
    82   10   19 1.000000
    82   10   20 1.000000
    82   10   21 1.000000
    82   10   22 1.000000
    82   10   23 1.000000
    82   10   24 1.000000
    82   10   25 1.000000
    82   10   26 1.000000
    82   10   27 1.000000
    82   11   12 1.000000
    82   11   13 1.000000
    82   11   14 1.000000
    82   11   15 1.000000
    82   11   16 1.000000
    82   11   17 1.000000
    82   11   18 1.000000
    82   11   19 1.000000
    82   11   20 1.000000
    82   11   21 1.000000
    82   11   22 1.000000
    82   11   23 1.000000
    82   11   24 1.000000
    82   11   25 1.000000
    82   11   26 1.000000
    82   11   27 1.000000
    82   12   13 1.000000
    82   12   14 1.000000
    82   12   15 1.000000
    82   12   16 1.000000
    82   12   17 1.000000
    82   12   18 1.000000
    82   12   19 1.000000
    82   12   20 1.000000
    82   12   21 1.000000
    82   12   22 1.000000
    82   12   23 1.000000
    82   12   24 1.000000
    82   12   25 1.000000
    82   12   26 1.000000
    82   12   27 1.000000
    82   13   14 1.000000
    82   13   15 1.000000
    82   13   16 1.000000
    82   13   17 1.000000
    82   13   18 1.000000
    82   13   19 1.000000
    82   13   20 1.000000
    82   13   21 1.000000
    82   13   22 1.000000
    82   13   23 1.000000
    82   13   24 1.000000
    82   13   25 1.000000
    82   13   26 1.000000
    82   13   27 1.000000
    82   14   15 1.000000
    82   14   16 1.000000
    82   14   17 1.000000
    82   14   18 1.000000
    82   14   19 1.000000
    82   14   20 1.000000
    82   14   21 1.000000
    82   14   22 1.000000
    82   14   23 1.000000
    82   14   24 1.000000
    82   14   25 1.000000
    82   14   26 1.000000
    82   14   27 1.000000
    82   15   16 1.000000
    82   15   17 1.000000
    82   15   18 1.000000
    82   15   19 1.000000
    82   15   20 1.000000
    82   15   21 1.000000
    82   15   22 1.000000
    82   15   23 1.000000
    82   15   24 1.000000
    82   15   25 1.000000
    82   15   26 1.000000
    82   15   27 1.000000
    82   16   17 1.000000
    82   16   18 1.000000
    82   16   19 1.000000
    82   16   20 1.000000
    82   16   21 1.000000
    82   16   22 1.000000
    82   16   23 1.000000
    82   16   24 1.000000
    82   16   25 1.000000
    82   16   26 1.000000
    82   16   27 1.000000
    82   17   18 1.000000
    82   17   19 1.000000
    82   17   20 1.000000
    82   17   21 1.000000
    82   17   22 1.000000
    82   17   23 1.000000
    82   17   24 1.000000
    82   17   25 1.000000
    82   17   26 1.000000
    82   17   27 1.000000
    82   18   19 1.000000
    82   18   20 1.000000
    82   18   21 1.000000
    82   18   22 1.000000
    82   18   23 1.000000
    82   18   24 1.000000
    82   18   25 1.000000
    82   18   26 1.000000
    82   18   27 1.000000
    82   19   20 1.000000
    82   19   21 1.000000
    82   19   22 1.000000
    82   19   23 1.000000
    82   19   24 1.000000
    82   19   25 1.000000
    82   19   26 1.000000
    82   19   27 1.000000
    82   20   21 1.000000
    82   20   22 1.000000
    82   20   23 1.000000
    82   20   24 1.000000
    82   20   25 1.000000
    82   20   26 1.000000
    82   20   27 1.000000
    82   21   22 1.000000
    82   21   23 1.000000
    82   21   24 1.000000
    82   21   25 1.000000
    82   21   26 1.000000
    82   21   27 1.000000
    82   22   23 1.000000
    82   22   24 1.000000
    82   22   25 1.000000
    82   22   26 1.000000
    82   22   27 1.000000
    82   23   24 1.000000
    82   23   25 1.000000
    82   23   26 1.000000
    82   23   27 1.000000
    82   24   25 1.000000
    82   24   26 1.000000
    82   24   27 1.000000
    82   25   26 1.000000
    82   25   27 1.000000
    82   26   27 1.000000
    83    1    2 1.000000
    83    1    3 1.000000
    83    1    4 1.000000
    83    1    5 1.000000
    83    1    6 1.000000
    83    1    7 1.000000
    83    1    8 1.000000
    83    1    9 1.000000
    83    1   10 1.000000
    83    1   11 1.000000
    83    1   12 1.000000
    83    1   13 1.000000
    83    1   14 1.000000
    83    1   15 1.000000
    83    1   16 1.000000
    83    1   17 1.000000
    83    1   18 1.000000
    83    1   19 1.000000
    83    1   20 1.000000
    83    1   21 1.000000
    83    1   22 1.000000
    83    1   23 1.000000
    83    1   24 1.000000
    83    1   25 1.000000
    83    1   26 1.000000
    83    1   27 1.000000
    83    2    3 1.000000
    83    2    4 1.000000
    83    2    5 1.000000
    83    2    6 1.000000
    83    2    7 1.000000
    83    2    8 1.000000
    83    2    9 1.000000
    83    2   10 1.000000
    83    2   11 1.000000
    83    2   12 1.000000
    83    2   13 1.000000
    83    2   14 1.000000
    83    2   15 1.000000
    83    2   16 1.000000
    83    2   17 1.000000
    83    2   18 1.000000
    83    2   19 1.000000
    83    2   20 1.000000
    83    2   21 1.000000
    83    2   22 1.000000
    83    2   23 1.000000
    83    2   24 1.000000
    83    2   25 1.000000
    83    2   26 1.000000
    83    2   27 1.000000
    83    3    4 1.000000
    83    3    5 1.000000
    83    3    6 1.000000
    83    3    7 1.000000
    83    3    8 1.000000
    83    3    9 1.000000
    83    3   10 1.000000
    83    3   11 1.000000
    83    3   12 1.000000
    83    3   13 1.000000
    83    3   14 1.000000
    83    3   15 1.000000
    83    3   16 1.000000
    83    3   17 1.000000
    83    3   18 1.000000
    83    3   19 1.000000
    83    3   20 1.000000
    83    3   21 1.000000
    83    3   22 1.000000
    83    3   23 1.000000
    83    3   24 1.000000
    83    3   25 1.000000
    83    3   26 1.000000
    83    3   27 1.000000
    83    4    5 1.000000
    83    4    6 1.000000
    83    4    7 1.000000
    83    4    8 1.000000
    83    4    9 1.000000
    83    4   10 1.000000
    83    4   11 1.000000
    83    4   12 1.000000
    83    4   13 1.000000
    83    4   14 1.000000
    83    4   15 1.000000
    83    4   16 1.000000
    83    4   17 1.000000
    83    4   18 1.000000
    83    4   19 1.000000
    83    4   20 1.000000
    83    4   21 1.000000
    83    4   22 1.000000
    83    4   23 1.000000
    83    4   24 1.000000
    83    4   25 1.000000
    83    4   26 1.000000
    83    4   27 1.000000
    83    5    6 1.000000
    83    5    7 1.000000
    83    5    8 1.000000
    83    5    9 1.000000
    83    5   10 1.000000
    83    5   11 1.000000
    83    5   12 1.000000
    83    5   13 1.000000
    83    5   14 1.000000
    83    5   15 1.000000
    83    5   16 1.000000
    83    5   17 1.000000
    83    5   18 1.000000
    83    5   19 1.000000
    83    5   20 1.000000
    83    5   21 1.000000
    83    5   22 1.000000
    83    5   23 1.000000
    83    5   24 1.000000
    83    5   25 1.000000
    83    5   26 1.000000
    83    5   27 1.000000
    83    6    7 1.000000
    83    6    8 1.000000
    83    6    9 1.000000
    83    6   10 1.000000
    83    6   11 1.000000
    83    6   12 1.000000
    83    6   13 1.000000
    83    6   14 1.000000
    83    6   15 1.000000
    83    6   16 1.000000
    83    6   17 1.000000
    83    6   18 1.000000
    83    6   19 1.000000
    83    6   20 1.000000
    83    6   21 1.000000
    83    6   22 1.000000
    83    6   23 1.000000
    83    6   24 1.000000
    83    6   25 1.000000
    83    6   26 1.000000
    83    6   27 1.000000
    83    7    8 1.000000
    83    7    9 1.000000
    83    7   10 1.000000
    83    7   11 1.000000
    83    7   12 1.000000
    83    7   13 1.000000
    83    7   14 1.000000
    83    7   15 1.000000
    83    7   16 1.000000
    83    7   17 1.000000
    83    7   18 1.000000
    83    7   19 1.000000
    83    7   20 1.000000
    83    7   21 1.000000
    83    7   22 1.000000
    83    7   23 1.000000
    83    7   24 1.000000
    83    7   25 1.000000
    83    7   26 1.000000
    83    7   27 1.000000
    83    8    9 1.000000
    83    8   10 1.000000
    83    8   11 1.000000
    83    8   12 1.000000
    83    8   13 1.000000
    83    8   14 1.000000
    83    8   15 1.000000
    83    8   16 1.000000
    83    8   17 1.000000
    83    8   18 1.000000
    83    8   19 1.000000
    83    8   20 1.000000
    83    8   21 1.000000
    83    8   22 1.000000
    83    8   23 1.000000
    83    8   24 1.000000
    83    8   25 1.000000
    83    8   26 1.000000
    83    8   27 1.000000
    83    9   10 1.000000
    83    9   11 1.000000
    83    9   12 1.000000
    83    9   13 1.000000
    83    9   14 1.000000
    83    9   15 1.000000
    83    9   16 1.000000
    83    9   17 1.000000
    83    9   18 1.000000
    83    9   19 1.000000
    83    9   20 1.000000
    83    9   21 1.000000
    83    9   22 1.000000
    83    9   23 1.000000
    83    9   24 1.000000
    83    9   25 1.000000
    83    9   26 1.000000
    83    9   27 1.000000
    83   10   11 1.000000
    83   10   12 1.000000
    83   10   13 1.000000
    83   10   14 1.000000
    83   10   15 1.000000
    83   10   16 1.000000
    83   10   17 1.000000
    83   10   18 1.000000
    83   10   19 1.000000
    83   10   20 1.000000
    83   10   21 1.000000
    83   10   22 1.000000
    83   10   23 1.000000
    83   10   24 1.000000
    83   10   25 1.000000
    83   10   26 1.000000
    83   10   27 1.000000
    83   11   12 1.000000
    83   11   13 1.000000
    83   11   14 1.000000
    83   11   15 1.000000
    83   11   16 1.000000
    83   11   17 1.000000
    83   11   18 1.000000
    83   11   19 1.000000
    83   11   20 1.000000
    83   11   21 1.000000
    83   11   22 1.000000
    83   11   23 1.000000
    83   11   24 1.000000
    83   11   25 1.000000
    83   11   26 1.000000
    83   11   27 1.000000
    83   12   13 1.000000
    83   12   14 1.000000
    83   12   15 1.000000
    83   12   16 1.000000
    83   12   17 1.000000
    83   12   18 1.000000
    83   12   19 1.000000
    83   12   20 1.000000
    83   12   21 1.000000
    83   12   22 1.000000
    83   12   23 1.000000
    83   12   24 1.000000
    83   12   25 1.000000
    83   12   26 1.000000
    83   12   27 1.000000
    83   13   14 1.000000
    83   13   15 1.000000
    83   13   16 1.000000
    83   13   17 1.000000
    83   13   18 1.000000
    83   13   19 1.000000
    83   13   20 1.000000
    83   13   21 1.000000
    83   13   22 1.000000
    83   13   23 1.000000
    83   13   24 1.000000
    83   13   25 1.000000
    83   13   26 1.000000
    83   13   27 1.000000
    83   14   15 1.000000
    83   14   16 1.000000
    83   14   17 1.000000
    83   14   18 1.000000
    83   14   19 1.000000
    83   14   20 1.000000
    83   14   21 1.000000
    83   14   22 1.000000
    83   14   23 1.000000
    83   14   24 1.000000
    83   14   25 1.000000
    83   14   26 1.000000
    83   14   27 1.000000
    83   15   16 1.000000
    83   15   17 1.000000
    83   15   18 1.000000
    83   15   19 1.000000
    83   15   20 1.000000
    83   15   21 1.000000
    83   15   22 1.000000
    83   15   23 1.000000
    83   15   24 1.000000
    83   15   25 1.000000
    83   15   26 1.000000
    83   15   27 1.000000
    83   16   17 1.000000
    83   16   18 1.000000
    83   16   19 1.000000
    83   16   20 1.000000
    83   16   21 1.000000
    83   16   22 1.000000
    83   16   23 1.000000
    83   16   24 1.000000
    83   16   25 1.000000
    83   16   26 1.000000
    83   16   27 1.000000
    83   17   18 1.000000
    83   17   19 1.000000
    83   17   20 1.000000
    83   17   21 1.000000
    83   17   22 1.000000
    83   17   23 1.000000
    83   17   24 1.000000
    83   17   25 1.000000
    83   17   26 1.000000
    83   17   27 1.000000
    83   18   19 1.000000
    83   18   20 1.000000
    83   18   21 1.000000
    83   18   22 1.000000
    83   18   23 1.000000
    83   18   24 1.000000
    83   18   25 1.000000
    83   18   26 1.000000
    83   18   27 1.000000
    83   19   20 1.000000
    83   19   21 1.000000
    83   19   22 1.000000
    83   19   23 1.000000
    83   19   24 1.000000
    83   19   25 1.000000
    83   19   26 1.000000
    83   19   27 1.000000
    83   20   21 1.000000
    83   20   22 1.000000
    83   20   23 1.000000
    83   20   24 1.000000
    83   20   25 1.000000
    83   20   26 1.000000
    83   20   27 1.000000
    83   21   22 1.000000
    83   21   23 1.000000
    83   21   24 1.000000
    83   21   25 1.000000
    83   21   26 1.000000
    83   21   27 1.000000
    83   22   23 1.000000
    83   22   24 1.000000
    83   22   25 1.000000
    83   22   26 1.000000
    83   22   27 1.000000
    83   23   24 1.000000
    83   23   25 1.000000
    83   23   26 1.000000
    83   23   27 1.000000
    83   24   25 1.000000
    83   24   26 1.000000
    83   24   27 1.000000
    83   25   26 1.000000
    83   25   27 1.000000
    83   26   27 1.000000
    89   10   26 1.000000
    90   10   26 1.000000
    91   10   26 1.000000
    92    2   10 0.187500
    92    2   26 0.187500
    92   10   26 1.000000
    93    1    2 0.812500
    93    1    3 0.958333
    93    1    4 0.958333
    93    1    5 0.916667
    93    1    6 0.958333
    93    1    7 0.812500
    93    1    8 0.958333
    93    1    9 0.937500
    93    1   10 0.187500
    93    1   11 0.666667
    93    1   12 0.666667
    93    1   13 0.958333
    93    1   14 0.833333
    93    1   15 0.666667
    93    1   16 0.666667
    93    1   17 0.666667
    93    1   18 0.958333
    93    1   19 0.770833
    93    1   20 0.958333
    93    1   21 0.958333
    93    1   22 0.958333
    93    1   23 0.958333
    93    1   24 0.958333
    93    1   25 0.958333
    93    1   27 0.895833
    93    2    3 0.854167
    93    2    4 0.854167
    93    2    5 0.729167
    93    2    6 0.854167
    93    2    7 1.000000
    93    2    8 0.854167
    93    2    9 0.812500
    93    2   10 0.187500
    93    2   11 0.541667
    93    2   12 0.541667
    93    2   13 0.854167
    93    2   14 0.708333
    93    2   15 0.541667
    93    2   16 0.541667
    93    2   17 0.541667
    93    2   18 0.854167
    93    2   19 0.645833
    93    2   20 0.854167
    93    2   21 0.854167
    93    2   22 0.854167
    93    2   23 0.854167
    93    2   24 0.854167
    93    2   25 0.854167
    93    2   27 0.791667
    93    3    4 1.000000
    93    3    5 0.875000
    93    3    6 1.000000
    93    3    7 0.854167
    93    3    8 1.000000
    93    3    9 0.958333
    93    3   10 0.187500
    93    3   11 0.687500
    93    3   12 0.687500
    93    3   13 1.000000
    93    3   14 0.854167
    93    3   15 0.687500
    93    3   16 0.687500
    93    3   17 0.687500
    93    3   18 1.000000
    93    3   19 0.791667
    93    3   20 1.000000
    93    3   21 1.000000
    93    3   22 1.000000
    93    3   23 1.000000
    93    3   24 1.000000
    93    3   25 1.000000
    93    3   27 0.937500
    93    4    5 0.875000
    93    4    6 1.000000
    93    4    7 0.854167
    93    4    8 1.000000
    93    4    9 0.958333
    93    4   10 0.187500
    93    4   11 0.687500
    93    4   12 0.687500
    93    4   13 1.000000
    93    4   14 0.854167
    93    4   15 0.687500
    93    4   16 0.687500
    93    4   17 0.687500
    93    4   18 1.000000
    93    4   19 0.791667
    93    4   20 1.000000
    93    4   21 1.000000
    93    4   22 1.000000
    93    4   23 1.000000
    93    4   24 1.000000
    93    4   25 1.000000
    93    4   27 0.937500
    93    5    6 0.875000
    93    5    7 0.729167
    93    5    8 0.875000
    93    5    9 0.875000
    93    5   10 0.187500
    93    5   11 0.625000
    93    5   12 0.625000
    93    5   13 0.875000
    93    5   14 0.791667
    93    5   15 0.625000
    93    5   16 0.625000
    93    5   17 0.625000
    93    5   18 0.875000
    93    5   19 0.729167
    93    5   20 0.875000
    93    5   21 0.875000
    93    5   22 0.875000
    93    5   23 0.875000
    93    5   24 0.875000
    93    5   25 0.875000
    93    5   27 0.812500
    93    6    7 0.854167
    93    6    8 1.000000
    93    6    9 0.958333
    93    6   10 0.187500
    93    6   11 0.687500
    93    6   12 0.687500
    93    6   13 1.000000
    93    6   14 0.854167
    93    6   15 0.687500
    93    6   16 0.687500
    93    6   17 0.687500
    93    6   18 1.000000
    93    6   19 0.791667
    93    6   20 1.000000
    93    6   21 1.000000
    93    6   22 1.000000
    93    6   23 1.000000
    93    6   24 1.000000
    93    6   25 1.000000
    93    6   27 0.937500
    93    7    8 0.854167
    93    7    9 0.812500
    93    7   10 0.187500
    93    7   11 0.541667
    93    7   12 0.541667
    93    7   13 0.854167
    93    7   14 0.708333
    93    7   15 0.541667
    93    7   16 0.541667
    93    7   17 0.541667
    93    7   18 0.854167
    93    7   19 0.645833
    93    7   20 0.854167
    93    7   21 0.854167
    93    7   22 0.854167
    93    7   23 0.854167
    93    7   24 0.854167
    93    7   25 0.854167
    93    7   27 0.791667
    93    8    9 0.958333
    93    8   10 0.187500
    93    8   11 0.687500
    93    8   12 0.687500
    93    8   13 1.000000
    93    8   14 0.854167
    93    8   15 0.687500
    93    8   16 0.687500
    93    8   17 0.687500
    93    8   18 1.000000
    93    8   19 0.791667
    93    8   20 1.000000
    93    8   21 1.000000
    93    8   22 1.000000
    93    8   23 1.000000
    93    8   24 1.000000
    93    8   25 1.000000
    93    8   27 0.937500
    93    9   10 0.187500
    93    9   11 0.687500
    93    9   12 0.687500
    93    9   13 0.958333
    93    9   14 0.854167
    93    9   15 0.687500
    93    9   16 0.687500
    93    9   17 0.687500
    93    9   18 0.958333
    93    9   19 0.791667
    93    9   20 0.958333
    93    9   21 0.958333
    93    9   22 0.958333
    93    9   23 0.958333
    93    9   24 0.958333
    93    9   25 0.958333
    93    9   27 0.895833
    93   10   11 0.187500
    93   10   12 0.187500
    93   10   13 0.187500
    93   10   14 0.187500
    93   10   15 0.187500
    93   10   16 0.187500
    93   10   17 0.187500
    93   10   18 0.187500
    93   10   19 0.187500
    93   10   20 0.187500
    93   10   21 0.187500
    93   10   22 0.187500
    93   10   23 0.187500
    93   10   24 0.187500
    93   10   25 0.187500
    93   10   27 0.125000
    93   11   12 1.000000
    93   11   13 0.687500
    93   11   14 0.833333
    93   11   15 1.000000
    93   11   16 1.000000
    93   11   17 0.937500
    93   11   18 0.687500
    93   11   19 0.895833
    93   11   20 0.687500
    93   11   21 0.687500
    93   11   22 0.687500
    93   11   23 0.687500
    93   11   24 0.687500
    93   11   25 0.687500
    93   11   27 0.625000
    93   12   13 0.687500
    93   12   14 0.833333
    93   12   15 1.000000
    93   12   16 1.000000
    93   12   17 0.937500
    93   12   18 0.687500
    93   12   19 0.895833
    93   12   20 0.687500
    93   12   21 0.687500
    93   12   22 0.687500
    93   12   23 0.687500
    93   12   24 0.687500
    93   12   25 0.687500
    93   12   27 0.625000
    93   13   14 0.854167
    93   13   15 0.687500
    93   13   16 0.687500
    93   13   17 0.687500
    93   13   18 1.000000
    93   13   19 0.791667
    93   13   20 1.000000
    93   13   21 1.000000
    93   13   22 1.000000
    93   13   23 1.000000
    93   13   24 1.000000
    93   13   25 1.000000
    93   13   27 0.937500
    93   14   15 0.833333
    93   14   16 0.833333
    93   14   17 0.833333
    93   14   18 0.854167
    93   14   19 0.895833
    93   14   20 0.854167
    93   14   21 0.854167
    93   14   22 0.854167
    93   14   23 0.854167
    93   14   24 0.854167
    93   14   25 0.854167
    93   14   27 0.791667
    93   15   16 1.000000
    93   15   17 0.937500
    93   15   18 0.687500
    93   15   19 0.895833
    93   15   20 0.687500
    93   15   21 0.687500
    93   15   22 0.687500
    93   15   23 0.687500
    93   15   24 0.687500
    93   15   25 0.687500
    93   15   27 0.625000
    93   16   17 0.937500
    93   16   18 0.687500
    93   16   19 0.895833
    93   16   20 0.687500
    93   16   21 0.687500
    93   16   22 0.687500
    93   16   23 0.687500
    93   16   24 0.687500
    93   16   25 0.687500
    93   16   27 0.625000
    93   17   18 0.687500
    93   17   19 0.895833
    93   17   20 0.687500
    93   17   21 0.687500
    93   17   22 0.687500
    93   17   23 0.687500
    93   17   24 0.687500
    93   17   25 0.687500
    93   17   27 0.625000
    93   18   19 0.791667
    93   18   20 1.000000
    93   18   21 1.000000
    93   18   22 1.000000
    93   18   23 1.000000
    93   18   24 1.000000
    93   18   25 1.000000
    93   18   27 0.937500
    93   19   20 0.791667
    93   19   21 0.791667
    93   19   22 0.791667
    93   19   23 0.791667
    93   19   24 0.791667
    93   19   25 0.791667
    93   19   27 0.729167
    93   20   21 1.000000
    93   20   22 1.000000
    93   20   23 1.000000
    93   20   24 1.000000
    93   20   25 1.000000
    93   20   27 0.937500
    93   21   22 1.000000
    93   21   23 1.000000
    93   21   24 1.000000
    93   21   25 1.000000
    93   21   27 0.937500
    93   22   23 1.000000
    93   22   24 1.000000
    93   22   25 1.000000
    93   22   27 0.937500
    93   23   24 1.000000
    93   23   25 1.000000
    93   23   27 0.937500
    93   24   25 1.000000
    93   24   27 0.937500
    93   25   27 0.937500
    94    1    2 0.812500
    94    1    3 0.958333
    94    1    4 0.958333
    94    1    5 0.916667
    94    1    6 0.958333
    94    1    7 0.812500
    94    1    8 0.958333
    94    1    9 0.937500
    94    1   10 0.187500
    94    1   11 0.666667
    94    1   12 0.666667
    94    1   13 0.958333
    94    1   14 0.750000
    94    1   15 0.666667
    94    1   16 0.666667
    94    1   17 0.666667
    94    1   18 0.958333
    94    1   19 0.666667
    94    1   20 0.958333
    94    1   21 0.958333
    94    1   22 0.958333
    94    1   23 0.958333
    94    1   24 0.958333
    94    1   25 0.958333
    94    1   27 0.895833
    94    2    3 0.854167
    94    2    4 0.854167
    94    2    5 0.729167
    94    2    6 0.854167
    94    2    7 1.000000
    94    2    8 0.854167
    94    2    9 0.812500
    94    2   10 0.187500
    94    2   11 0.541667
    94    2   12 0.541667
    94    2   13 0.854167
    94    2   14 0.625000
    94    2   15 0.541667
    94    2   16 0.541667
    94    2   17 0.541667
    94    2   18 0.854167
    94    2   19 0.541667
    94    2   20 0.854167
    94    2   21 0.854167
    94    2   22 0.854167
    94    2   23 0.854167
    94    2   24 0.854167
    94    2   25 0.854167
    94    2   27 0.791667
    94    3    4 1.000000
    94    3    5 0.875000
    94    3    6 1.000000
    94    3    7 0.854167
    94    3    8 1.000000
    94    3    9 0.958333
    94    3   10 0.187500
    94    3   11 0.687500
    94    3   12 0.687500
    94    3   13 1.000000
    94    3   14 0.770833
    94    3   15 0.687500
    94    3   16 0.687500
    94    3   17 0.687500
    94    3   18 1.000000
    94    3   19 0.687500
    94    3   20 1.000000
    94    3   21 1.000000
    94    3   22 1.000000
    94    3   23 1.000000
    94    3   24 1.000000
    94    3   25 1.000000
    94    3   27 0.937500
    94    4    5 0.875000
    94    4    6 1.000000
    94    4    7 0.854167
    94    4    8 1.000000
    94    4    9 0.958333
    94    4   10 0.187500
    94    4   11 0.687500
    94    4   12 0.687500
    94    4   13 1.000000
    94    4   14 0.770833
    94    4   15 0.687500
    94    4   16 0.687500
    94    4   17 0.687500
    94    4   18 1.000000
    94    4   19 0.687500
    94    4   20 1.000000
    94    4   21 1.000000
    94    4   22 1.000000
    94    4   23 1.000000
    94    4   24 1.000000
    94    4   25 1.000000
    94    4   27 0.937500
    94    5    6 0.875000
    94    5    7 0.729167
    94    5    8 0.875000
    94    5    9 0.875000
    94    5   10 0.187500
    94    5   11 0.625000
    94    5   12 0.625000
    94    5   13 0.875000
    94    5   14 0.708333
    94    5   15 0.625000
    94    5   16 0.625000
    94    5   17 0.625000
    94    5   18 0.875000
    94    5   19 0.625000
    94    5   20 0.875000
    94    5   21 0.875000
    94    5   22 0.875000
    94    5   23 0.875000
    94    5   24 0.875000
    94    5   25 0.875000
    94    5   27 0.812500
    94    6    7 0.854167
    94    6    8 1.000000
    94    6    9 0.958333
    94    6   10 0.187500
    94    6   11 0.687500
    94    6   12 0.687500
    94    6   13 1.000000
    94    6   14 0.770833
    94    6   15 0.687500
    94    6   16 0.687500
    94    6   17 0.687500
    94    6   18 1.000000
    94    6   19 0.687500
    94    6   20 1.000000
    94    6   21 1.000000
    94    6   22 1.000000
    94    6   23 1.000000
    94    6   24 1.000000
    94    6   25 1.000000
    94    6   27 0.937500
    94    7    8 0.854167
    94    7    9 0.812500
    94    7   10 0.187500
    94    7   11 0.541667
    94    7   12 0.541667
    94    7   13 0.854167
    94    7   14 0.625000
    94    7   15 0.541667
    94    7   16 0.541667
    94    7   17 0.541667
    94    7   18 0.854167
    94    7   19 0.541667
    94    7   20 0.854167
    94    7   21 0.854167
    94    7   22 0.854167
    94    7   23 0.854167
    94    7   24 0.854167
    94    7   25 0.854167
    94    7   27 0.791667
    94    8    9 0.958333
    94    8   10 0.187500
    94    8   11 0.687500
    94    8   12 0.687500
    94    8   13 1.000000
    94    8   14 0.770833
    94    8   15 0.687500
    94    8   16 0.687500
    94    8   17 0.687500
    94    8   18 1.000000
    94    8   19 0.687500
    94    8   20 1.000000
    94    8   21 1.000000
    94    8   22 1.000000
    94    8   23 1.000000
    94    8   24 1.000000
    94    8   25 1.000000
    94    8   27 0.937500
    94    9   10 0.187500
    94    9   11 0.687500
    94    9   12 0.687500
    94    9   13 0.958333
    94    9   14 0.770833
    94    9   15 0.687500
    94    9   16 0.687500
    94    9   17 0.687500
    94    9   18 0.958333
    94    9   19 0.687500
    94    9   20 0.958333
    94    9   21 0.958333
    94    9   22 0.958333
    94    9   23 0.958333
    94    9   24 0.958333
    94    9   25 0.958333
    94    9   27 0.895833
    94   10   11 0.187500
    94   10   12 0.187500
    94   10   13 0.187500
    94   10   14 0.187500
    94   10   15 0.187500
    94   10   16 0.187500
    94   10   17 0.187500
    94   10   18 0.187500
    94   10   19 0.187500
    94   10   20 0.187500
    94   10   21 0.187500
    94   10   22 0.187500
    94   10   23 0.187500
    94   10   24 0.187500
    94   10   25 0.187500
    94   10   27 0.125000
    94   11   12 1.000000
    94   11   13 0.687500
    94   11   14 0.833333
    94   11   15 1.000000
    94   11   16 1.000000
    94   11   17 0.937500
    94   11   18 0.687500
    94   11   19 0.958333
    94   11   20 0.687500
    94   11   21 0.687500
    94   11   22 0.687500
    94   11   23 0.687500
    94   11   24 0.687500
    94   11   25 0.687500
    94   11   27 0.625000
    94   12   13 0.687500
    94   12   14 0.833333
    94   12   15 1.000000
    94   12   16 1.000000
    94   12   17 0.937500
    94   12   18 0.687500
    94   12   19 0.958333
    94   12   20 0.687500
    94   12   21 0.687500
    94   12   22 0.687500
    94   12   23 0.687500
    94   12   24 0.687500
    94   12   25 0.687500
    94   12   27 0.625000
    94   13   14 0.770833
    94   13   15 0.687500
    94   13   16 0.687500
    94   13   17 0.687500
    94   13   18 1.000000
    94   13   19 0.687500
    94   13   20 1.000000
    94   13   21 1.000000
    94   13   22 1.000000
    94   13   23 1.000000
    94   13   24 1.000000
    94   13   25 1.000000
    94   13   27 0.937500
    94   14   15 0.833333
    94   14   16 0.833333
    94   14   17 0.833333
    94   14   18 0.770833
    94   14   19 0.812500
    94   14   20 0.770833
    94   14   21 0.770833
    94   14   22 0.770833
    94   14   23 0.770833
    94   14   24 0.770833
    94   14   25 0.770833
    94   14   27 0.708333
    94   15   16 1.000000
    94   15   17 0.937500
    94   15   18 0.687500
    94   15   19 0.958333
    94   15   20 0.687500
    94   15   21 0.687500
    94   15   22 0.687500
    94   15   23 0.687500
    94   15   24 0.687500
    94   15   25 0.687500
    94   15   27 0.625000
    94   16   17 0.937500
    94   16   18 0.687500
    94   16   19 0.958333
    94   16   20 0.687500
    94   16   21 0.687500
    94   16   22 0.687500
    94   16   23 0.687500
    94   16   24 0.687500
    94   16   25 0.687500
    94   16   27 0.625000
    94   17   18 0.687500
    94   17   19 0.895833
    94   17   20 0.687500
    94   17   21 0.687500
    94   17   22 0.687500
    94   17   23 0.687500
    94   17   24 0.687500
    94   17   25 0.687500
    94   17   27 0.625000
    94   18   19 0.687500
    94   18   20 1.000000
    94   18   21 1.000000
    94   18   22 1.000000
    94   18   23 1.000000
    94   18   24 1.000000
    94   18   25 1.000000
    94   18   27 0.937500
    94   19   20 0.687500
    94   19   21 0.687500
    94   19   22 0.687500
    94   19   23 0.687500
    94   19   24 0.687500
    94   19   25 0.687500
    94   19   27 0.625000
    94   20   21 1.000000
    94   20   22 1.000000
    94   20   23 1.000000
    94   20   24 1.000000
    94   20   25 1.000000
    94   20   27 0.937500
    94   21   22 1.000000
    94   21   23 1.000000
    94   21   24 1.000000
    94   21   25 1.000000
    94   21   27 0.937500
    94   22   23 1.000000
    94   22   24 1.000000
    94   22   25 1.000000
    94   22   27 0.937500
    94   23   24 1.000000
    94   23   25 1.000000
    94   23   27 0.937500
    94   24   25 1.000000
    94   24   27 0.937500
    94   25   27 0.937500
    95    1    2 0.812500
    95    1    3 0.958333
    95    1    4 0.958333
    95    1    5 0.895833
    95    1    6 0.958333
    95    1    7 0.812500
    95    1    8 0.958333
    95    1    9 0.937500
    95    1   10 0.187500
    95    1   13 0.833333
    95    1   14 0.750000
    95    1   17 0.666667
    95    1   18 0.958333
    95    1   20 0.958333
    95    1   21 0.958333
    95    1   22 0.958333
    95    1   23 0.958333
    95    1   24 0.958333
    95    1   25 0.958333
    95    1   27 0.895833
    95    2    3 0.854167
    95    2    4 0.854167
    95    2    5 0.729167
    95    2    6 0.854167
    95    2    7 1.000000
    95    2    8 0.854167
    95    2    9 0.812500
    95    2   10 0.187500
    95    2   13 0.854167
    95    2   14 0.625000
    95    2   17 0.541667
    95    2   18 0.854167
    95    2   20 0.854167
    95    2   21 0.854167
    95    2   22 0.854167
    95    2   23 0.854167
    95    2   24 0.854167
    95    2   25 0.854167
    95    2   27 0.791667
    95    3    4 1.000000
    95    3    5 0.875000
    95    3    6 1.000000
    95    3    7 0.854167
    95    3    8 1.000000
    95    3    9 0.958333
    95    3   10 0.187500
    95    3   13 0.875000
    95    3   14 0.770833
    95    3   17 0.687500
    95    3   18 1.000000
    95    3   20 1.000000
    95    3   21 1.000000
    95    3   22 1.000000
    95    3   23 1.000000
    95    3   24 1.000000
    95    3   25 1.000000
    95    3   27 0.937500
    95    4    5 0.875000
    95    4    6 1.000000
    95    4    7 0.854167
    95    4    8 1.000000
    95    4    9 0.958333
    95    4   10 0.187500
    95    4   13 0.875000
    95    4   14 0.770833
    95    4   17 0.687500
    95    4   18 1.000000
    95    4   20 1.000000
    95    4   21 1.000000
    95    4   22 1.000000
    95    4   23 1.000000
    95    4   24 1.000000
    95    4   25 1.000000
    95    4   27 0.937500
    95    5    6 0.875000
    95    5    7 0.729167
    95    5    8 0.875000
    95    5    9 0.916667
    95    5   10 0.187500
    95    5   13 0.750000
    95    5   14 0.708333
    95    5   17 0.625000
    95    5   18 0.875000
    95    5   20 0.875000
    95    5   21 0.875000
    95    5   22 0.875000
    95    5   23 0.875000
    95    5   24 0.875000
    95    5   25 0.875000
    95    5   27 0.812500
    95    6    7 0.854167
    95    6    8 1.000000
    95    6    9 0.958333
    95    6   10 0.187500
    95    6   13 0.875000
    95    6   14 0.770833
    95    6   17 0.687500
    95    6   18 1.000000
    95    6   20 1.000000
    95    6   21 1.000000
    95    6   22 1.000000
    95    6   23 1.000000
    95    6   24 1.000000
    95    6   25 1.000000
    95    6   27 0.937500
    95    7    8 0.854167
    95    7    9 0.812500
    95    7   10 0.187500
    95    7   13 0.854167
    95    7   14 0.625000
    95    7   17 0.541667
    95    7   18 0.854167
    95    7   20 0.854167
    95    7   21 0.854167
    95    7   22 0.854167
    95    7   23 0.854167
    95    7   24 0.854167
    95    7   25 0.854167
    95    7   27 0.791667
    95    8    9 0.958333
    95    8   10 0.187500
    95    8   13 0.875000
    95    8   14 0.770833
    95    8   17 0.687500
    95    8   18 1.000000
    95    8   20 1.000000
    95    8   21 1.000000
    95    8   22 1.000000
    95    8   23 1.000000
    95    8   24 1.000000
    95    8   25 1.000000
    95    8   27 0.937500
    95    9   10 0.187500
    95    9   13 0.833333
    95    9   14 0.770833
    95    9   17 0.687500
    95    9   18 0.958333
    95    9   20 0.958333
    95    9   21 0.958333
    95    9   22 0.958333
    95    9   23 0.958333
    95    9   24 0.958333
    95    9   25 0.958333
    95    9   27 0.895833
    95   10   13 0.187500
    95   10   14 0.187500
    95   10   17 0.187500
    95   10   18 0.187500
    95   10   20 0.187500
    95   10   21 0.187500
    95   10   22 0.187500
    95   10   23 0.187500
    95   10   24 0.187500
    95   10   25 0.187500
    95   10   27 0.125000
    95   13   14 0.645833
    95   13   17 0.562500
    95   13   18 0.875000
    95   13   20 0.875000
    95   13   21 0.875000
    95   13   22 0.875000
    95   13   23 0.875000
    95   13   24 0.875000
    95   13   25 0.875000
    95   13   27 0.812500
    95   14   17 0.833333
    95   14   18 0.770833
    95   14   20 0.770833
    95   14   21 0.770833
    95   14   22 0.770833
    95   14   23 0.770833
    95   14   24 0.770833
    95   14   25 0.770833
    95   14   27 0.708333
    95   17   18 0.687500
    95   17   20 0.687500
    95   17   21 0.687500
    95   17   22 0.687500
    95   17   23 0.687500
    95   17   24 0.687500
    95   17   25 0.687500
    95   17   27 0.625000
    95   18   20 1.000000
    95   18   21 1.000000
    95   18   22 1.000000
    95   18   23 1.000000
    95   18   24 1.000000
    95   18   25 1.000000
    95   18   27 0.937500
    95   20   21 1.000000
    95   20   22 1.000000
    95   20   23 1.000000
    95   20   24 1.000000
    95   20   25 1.000000
    95   20   27 0.937500
    95   21   22 1.000000
    95   21   23 1.000000
    95   21   24 1.000000
    95   21   25 1.000000
    95   21   27 0.937500
    95   22   23 1.000000
    95   22   24 1.000000
    95   22   25 1.000000
    95   22   27 0.937500
    95   23   24 1.000000
    95   23   25 1.000000
    95   23   27 0.937500
    95   24   25 1.000000
    95   24   27 0.937500
    95   25   27 0.937500
    96    1    2 0.812500
    96    1    3 0.958333
    96    1    4 0.958333
    96    1    5 0.895833
    96    1    6 0.958333
    96    1    7 0.812500
    96    1    8 0.854167
    96    1    9 0.937500
    96    1   10 0.479167
    96    1   11 0.666667
    96    1   12 0.666667
    96    1   13 0.833333
    96    1   14 0.750000
    96    1   15 0.666667
    96    1   16 0.666667
    96    1   17 0.666667
    96    1   18 0.958333
    96    1   19 0.666667
    96    1   20 0.958333
    96    1   21 0.958333
    96    1   22 0.958333
    96    1   23 0.958333
    96    1   24 0.958333
    96    1   25 0.958333
    96    1   26 0.479167
    96    1   27 0.895833
    96    2    3 0.854167
    96    2    4 0.854167
    96    2    5 0.729167
    96    2    6 0.854167
    96    2    7 1.000000
    96    2    8 0.854167
    96    2    9 0.812500
    96    2   10 0.500000
    96    2   11 0.541667
    96    2   12 0.541667
    96    2   13 0.854167
    96    2   14 0.625000
    96    2   15 0.541667
    96    2   16 0.541667
    96    2   17 0.541667
    96    2   18 0.854167
    96    2   19 0.541667
    96    2   20 0.854167
    96    2   21 0.854167
    96    2   22 0.854167
    96    2   23 0.854167
    96    2   24 0.854167
    96    2   25 0.854167
    96    2   26 0.500000
    96    2   27 0.791667
    96    3    4 1.000000
    96    3    5 0.875000
    96    3    6 1.000000
    96    3    7 0.854167
    96    3    8 0.895833
    96    3    9 0.958333
    96    3   10 0.500000
    96    3   11 0.687500
    96    3   12 0.687500
    96    3   13 0.875000
    96    3   14 0.770833
    96    3   15 0.687500
    96    3   16 0.687500
    96    3   17 0.687500
    96    3   18 1.000000
    96    3   19 0.687500
    96    3   20 1.000000
    96    3   21 1.000000
    96    3   22 1.000000
    96    3   23 1.000000
    96    3   24 1.000000
    96    3   25 1.000000
    96    3   26 0.500000
    96    3   27 0.937500
    96    4    5 0.875000
    96    4    6 1.000000
    96    4    7 0.854167
    96    4    8 0.895833
    96    4    9 0.958333
    96    4   10 0.500000
    96    4   11 0.687500
    96    4   12 0.687500
    96    4   13 0.875000
    96    4   14 0.770833
    96    4   15 0.687500
    96    4   16 0.687500
    96    4   17 0.687500
    96    4   18 1.000000
    96    4   19 0.687500
    96    4   20 1.000000
    96    4   21 1.000000
    96    4   22 1.000000
    96    4   23 1.000000
    96    4   24 1.000000
    96    4   25 1.000000
    96    4   26 0.500000
    96    4   27 0.937500
    96    5    6 0.875000
    96    5    7 0.729167
    96    5    8 0.770833
    96    5    9 0.916667
    96    5   10 0.437500
    96    5   11 0.625000
    96    5   12 0.625000
    96    5   13 0.750000
    96    5   14 0.708333
    96    5   15 0.625000
    96    5   16 0.625000
    96    5   17 0.625000
    96    5   18 0.875000
    96    5   19 0.625000
    96    5   20 0.875000
    96    5   21 0.875000
    96    5   22 0.875000
    96    5   23 0.875000
    96    5   24 0.875000
    96    5   25 0.875000
    96    5   26 0.437500
    96    5   27 0.812500
    96    6    7 0.854167
    96    6    8 0.895833
    96    6    9 0.958333
    96    6   10 0.500000
    96    6   11 0.687500
    96    6   12 0.687500
    96    6   13 0.875000
    96    6   14 0.770833
    96    6   15 0.687500
    96    6   16 0.687500
    96    6   17 0.687500
    96    6   18 1.000000
    96    6   19 0.687500
    96    6   20 1.000000
    96    6   21 1.000000
    96    6   22 1.000000
    96    6   23 1.000000
    96    6   24 1.000000
    96    6   25 1.000000
    96    6   26 0.500000
    96    6   27 0.937500
    96    7    8 0.854167
    96    7    9 0.812500
    96    7   10 0.500000
    96    7   11 0.541667
    96    7   12 0.541667
    96    7   13 0.854167
    96    7   14 0.625000
    96    7   15 0.541667
    96    7   16 0.541667
    96    7   17 0.541667
    96    7   18 0.854167
    96    7   19 0.541667
    96    7   20 0.854167
    96    7   21 0.854167
    96    7   22 0.854167
    96    7   23 0.854167
    96    7   24 0.854167
    96    7   25 0.854167
    96    7   26 0.500000
    96    7   27 0.791667
    96    8    9 0.854167
    96    8   10 0.500000
    96    8   11 0.583333
    96    8   12 0.583333
    96    8   13 0.875000
    96    8   14 0.666667
    96    8   15 0.583333
    96    8   16 0.583333
    96    8   17 0.583333
    96    8   18 0.895833
    96    8   19 0.583333
    96    8   20 0.895833
    96    8   21 0.895833
    96    8   22 0.895833
    96    8   23 0.895833
    96    8   24 0.895833
    96    8   25 0.895833
    96    8   26 0.500000
    96    8   27 0.833333
    96    9   10 0.458333
    96    9   11 0.687500
    96    9   12 0.687500
    96    9   13 0.833333
    96    9   14 0.770833
    96    9   15 0.687500
    96    9   16 0.687500
    96    9   17 0.687500
    96    9   18 0.958333
    96    9   19 0.687500
    96    9   20 0.958333
    96    9   21 0.958333
    96    9   22 0.958333
    96    9   23 0.958333
    96    9   24 0.958333
    96    9   25 0.958333
    96    9   26 0.458333
    96    9   27 0.895833
    96   10   11 0.291667
    96   10   12 0.291667
    96   10   13 0.500000
    96   10   14 0.291667
    96   10   15 0.291667
    96   10   16 0.291667
    96   10   17 0.291667
    96   10   18 0.500000
    96   10   19 0.291667
    96   10   20 0.500000
    96   10   21 0.500000
    96   10   22 0.500000
    96   10   23 0.500000
    96   10   24 0.500000
    96   10   25 0.500000
    96   10   26 0.500000
    96   10   27 0.437500
    96   11   12 1.000000
    96   11   13 0.562500
    96   11   14 0.916667
    96   11   15 1.000000
    96   11   16 1.000000
    96   11   17 0.875000
    96   11   18 0.687500
    96   11   19 1.000000
    96   11   20 0.687500
    96   11   21 0.687500
    96   11   22 0.687500
    96   11   23 0.687500
    96   11   24 0.687500
    96   11   25 0.687500
    96   11   26 0.291667
    96   11   27 0.625000
    96   12   13 0.562500
    96   12   14 0.916667
    96   12   15 1.000000
    96   12   16 1.000000
    96   12   17 0.875000
    96   12   18 0.687500
    96   12   19 1.000000
    96   12   20 0.687500
    96   12   21 0.687500
    96   12   22 0.687500
    96   12   23 0.687500
    96   12   24 0.687500
    96   12   25 0.687500
    96   12   26 0.291667
    96   12   27 0.625000
    96   13   14 0.645833
    96   13   15 0.562500
    96   13   16 0.562500
    96   13   17 0.562500
    96   13   18 0.875000
    96   13   19 0.562500
    96   13   20 0.875000
    96   13   21 0.875000
    96   13   22 0.875000
    96   13   23 0.875000
    96   13   24 0.875000
    96   13   25 0.875000
    96   13   26 0.500000
    96   13   27 0.812500
    96   14   15 0.916667
    96   14   16 0.916667
    96   14   17 0.854167
    96   14   18 0.770833
    96   14   19 0.916667
    96   14   20 0.770833
    96   14   21 0.770833
    96   14   22 0.770833
    96   14   23 0.770833
    96   14   24 0.770833
    96   14   25 0.770833
    96   14   26 0.291667
    96   14   27 0.708333
    96   15   16 1.000000
    96   15   17 0.875000
    96   15   18 0.687500
    96   15   19 1.000000
    96   15   20 0.687500
    96   15   21 0.687500
    96   15   22 0.687500
    96   15   23 0.687500
    96   15   24 0.687500
    96   15   25 0.687500
    96   15   26 0.291667
    96   15   27 0.625000
    96   16   17 0.875000
    96   16   18 0.687500
    96   16   19 1.000000
    96   16   20 0.687500
    96   16   21 0.687500
    96   16   22 0.687500
    96   16   23 0.687500
    96   16   24 0.687500
    96   16   25 0.687500
    96   16   26 0.291667
    96   16   27 0.625000
    96   17   18 0.687500
    96   17   19 0.875000
    96   17   20 0.687500
    96   17   21 0.687500
    96   17   22 0.687500
    96   17   23 0.687500
    96   17   24 0.687500
    96   17   25 0.687500
    96   17   26 0.291667
    96   17   27 0.625000
    96   18   19 0.687500
    96   18   20 1.000000
    96   18   21 1.000000
    96   18   22 1.000000
    96   18   23 1.000000
    96   18   24 1.000000
    96   18   25 1.000000
    96   18   26 0.500000
    96   18   27 0.937500
    96   19   20 0.687500
    96   19   21 0.687500
    96   19   22 0.687500
    96   19   23 0.687500
    96   19   24 0.687500
    96   19   25 0.687500
    96   19   26 0.291667
    96   19   27 0.625000
    96   20   21 1.000000
    96   20   22 1.000000
    96   20   23 1.000000
    96   20   24 1.000000
    96   20   25 1.000000
    96   20   26 0.500000
    96   20   27 0.937500
    96   21   22 1.000000
    96   21   23 1.000000
    96   21   24 1.000000
    96   21   25 1.000000
    96   21   26 0.500000
    96   21   27 0.937500
    96   22   23 1.000000
    96   22   24 1.000000
    96   22   25 1.000000
    96   22   26 0.500000
    96   22   27 0.937500
    96   23   24 1.000000
    96   23   25 1.000000
    96   23   26 0.500000
    96   23   27 0.937500
    96   24   25 1.000000
    96   24   26 0.500000
    96   24   27 0.937500
    96   25   26 0.500000
    96   25   27 0.937500
    96   26   27 0.437500
    97    1    2 0.958333
    97    1    3 0.958333
    97    1    5 0.895833
    97    1    6 0.958333
    97    1    7 0.958333
    97    1    8 0.854167
    97    1    9 0.937500
    97    1   10 0.958333
    97    1   11 0.583333
    97    1   12 0.583333
    97    1   13 0.833333
    97    1   14 0.583333
    97    1   15 0.583333
    97    1   16 0.583333
    97    1   17 0.583333
    97    1   18 0.958333
    97    1   19 0.583333
    97    1   20 0.958333
    97    1   21 0.958333
    97    1   22 0.958333
    97    1   23 0.958333
    97    1   24 0.958333
    97    1   25 0.958333
    97    1   26 0.958333
    97    1   27 0.895833
    97    2    3 1.000000
    97    2    5 0.875000
    97    2    6 1.000000
    97    2    7 1.000000
    97    2    8 0.895833
    97    2    9 0.958333
    97    2   10 1.000000
    97    2   11 0.583333
    97    2   12 0.583333
    97    2   13 0.875000
    97    2   14 0.583333
    97    2   15 0.583333
    97    2   16 0.583333
    97    2   17 0.583333
    97    2   18 1.000000
    97    2   19 0.583333
    97    2   20 1.000000
    97    2   21 1.000000
    97    2   22 1.000000
    97    2   23 1.000000
    97    2   24 1.000000
    97    2   25 1.000000
    97    2   26 1.000000
    97    2   27 0.937500
    97    3    5 0.875000
    97    3    6 1.000000
    97    3    7 1.000000
    97    3    8 0.895833
    97    3    9 0.958333
    97    3   10 1.000000
    97    3   11 0.583333
    97    3   12 0.583333
    97    3   13 0.875000
    97    3   14 0.583333
    97    3   15 0.583333
    97    3   16 0.583333
    97    3   17 0.583333
    97    3   18 1.000000
    97    3   19 0.583333
    97    3   20 1.000000
    97    3   21 1.000000
    97    3   22 1.000000
    97    3   23 1.000000
    97    3   24 1.000000
    97    3   25 1.000000
    97    3   26 1.000000
    97    3   27 0.937500
    97    5    6 0.875000
    97    5    7 0.875000
    97    5    8 0.770833
    97    5    9 0.916667
    97    5   10 0.875000
    97    5   11 0.583333
    97    5   12 0.583333
    97    5   13 0.750000
    97    5   14 0.583333
    97    5   15 0.583333
    97    5   16 0.583333
    97    5   17 0.583333
    97    5   18 0.875000
    97    5   19 0.583333
    97    5   20 0.875000
    97    5   21 0.875000
    97    5   22 0.875000
    97    5   23 0.875000
    97    5   24 0.875000
    97    5   25 0.875000
    97    5   26 0.875000
    97    5   27 0.812500
    97    6    7 1.000000
    97    6    8 0.895833
    97    6    9 0.958333
    97    6   10 1.000000
    97    6   11 0.583333
    97    6   12 0.583333
    97    6   13 0.875000
    97    6   14 0.583333
    97    6   15 0.583333
    97    6   16 0.583333
    97    6   17 0.583333
    97    6   18 1.000000
    97    6   19 0.583333
    97    6   20 1.000000
    97    6   21 1.000000
    97    6   22 1.000000
    97    6   23 1.000000
    97    6   24 1.000000
    97    6   25 1.000000
    97    6   26 1.000000
    97    6   27 0.937500
    97    7    8 0.895833
    97    7    9 0.958333
    97    7   10 1.000000
    97    7   11 0.583333
    97    7   12 0.583333
    97    7   13 0.875000
    97    7   14 0.583333
    97    7   15 0.583333
    97    7   16 0.583333
    97    7   17 0.583333
    97    7   18 1.000000
    97    7   19 0.583333
    97    7   20 1.000000
    97    7   21 1.000000
    97    7   22 1.000000
    97    7   23 1.000000
    97    7   24 1.000000
    97    7   25 1.000000
    97    7   26 1.000000
    97    7   27 0.937500
    97    8    9 0.854167
    97    8   10 0.895833
    97    8   11 0.479167
    97    8   12 0.479167
    97    8   13 0.875000
    97    8   14 0.479167
    97    8   15 0.479167
    97    8   16 0.479167
    97    8   17 0.479167
    97    8   18 0.895833
    97    8   19 0.479167
    97    8   20 0.895833
    97    8   21 0.895833
    97    8   22 0.895833
    97    8   23 0.895833
    97    8   24 0.895833
    97    8   25 0.895833
    97    8   26 0.895833
    97    8   27 0.833333
    97    9   10 0.958333
    97    9   11 0.583333
    97    9   12 0.583333
    97    9   13 0.833333
    97    9   14 0.583333
    97    9   15 0.583333
    97    9   16 0.583333
    97    9   17 0.583333
    97    9   18 0.958333
    97    9   19 0.583333
    97    9   20 0.958333
    97    9   21 0.958333
    97    9   22 0.958333
    97    9   23 0.958333
    97    9   24 0.958333
    97    9   25 0.958333
    97    9   26 0.958333
    97    9   27 0.895833
    97   10   11 0.583333
    97   10   12 0.583333
    97   10   13 0.875000
    97   10   14 0.583333
    97   10   15 0.583333
    97   10   16 0.583333
    97   10   17 0.583333
    97   10   18 1.000000
    97   10   19 0.583333
    97   10   20 1.000000
    97   10   21 1.000000
    97   10   22 1.000000
    97   10   23 1.000000
    97   10   24 1.000000
    97   10   25 1.000000
    97   10   26 1.000000
    97   10   27 0.937500
    97   11   12 1.000000
    97   11   13 0.458333
    97   11   14 1.000000
    97   11   15 1.000000
    97   11   16 1.000000
    97   11   17 0.875000
    97   11   18 0.583333
    97   11   19 1.000000
    97   11   20 0.583333
    97   11   21 0.583333
    97   11   22 0.583333
    97   11   23 0.583333
    97   11   24 0.583333
    97   11   25 0.583333
    97   11   26 0.583333
    97   11   27 0.520833
    97   12   13 0.458333
    97   12   14 1.000000
    97   12   15 1.000000
    97   12   16 1.000000
    97   12   17 0.875000
    97   12   18 0.583333
    97   12   19 1.000000
    97   12   20 0.583333
    97   12   21 0.583333
    97   12   22 0.583333
    97   12   23 0.583333
    97   12   24 0.583333
    97   12   25 0.583333
    97   12   26 0.583333
    97   12   27 0.520833
    97   13   14 0.458333
    97   13   15 0.458333
    97   13   16 0.458333
    97   13   17 0.458333
    97   13   18 0.875000
    97   13   19 0.458333
    97   13   20 0.875000
    97   13   21 0.875000
    97   13   22 0.875000
    97   13   23 0.875000
    97   13   24 0.875000
    97   13   25 0.875000
    97   13   26 0.875000
    97   13   27 0.812500
    97   14   15 1.000000
    97   14   16 1.000000
    97   14   17 0.875000
    97   14   18 0.583333
    97   14   19 1.000000
    97   14   20 0.583333
    97   14   21 0.583333
    97   14   22 0.583333
    97   14   23 0.583333
    97   14   24 0.583333
    97   14   25 0.583333
    97   14   26 0.583333
    97   14   27 0.520833
    97   15   16 1.000000
    97   15   17 0.875000
    97   15   18 0.583333
    97   15   19 1.000000
    97   15   20 0.583333
    97   15   21 0.583333
    97   15   22 0.583333
    97   15   23 0.583333
    97   15   24 0.583333
    97   15   25 0.583333
    97   15   26 0.583333
    97   15   27 0.520833
    97   16   17 0.875000
    97   16   18 0.583333
    97   16   19 1.000000
    97   16   20 0.583333
    97   16   21 0.583333
    97   16   22 0.583333
    97   16   23 0.583333
    97   16   24 0.583333
    97   16   25 0.583333
    97   16   26 0.583333
    97   16   27 0.520833
    97   17   18 0.583333
    97   17   19 0.875000
    97   17   20 0.583333
    97   17   21 0.583333
    97   17   22 0.583333
    97   17   23 0.583333
    97   17   24 0.583333
    97   17   25 0.583333
    97   17   26 0.583333
    97   17   27 0.520833
    97   18   19 0.583333
    97   18   20 1.000000
    97   18   21 1.000000
    97   18   22 1.000000
    97   18   23 1.000000
    97   18   24 1.000000
    97   18   25 1.000000
    97   18   26 1.000000
    97   18   27 0.937500
    97   19   20 0.583333
    97   19   21 0.583333
    97   19   22 0.583333
    97   19   23 0.583333
    97   19   24 0.583333
    97   19   25 0.583333
    97   19   26 0.583333
    97   19   27 0.520833
    97   20   21 1.000000
    97   20   22 1.000000
    97   20   23 1.000000
    97   20   24 1.000000
    97   20   25 1.000000
    97   20   26 1.000000
    97   20   27 0.937500
    97   21   22 1.000000
    97   21   23 1.000000
    97   21   24 1.000000
    97   21   25 1.000000
    97   21   26 1.000000
    97   21   27 0.937500
    97   22   23 1.000000
    97   22   24 1.000000
    97   22   25 1.000000
    97   22   26 1.000000
    97   22   27 0.937500
    97   23   24 1.000000
    97   23   25 1.000000
    97   23   26 1.000000
    97   23   27 0.937500
    97   24   25 1.000000
    97   24   26 1.000000
    97   24   27 0.937500
    97   25   26 1.000000
    97   25   27 0.937500
    97   26   27 0.937500
    98    1    2 0.958333
    98    1    3 0.958333
    98    1    5 0.958333
    98    1    6 0.958333
    98    1    7 0.958333
    98    1    8 0.145833
    98    1    9 0.958333
    98    1   10 0.958333
    98    1   11 0.583333
    98    1   12 0.583333
    98    1   13 0.833333
    98    1   14 0.583333
    98    1   15 0.583333
    98    1   16 0.583333
    98    1   17 0.583333
    98    1   18 0.958333
    98    1   19 0.583333
    98    1   20 0.958333
    98    1   21 0.958333
    98    1   22 0.958333
    98    1   23 0.958333
    98    1   24 0.958333
    98    1   25 0.958333
    98    1   26 0.958333
    98    1   27 0.895833
    98    2    3 1.000000
    98    2    5 1.000000
    98    2    6 1.000000
    98    2    7 1.000000
    98    2    8 0.104167
    98    2    9 1.000000
    98    2   10 1.000000
    98    2   11 0.583333
    98    2   12 0.583333
    98    2   13 0.875000
    98    2   14 0.583333
    98    2   15 0.583333
    98    2   16 0.583333
    98    2   17 0.583333
    98    2   18 1.000000
    98    2   19 0.583333
    98    2   20 1.000000
    98    2   21 1.000000
    98    2   22 1.000000
    98    2   23 1.000000
    98    2   24 1.000000
    98    2   25 1.000000
    98    2   26 1.000000
    98    2   27 0.937500
    98    3    5 1.000000
    98    3    6 1.000000
    98    3    7 1.000000
    98    3    8 0.104167
    98    3    9 1.000000
    98    3   10 1.000000
    98    3   11 0.583333
    98    3   12 0.583333
    98    3   13 0.875000
    98    3   14 0.583333
    98    3   15 0.583333
    98    3   16 0.583333
    98    3   17 0.583333
    98    3   18 1.000000
    98    3   19 0.583333
    98    3   20 1.000000
    98    3   21 1.000000
    98    3   22 1.000000
    98    3   23 1.000000
    98    3   24 1.000000
    98    3   25 1.000000
    98    3   26 1.000000
    98    3   27 0.937500
    98    5    6 1.000000
    98    5    7 1.000000
    98    5    8 0.104167
    98    5    9 1.000000
    98    5   10 1.000000
    98    5   11 0.583333
    98    5   12 0.583333
    98    5   13 0.875000
    98    5   14 0.583333
    98    5   15 0.583333
    98    5   16 0.583333
    98    5   17 0.583333
    98    5   18 1.000000
    98    5   19 0.583333
    98    5   20 1.000000
    98    5   21 1.000000
    98    5   22 1.000000
    98    5   23 1.000000
    98    5   24 1.000000
    98    5   25 1.000000
    98    5   26 1.000000
    98    5   27 0.937500
    98    6    7 1.000000
    98    6    8 0.104167
    98    6    9 1.000000
    98    6   10 1.000000
    98    6   11 0.583333
    98    6   12 0.583333
    98    6   13 0.875000
    98    6   14 0.583333
    98    6   15 0.583333
    98    6   16 0.583333
    98    6   17 0.583333
    98    6   18 1.000000
    98    6   19 0.583333
    98    6   20 1.000000
    98    6   21 1.000000
    98    6   22 1.000000
    98    6   23 1.000000
    98    6   24 1.000000
    98    6   25 1.000000
    98    6   26 1.000000
    98    6   27 0.937500
    98    7    8 0.104167
    98    7    9 1.000000
    98    7   10 1.000000
    98    7   11 0.583333
    98    7   12 0.583333
    98    7   13 0.875000
    98    7   14 0.583333
    98    7   15 0.583333
    98    7   16 0.583333
    98    7   17 0.583333
    98    7   18 1.000000
    98    7   19 0.583333
    98    7   20 1.000000
    98    7   21 1.000000
    98    7   22 1.000000
    98    7   23 1.000000
    98    7   24 1.000000
    98    7   25 1.000000
    98    7   26 1.000000
    98    7   27 0.937500
    98    8    9 0.104167
    98    8   10 0.104167
    98    8   11 0.104167
    98    8   12 0.104167
    98    8   13 0.104167
    98    8   14 0.104167
    98    8   15 0.104167
    98    8   16 0.104167
    98    8   17 0.104167
    98    8   18 0.104167
    98    8   19 0.104167
    98    8   20 0.104167
    98    8   21 0.104167
    98    8   22 0.104167
    98    8   23 0.104167
    98    8   24 0.104167
    98    8   25 0.104167
    98    8   26 0.104167
    98    8   27 0.041667
    98    9   10 1.000000
    98    9   11 0.583333
    98    9   12 0.583333
    98    9   13 0.875000
    98    9   14 0.583333
    98    9   15 0.583333
    98    9   16 0.583333
    98    9   17 0.583333
    98    9   18 1.000000
    98    9   19 0.583333
    98    9   20 1.000000
    98    9   21 1.000000
    98    9   22 1.000000
    98    9   23 1.000000
    98    9   24 1.000000
    98    9   25 1.000000
    98    9   26 1.000000
    98    9   27 0.937500
    98   10   11 0.583333
    98   10   12 0.583333
    98   10   13 0.875000
    98   10   14 0.583333
    98   10   15 0.583333
    98   10   16 0.583333
    98   10   17 0.583333
    98   10   18 1.000000
    98   10   19 0.583333
    98   10   20 1.000000
    98   10   21 1.000000
    98   10   22 1.000000
    98   10   23 1.000000
    98   10   24 1.000000
    98   10   25 1.000000
    98   10   26 1.000000
    98   10   27 0.937500
    98   11   12 1.000000
    98   11   13 0.458333
    98   11   14 1.000000
    98   11   15 1.000000
    98   11   16 1.000000
    98   11   17 0.937500
    98   11   18 0.583333
    98   11   19 1.000000
    98   11   20 0.583333
    98   11   21 0.583333
    98   11   22 0.583333
    98   11   23 0.583333
    98   11   24 0.583333
    98   11   25 0.583333
    98   11   26 0.583333
    98   11   27 0.520833
    98   12   13 0.458333
    98   12   14 1.000000
    98   12   15 1.000000
    98   12   16 1.000000
    98   12   17 0.937500
    98   12   18 0.583333
    98   12   19 1.000000
    98   12   20 0.583333
    98   12   21 0.583333
    98   12   22 0.583333
    98   12   23 0.583333
    98   12   24 0.583333
    98   12   25 0.583333
    98   12   26 0.583333
    98   12   27 0.520833
    98   13   14 0.458333
    98   13   15 0.458333
    98   13   16 0.458333
    98   13   17 0.458333
    98   13   18 0.875000
    98   13   19 0.458333
    98   13   20 0.875000
    98   13   21 0.875000
    98   13   22 0.875000
    98   13   23 0.875000
    98   13   24 0.875000
    98   13   25 0.875000
    98   13   26 0.875000
    98   13   27 0.812500
    98   14   15 1.000000
    98   14   16 1.000000
    98   14   17 0.937500
    98   14   18 0.583333
    98   14   19 1.000000
    98   14   20 0.583333
    98   14   21 0.583333
    98   14   22 0.583333
    98   14   23 0.583333
    98   14   24 0.583333
    98   14   25 0.583333
    98   14   26 0.583333
    98   14   27 0.520833
    98   15   16 1.000000
    98   15   17 0.937500
    98   15   18 0.583333
    98   15   19 1.000000
    98   15   20 0.583333
    98   15   21 0.583333
    98   15   22 0.583333
    98   15   23 0.583333
    98   15   24 0.583333
    98   15   25 0.583333
    98   15   26 0.583333
    98   15   27 0.520833
    98   16   17 0.937500
    98   16   18 0.583333
    98   16   19 1.000000
    98   16   20 0.583333
    98   16   21 0.583333
    98   16   22 0.583333
    98   16   23 0.583333
    98   16   24 0.583333
    98   16   25 0.583333
    98   16   26 0.583333
    98   16   27 0.520833
    98   17   18 0.583333
    98   17   19 0.937500
    98   17   20 0.583333
    98   17   21 0.583333
    98   17   22 0.583333
    98   17   23 0.583333
    98   17   24 0.583333
    98   17   25 0.583333
    98   17   26 0.583333
    98   17   27 0.520833
    98   18   19 0.583333
    98   18   20 1.000000
    98   18   21 1.000000
    98   18   22 1.000000
    98   18   23 1.000000
    98   18   24 1.000000
    98   18   25 1.000000
    98   18   26 1.000000
    98   18   27 0.937500
    98   19   20 0.583333
    98   19   21 0.583333
    98   19   22 0.583333
    98   19   23 0.583333
    98   19   24 0.583333
    98   19   25 0.583333
    98   19   26 0.583333
    98   19   27 0.520833
    98   20   21 1.000000
    98   20   22 1.000000
    98   20   23 1.000000
    98   20   24 1.000000
    98   20   25 1.000000
    98   20   26 1.000000
    98   20   27 0.937500
    98   21   22 1.000000
    98   21   23 1.000000
    98   21   24 1.000000
    98   21   25 1.000000
    98   21   26 1.000000
    98   21   27 0.937500
    98   22   23 1.000000
    98   22   24 1.000000
    98   22   25 1.000000
    98   22   26 1.000000
    98   22   27 0.937500
    98   23   24 1.000000
    98   23   25 1.000000
    98   23   26 1.000000
    98   23   27 0.937500
    98   24   25 1.000000
    98   24   26 1.000000
    98   24   27 0.937500
    98   25   26 1.000000
    98   25   27 0.937500
    98   26   27 0.937500
    99    1    2 0.958333
    99    1    3 0.958333
    99    1    5 0.958333
    99    1    6 0.958333
    99    1    7 0.958333
    99    1    8 0.145833
    99    1    9 0.958333
    99    1   10 0.958333
    99    1   11 0.291667
    99    1   12 0.291667
    99    1   13 0.833333
    99    1   14 0.291667
    99    1   15 0.291667
    99    1   16 0.291667
    99    1   17 0.291667
    99    1   18 0.958333
    99    1   19 0.291667
    99    1   20 0.958333
    99    1   21 0.958333
    99    1   22 0.958333
    99    1   23 0.958333
    99    1   24 0.958333
    99    1   25 0.958333
    99    1   26 0.958333
    99    1   27 0.895833
    99    2    3 1.000000
    99    2    5 1.000000
    99    2    6 1.000000
    99    2    7 1.000000
    99    2    8 0.104167
    99    2    9 1.000000
    99    2   10 1.000000
    99    2   11 0.291667
    99    2   12 0.291667
    99    2   13 0.875000
    99    2   14 0.291667
    99    2   15 0.291667
    99    2   16 0.291667
    99    2   17 0.291667
    99    2   18 1.000000
    99    2   19 0.291667
    99    2   20 1.000000
    99    2   21 1.000000
    99    2   22 1.000000
    99    2   23 1.000000
    99    2   24 1.000000
    99    2   25 1.000000
    99    2   26 1.000000
    99    2   27 0.937500
    99    3    5 1.000000
    99    3    6 1.000000
    99    3    7 1.000000
    99    3    8 0.104167
    99    3    9 1.000000
    99    3   10 1.000000
    99    3   11 0.291667
    99    3   12 0.291667
    99    3   13 0.875000
    99    3   14 0.291667
    99    3   15 0.291667
    99    3   16 0.291667
    99    3   17 0.291667
    99    3   18 1.000000
    99    3   19 0.291667
    99    3   20 1.000000
    99    3   21 1.000000
    99    3   22 1.000000
    99    3   23 1.000000
    99    3   24 1.000000
    99    3   25 1.000000
    99    3   26 1.000000
    99    3   27 0.937500
    99    5    6 1.000000
    99    5    7 1.000000
    99    5    8 0.104167
    99    5    9 1.000000
    99    5   10 1.000000
    99    5   11 0.291667
    99    5   12 0.291667
    99    5   13 0.875000
    99    5   14 0.291667
    99    5   15 0.291667
    99    5   16 0.291667
    99    5   17 0.291667
    99    5   18 1.000000
    99    5   19 0.291667
    99    5   20 1.000000
    99    5   21 1.000000
    99    5   22 1.000000
    99    5   23 1.000000
    99    5   24 1.000000
    99    5   25 1.000000
    99    5   26 1.000000
    99    5   27 0.937500
    99    6    7 1.000000
    99    6    8 0.104167
    99    6    9 1.000000
    99    6   10 1.000000
    99    6   11 0.291667
    99    6   12 0.291667
    99    6   13 0.875000
    99    6   14 0.291667
    99    6   15 0.291667
    99    6   16 0.291667
    99    6   17 0.291667
    99    6   18 1.000000
    99    6   19 0.291667
    99    6   20 1.000000
    99    6   21 1.000000
    99    6   22 1.000000
    99    6   23 1.000000
    99    6   24 1.000000
    99    6   25 1.000000
    99    6   26 1.000000
    99    6   27 0.937500
    99    7    8 0.104167
    99    7    9 1.000000
    99    7   10 1.000000
    99    7   11 0.291667
    99    7   12 0.291667
    99    7   13 0.875000
    99    7   14 0.291667
    99    7   15 0.291667
    99    7   16 0.291667
    99    7   17 0.291667
    99    7   18 1.000000
    99    7   19 0.291667
    99    7   20 1.000000
    99    7   21 1.000000
    99    7   22 1.000000
    99    7   23 1.000000
    99    7   24 1.000000
    99    7   25 1.000000
    99    7   26 1.000000
    99    7   27 0.937500
    99    8    9 0.104167
    99    8   10 0.104167
    99    8   11 0.104167
    99    8   12 0.104167
    99    8   13 0.104167
    99    8   14 0.104167
    99    8   15 0.104167
    99    8   16 0.104167
    99    8   17 0.104167
    99    8   18 0.104167
    99    8   19 0.104167
    99    8   20 0.104167
    99    8   21 0.104167
    99    8   22 0.104167
    99    8   23 0.104167
    99    8   24 0.104167
    99    8   25 0.104167
    99    8   26 0.104167
    99    8   27 0.041667
    99    9   10 1.000000
    99    9   11 0.291667
    99    9   12 0.291667
    99    9   13 0.875000
    99    9   14 0.291667
    99    9   15 0.291667
    99    9   16 0.291667
    99    9   17 0.291667
    99    9   18 1.000000
    99    9   19 0.291667
    99    9   20 1.000000
    99    9   21 1.000000
    99    9   22 1.000000
    99    9   23 1.000000
    99    9   24 1.000000
    99    9   25 1.000000
    99    9   26 1.000000
    99    9   27 0.937500
    99   10   11 0.291667
    99   10   12 0.291667
    99   10   13 0.875000
    99   10   14 0.291667
    99   10   15 0.291667
    99   10   16 0.291667
    99   10   17 0.291667
    99   10   18 1.000000
    99   10   19 0.291667
    99   10   20 1.000000
    99   10   21 1.000000
    99   10   22 1.000000
    99   10   23 1.000000
    99   10   24 1.000000
    99   10   25 1.000000
    99   10   26 1.000000
    99   10   27 0.937500
    99   11   12 1.000000
    99   11   13 0.416667
    99   11   14 1.000000
    99   11   15 1.000000
    99   11   16 1.000000
    99   11   17 0.937500
    99   11   18 0.291667
    99   11   19 1.000000
    99   11   20 0.291667
    99   11   21 0.291667
    99   11   22 0.291667
    99   11   23 0.291667
    99   11   24 0.291667
    99   11   25 0.291667
    99   11   26 0.291667
    99   11   27 0.229167
    99   12   13 0.416667
    99   12   14 1.000000
    99   12   15 1.000000
    99   12   16 1.000000
    99   12   17 0.937500
    99   12   18 0.291667
    99   12   19 1.000000
    99   12   20 0.291667
    99   12   21 0.291667
    99   12   22 0.291667
    99   12   23 0.291667
    99   12   24 0.291667
    99   12   25 0.291667
    99   12   26 0.291667
    99   12   27 0.229167
    99   13   14 0.416667
    99   13   15 0.416667
    99   13   16 0.416667
    99   13   17 0.416667
    99   13   18 0.875000
    99   13   19 0.416667
    99   13   20 0.875000
    99   13   21 0.875000
    99   13   22 0.875000
    99   13   23 0.875000
    99   13   24 0.875000
    99   13   25 0.875000
    99   13   26 0.875000
    99   13   27 0.812500
    99   14   15 1.000000
    99   14   16 1.000000
    99   14   17 0.937500
    99   14   18 0.291667
    99   14   19 1.000000
    99   14   20 0.291667
    99   14   21 0.291667
    99   14   22 0.291667
    99   14   23 0.291667
    99   14   24 0.291667
    99   14   25 0.291667
    99   14   26 0.291667
    99   14   27 0.229167
    99   15   16 1.000000
    99   15   17 0.937500
    99   15   18 0.291667
    99   15   19 1.000000
    99   15   20 0.291667
    99   15   21 0.291667
    99   15   22 0.291667
    99   15   23 0.291667
    99   15   24 0.291667
    99   15   25 0.291667
    99   15   26 0.291667
    99   15   27 0.229167
    99   16   17 0.937500
    99   16   18 0.291667
    99   16   19 1.000000
    99   16   20 0.291667
    99   16   21 0.291667
    99   16   22 0.291667
    99   16   23 0.291667
    99   16   24 0.291667
    99   16   25 0.291667
    99   16   26 0.291667
    99   16   27 0.229167
    99   17   18 0.291667
    99   17   19 0.937500
    99   17   20 0.291667
    99   17   21 0.291667
    99   17   22 0.291667
    99   17   23 0.291667
    99   17   24 0.291667
    99   17   25 0.291667
    99   17   26 0.291667
    99   17   27 0.229167
    99   18   19 0.291667
    99   18   20 1.000000
    99   18   21 1.000000
    99   18   22 1.000000
    99   18   23 1.000000
    99   18   24 1.000000
    99   18   25 1.000000
    99   18   26 1.000000
    99   18   27 0.937500
    99   19   20 0.291667
    99   19   21 0.291667
    99   19   22 0.291667
    99   19   23 0.291667
    99   19   24 0.291667
    99   19   25 0.291667
    99   19   26 0.291667
    99   19   27 0.229167
    99   20   21 1.000000
    99   20   22 1.000000
    99   20   23 1.000000
    99   20   24 1.000000
    99   20   25 1.000000
    99   20   26 1.000000
    99   20   27 0.937500
    99   21   22 1.000000
    99   21   23 1.000000
    99   21   24 1.000000
    99   21   25 1.000000
    99   21   26 1.000000
    99   21   27 0.937500
    99   22   23 1.000000
    99   22   24 1.000000
    99   22   25 1.000000
    99   22   26 1.000000
    99   22   27 0.937500
    99   23   24 1.000000
    99   23   25 1.000000
    99   23   26 1.000000
    99   23   27 0.937500
    99   24   25 1.000000
    99   24   26 1.000000
    99   24   27 0.937500
    99   25   26 1.000000
    99   25   27 0.937500
    99   26   27 0.937500
   100    1    2 0.958333
   100    1    3 0.958333
   100    1    4 0.479167
   100    1    5 0.958333
   100    1    6 0.958333
   100    1    7 0.958333
   100    1    8 0.145833
   100    1    9 0.958333
   100    1   10 0.958333
   100    1   18 0.958333
   100    1   20 0.958333
   100    1   21 0.958333
   100    1   22 0.958333
   100    1   23 0.958333
   100    1   24 0.958333
   100    1   25 0.958333
   100    1   26 0.958333
   100    1   27 0.895833
   100    2    3 1.000000
   100    2    4 0.500000
   100    2    5 1.000000
   100    2    6 1.000000
   100    2    7 1.000000
   100    2    8 0.104167
   100    2    9 1.000000
   100    2   10 1.000000
   100    2   18 1.000000
   100    2   20 1.000000
   100    2   21 1.000000
   100    2   22 1.000000
   100    2   23 1.000000
   100    2   24 1.000000
   100    2   25 1.000000
   100    2   26 1.000000
   100    2   27 0.937500
   100    3    4 0.500000
   100    3    5 1.000000
   100    3    6 1.000000
   100    3    7 1.000000
   100    3    8 0.104167
   100    3    9 1.000000
   100    3   10 1.000000
   100    3   18 1.000000
   100    3   20 1.000000
   100    3   21 1.000000
   100    3   22 1.000000
   100    3   23 1.000000
   100    3   24 1.000000
   100    3   25 1.000000
   100    3   26 1.000000
   100    3   27 0.937500
   100    4    5 0.500000
   100    4    6 0.500000
   100    4    7 0.500000
   100    4    8 0.104167
   100    4    9 0.500000
   100    4   10 0.500000
   100    4   18 0.500000
   100    4   20 0.500000
   100    4   21 0.500000
   100    4   22 0.500000
   100    4   23 0.500000
   100    4   24 0.500000
   100    4   25 0.500000
   100    4   26 0.500000
   100    4   27 0.437500
   100    5    6 1.000000
   100    5    7 1.000000
   100    5    8 0.104167
   100    5    9 1.000000
   100    5   10 1.000000
   100    5   18 1.000000
   100    5   20 1.000000
   100    5   21 1.000000
   100    5   22 1.000000
   100    5   23 1.000000
   100    5   24 1.000000
   100    5   25 1.000000
   100    5   26 1.000000
   100    5   27 0.937500
   100    6    7 1.000000
   100    6    8 0.104167
   100    6    9 1.000000
   100    6   10 1.000000
   100    6   18 1.000000
   100    6   20 1.000000
   100    6   21 1.000000
   100    6   22 1.000000
   100    6   23 1.000000
   100    6   24 1.000000
   100    6   25 1.000000
   100    6   26 1.000000
   100    6   27 0.937500
   100    7    8 0.104167
   100    7    9 1.000000
   100    7   10 1.000000
   100    7   18 1.000000
   100    7   20 1.000000
   100    7   21 1.000000
   100    7   22 1.000000
   100    7   23 1.000000
   100    7   24 1.000000
   100    7   25 1.000000
   100    7   26 1.000000
   100    7   27 0.937500
   100    8    9 0.104167
   100    8   10 0.104167
   100    8   18 0.104167
   100    8   20 0.104167
   100    8   21 0.104167
   100    8   22 0.104167
   100    8   23 0.104167
   100    8   24 0.104167
   100    8   25 0.104167
   100    8   26 0.104167
   100    8   27 0.041667
   100    9   10 1.000000
   100    9   18 1.000000
   100    9   20 1.000000
   100    9   21 1.000000
   100    9   22 1.000000
   100    9   23 1.000000
   100    9   24 1.000000
   100    9   25 1.000000
   100    9   26 1.000000
   100    9   27 0.937500
   100   10   18 1.000000
   100   10   20 1.000000
   100   10   21 1.000000
   100   10   22 1.000000
   100   10   23 1.000000
   100   10   24 1.000000
   100   10   25 1.000000
   100   10   26 1.000000
   100   10   27 0.937500
   100   18   20 1.000000
   100   18   21 1.000000
   100   18   22 1.000000
   100   18   23 1.000000
   100   18   24 1.000000
   100   18   25 1.000000
   100   18   26 1.000000
   100   18   27 0.937500
   100   20   21 1.000000
   100   20   22 1.000000
   100   20   23 1.000000
   100   20   24 1.000000
   100   20   25 1.000000
   100   20   26 1.000000
   100   20   27 0.937500
   100   21   22 1.000000
   100   21   23 1.000000
   100   21   24 1.000000
   100   21   25 1.000000
   100   21   26 1.000000
   100   21   27 0.937500
   100   22   23 1.000000
   100   22   24 1.000000
   100   22   25 1.000000
   100   22   26 1.000000
   100   22   27 0.937500
   100   23   24 1.000000
   100   23   25 1.000000
   100   23   26 1.000000
   100   23   27 0.937500
   100   24   25 1.000000
   100   24   26 1.000000
   100   24   27 0.937500
   100   25   26 1.000000
   100   25   27 0.937500
   100   26   27 0.937500
   101    1    2 0.958333
   101    1    3 0.958333
   101    1    4 0.958333
   101    1    5 0.958333
   101    1    6 0.958333
   101    1    7 0.958333
   101    1    9 0.958333
   101    1   10 0.958333
   101    1   18 0.958333
   101    1   21 0.958333
   101    1   22 0.958333
   101    1   23 0.958333
   101    1   24 0.958333
   101    1   25 0.958333
   101    1   26 0.958333
   101    1   27 0.895833
   101    2    3 1.000000
   101    2    4 1.000000
   101    2    5 1.000000
   101    2    6 1.000000
   101    2    7 1.000000
   101    2    9 1.000000
   101    2   10 1.000000
   101    2   18 1.000000
   101    2   21 1.000000
   101    2   22 1.000000
   101    2   23 1.000000
   101    2   24 1.000000
   101    2   25 1.000000
   101    2   26 1.000000
   101    2   27 0.937500
   101    3    4 1.000000
   101    3    5 1.000000
   101    3    6 1.000000
   101    3    7 1.000000
   101    3    9 1.000000
   101    3   10 1.000000
   101    3   18 1.000000
   101    3   21 1.000000
   101    3   22 1.000000
   101    3   23 1.000000
   101    3   24 1.000000
   101    3   25 1.000000
   101    3   26 1.000000
   101    3   27 0.937500
   101    4    5 1.000000
   101    4    6 1.000000
   101    4    7 1.000000
   101    4    9 1.000000
   101    4   10 1.000000
   101    4   18 1.000000
   101    4   21 1.000000
   101    4   22 1.000000
   101    4   23 1.000000
   101    4   24 1.000000
   101    4   25 1.000000
   101    4   26 1.000000
   101    4   27 0.937500
   101    5    6 1.000000
   101    5    7 1.000000
   101    5    9 1.000000
   101    5   10 1.000000
   101    5   18 1.000000
   101    5   21 1.000000
   101    5   22 1.000000
   101    5   23 1.000000
   101    5   24 1.000000
   101    5   25 1.000000
   101    5   26 1.000000
   101    5   27 0.937500
   101    6    7 1.000000
   101    6    9 1.000000
   101    6   10 1.000000
   101    6   18 1.000000
   101    6   21 1.000000
   101    6   22 1.000000
   101    6   23 1.000000
   101    6   24 1.000000
   101    6   25 1.000000
   101    6   26 1.000000
   101    6   27 0.937500
   101    7    9 1.000000
   101    7   10 1.000000
   101    7   18 1.000000
   101    7   21 1.000000
   101    7   22 1.000000
   101    7   23 1.000000
   101    7   24 1.000000
   101    7   25 1.000000
   101    7   26 1.000000
   101    7   27 0.937500
   101    9   10 1.000000
   101    9   18 1.000000
   101    9   21 1.000000
   101    9   22 1.000000
   101    9   23 1.000000
   101    9   24 1.000000
   101    9   25 1.000000
   101    9   26 1.000000
   101    9   27 0.937500
   101   10   18 1.000000
   101   10   21 1.000000
   101   10   22 1.000000
   101   10   23 1.000000
   101   10   24 1.000000
   101   10   25 1.000000
   101   10   26 1.000000
   101   10   27 0.937500
   101   18   21 1.000000
   101   18   22 1.000000
   101   18   23 1.000000
   101   18   24 1.000000
   101   18   25 1.000000
   101   18   26 1.000000
   101   18   27 0.937500
   101   21   22 1.000000
   101   21   23 1.000000
   101   21   24 1.000000
   101   21   25 1.000000
   101   21   26 1.000000
   101   21   27 0.937500
   101   22   23 1.000000
   101   22   24 1.000000
   101   22   25 1.000000
   101   22   26 1.000000
   101   22   27 0.937500
   101   23   24 1.000000
   101   23   25 1.000000
   101   23   26 1.000000
   101   23   27 0.937500
   101   24   25 1.000000
   101   24   26 1.000000
   101   24   27 0.937500
   101   25   26 1.000000
   101   25   27 0.937500
   101   26   27 0.937500
   102    1    2 0.958333
   102    1    3 0.958333
   102    1    4 0.958333
   102    1    5 0.958333
   102    1    6 0.958333
   102    1    7 0.958333
   102    1    8 0.958333
   102    1    9 0.958333
   102    1   10 0.958333
   102    1   11 0.958333
   102    1   12 0.958333
   102    1   13 0.250000
   102    1   14 0.958333
   102    1   15 0.958333
   102    1   16 0.958333
   102    1   17 0.895833
   102    1   18 0.958333
   102    1   19 0.958333
   102    1   20 0.958333
   102    1   21 0.958333
   102    1   22 0.958333
   102    1   23 0.958333
   102    1   24 0.958333
   102    1   25 0.958333
   102    1   26 0.958333
   102    1   27 0.895833
   102    2    3 1.000000
   102    2    4 1.000000
   102    2    5 1.000000
   102    2    6 1.000000
   102    2    7 1.000000
   102    2    8 1.000000
   102    2    9 1.000000
   102    2   10 1.000000
   102    2   11 1.000000
   102    2   12 1.000000
   102    2   13 0.250000
   102    2   14 1.000000
   102    2   15 1.000000
   102    2   16 1.000000
   102    2   17 0.937500
   102    2   18 1.000000
   102    2   19 1.000000
   102    2   20 1.000000
   102    2   21 1.000000
   102    2   22 1.000000
   102    2   23 1.000000
   102    2   24 1.000000
   102    2   25 1.000000
   102    2   26 1.000000
   102    2   27 0.937500
   102    3    4 1.000000
   102    3    5 1.000000
   102    3    6 1.000000
   102    3    7 1.000000
   102    3    8 1.000000
   102    3    9 1.000000
   102    3   10 1.000000
   102    3   11 1.000000
   102    3   12 1.000000
   102    3   13 0.250000
   102    3   14 1.000000
   102    3   15 1.000000
   102    3   16 1.000000
   102    3   17 0.937500
   102    3   18 1.000000
   102    3   19 1.000000
   102    3   20 1.000000
   102    3   21 1.000000
   102    3   22 1.000000
   102    3   23 1.000000
   102    3   24 1.000000
   102    3   25 1.000000
   102    3   26 1.000000
   102    3   27 0.937500
   102    4    5 1.000000
   102    4    6 1.000000
   102    4    7 1.000000
   102    4    8 1.000000
   102    4    9 1.000000
   102    4   10 1.000000
   102    4   11 1.000000
   102    4   12 1.000000
   102    4   13 0.250000
   102    4   14 1.000000
   102    4   15 1.000000
   102    4   16 1.000000
   102    4   17 0.937500
   102    4   18 1.000000
   102    4   19 1.000000
   102    4   20 1.000000
   102    4   21 1.000000
   102    4   22 1.000000
   102    4   23 1.000000
   102    4   24 1.000000
   102    4   25 1.000000
   102    4   26 1.000000
   102    4   27 0.937500
   102    5    6 1.000000
   102    5    7 1.000000
   102    5    8 1.000000
   102    5    9 1.000000
   102    5   10 1.000000
   102    5   11 1.000000
   102    5   12 1.000000
   102    5   13 0.250000
   102    5   14 1.000000
   102    5   15 1.000000
   102    5   16 1.000000
   102    5   17 0.937500
   102    5   18 1.000000
   102    5   19 1.000000
   102    5   20 1.000000
   102    5   21 1.000000
   102    5   22 1.000000
   102    5   23 1.000000
   102    5   24 1.000000
   102    5   25 1.000000
   102    5   26 1.000000
   102    5   27 0.937500
   102    6    7 1.000000
   102    6    8 1.000000
   102    6    9 1.000000
   102    6   10 1.000000
   102    6   11 1.000000
   102    6   12 1.000000
   102    6   13 0.250000
   102    6   14 1.000000
   102    6   15 1.000000
   102    6   16 1.000000
   102    6   17 0.937500
   102    6   18 1.000000
   102    6   19 1.000000
   102    6   20 1.000000
   102    6   21 1.000000
   102    6   22 1.000000
   102    6   23 1.000000
   102    6   24 1.000000
   102    6   25 1.000000
   102    6   26 1.000000
   102    6   27 0.937500
   102    7    8 1.000000
   102    7    9 1.000000
   102    7   10 1.000000
   102    7   11 1.000000
   102    7   12 1.000000
   102    7   13 0.250000
   102    7   14 1.000000
   102    7   15 1.000000
   102    7   16 1.000000
   102    7   17 0.937500
   102    7   18 1.000000
   102    7   19 1.000000
   102    7   20 1.000000
   102    7   21 1.000000
   102    7   22 1.000000
   102    7   23 1.000000
   102    7   24 1.000000
   102    7   25 1.000000
   102    7   26 1.000000
   102    7   27 0.937500
   102    8    9 1.000000
   102    8   10 1.000000
   102    8   11 1.000000
   102    8   12 1.000000
   102    8   13 0.250000
   102    8   14 1.000000
   102    8   15 1.000000
   102    8   16 1.000000
   102    8   17 0.937500
   102    8   18 1.000000
   102    8   19 1.000000
   102    8   20 1.000000
   102    8   21 1.000000
   102    8   22 1.000000
   102    8   23 1.000000
   102    8   24 1.000000
   102    8   25 1.000000
   102    8   26 1.000000
   102    8   27 0.937500
   102    9   10 1.000000
   102    9   11 1.000000
   102    9   12 1.000000
   102    9   13 0.250000
   102    9   14 1.000000
   102    9   15 1.000000
   102    9   16 1.000000
   102    9   17 0.937500
   102    9   18 1.000000
   102    9   19 1.000000
   102    9   20 1.000000
   102    9   21 1.000000
   102    9   22 1.000000
   102    9   23 1.000000
   102    9   24 1.000000
   102    9   25 1.000000
   102    9   26 1.000000
   102    9   27 0.937500
   102   10   11 1.000000
   102   10   12 1.000000
   102   10   13 0.250000
   102   10   14 1.000000
   102   10   15 1.000000
   102   10   16 1.000000
   102   10   17 0.937500
   102   10   18 1.000000
   102   10   19 1.000000
   102   10   20 1.000000
   102   10   21 1.000000
   102   10   22 1.000000
   102   10   23 1.000000
   102   10   24 1.000000
   102   10   25 1.000000
   102   10   26 1.000000
   102   10   27 0.937500
   102   11   12 1.000000
   102   11   13 0.250000
   102   11   14 1.000000
   102   11   15 1.000000
   102   11   16 1.000000
   102   11   17 0.937500
   102   11   18 1.000000
   102   11   19 1.000000
   102   11   20 1.000000
   102   11   21 1.000000
   102   11   22 1.000000
   102   11   23 1.000000
   102   11   24 1.000000
   102   11   25 1.000000
   102   11   26 1.000000
   102   11   27 0.937500
   102   12   13 0.250000
   102   12   14 1.000000
   102   12   15 1.000000
   102   12   16 1.000000
   102   12   17 0.937500
   102   12   18 1.000000
   102   12   19 1.000000
   102   12   20 1.000000
   102   12   21 1.000000
   102   12   22 1.000000
   102   12   23 1.000000
   102   12   24 1.000000
   102   12   25 1.000000
   102   12   26 1.000000
   102   12   27 0.937500
   102   13   14 0.250000
   102   13   15 0.250000
   102   13   16 0.250000
   102   13   17 0.250000
   102   13   18 0.250000
   102   13   19 0.250000
   102   13   20 0.250000
   102   13   21 0.250000
   102   13   22 0.250000
   102   13   23 0.250000
   102   13   24 0.250000
   102   13   25 0.250000
   102   13   26 0.250000
   102   13   27 0.187500
   102   14   15 1.000000
   102   14   16 1.000000
   102   14   17 0.937500
   102   14   18 1.000000
   102   14   19 1.000000
   102   14   20 1.000000
   102   14   21 1.000000
   102   14   22 1.000000
   102   14   23 1.000000
   102   14   24 1.000000
   102   14   25 1.000000
   102   14   26 1.000000
   102   14   27 0.937500
   102   15   16 1.000000
   102   15   17 0.937500
   102   15   18 1.000000
   102   15   19 1.000000
   102   15   20 1.000000
   102   15   21 1.000000
   102   15   22 1.000000
   102   15   23 1.000000
   102   15   24 1.000000
   102   15   25 1.000000
   102   15   26 1.000000
   102   15   27 0.937500
   102   16   17 0.937500
   102   16   18 1.000000
   102   16   19 1.000000
   102   16   20 1.000000
   102   16   21 1.000000
   102   16   22 1.000000
   102   16   23 1.000000
   102   16   24 1.000000
   102   16   25 1.000000
   102   16   26 1.000000
   102   16   27 0.937500
   102   17   18 0.937500
   102   17   19 0.937500
   102   17   20 0.937500
   102   17   21 0.937500
   102   17   22 0.937500
   102   17   23 0.937500
   102   17   24 0.937500
   102   17   25 0.937500
   102   17   26 0.937500
   102   17   27 0.875000
   102   18   19 1.000000
   102   18   20 1.000000
   102   18   21 1.000000
   102   18   22 1.000000
   102   18   23 1.000000
   102   18   24 1.000000
   102   18   25 1.000000
   102   18   26 1.000000
   102   18   27 0.937500
   102   19   20 1.000000
   102   19   21 1.000000
   102   19   22 1.000000
   102   19   23 1.000000
   102   19   24 1.000000
   102   19   25 1.000000
   102   19   26 1.000000
   102   19   27 0.937500
   102   20   21 1.000000
   102   20   22 1.000000
   102   20   23 1.000000
   102   20   24 1.000000
   102   20   25 1.000000
   102   20   26 1.000000
   102   20   27 0.937500
   102   21   22 1.000000
   102   21   23 1.000000
   102   21   24 1.000000
   102   21   25 1.000000
   102   21   26 1.000000
   102   21   27 0.937500
   102   22   23 1.000000
   102   22   24 1.000000
   102   22   25 1.000000
   102   22   26 1.000000
   102   22   27 0.937500
   102   23   24 1.000000
   102   23   25 1.000000
   102   23   26 1.000000
   102   23   27 0.937500
   102   24   25 1.000000
   102   24   26 1.000000
   102   24   27 0.937500
   102   25   26 1.000000
   102   25   27 0.937500
   102   26   27 0.937500
   103    1    2 0.958333
   103    1    3 0.958333
   103    1    4 0.958333
   103    1    5 0.958333
   103    1    6 0.958333
   103    1    7 0.958333
   103    1    8 0.958333
   103    1    9 0.958333
   103    1   10 0.958333
   103    1   11 0.958333
   103    1   12 0.958333
   103    1   13 0.958333
   103    1   14 0.958333
   103    1   15 0.958333
   103    1   16 0.958333
   103    1   17 0.895833
   103    1   18 0.958333
   103    1   19 0.958333
   103    1   20 0.958333
   103    1   21 0.958333
   103    1   22 0.958333
   103    1   23 0.958333
   103    1   24 0.958333
   103    1   25 0.958333
   103    1   26 0.958333
   103    1   27 0.895833
   103    2    3 1.000000
   103    2    4 1.000000
   103    2    5 1.000000
   103    2    6 1.000000
   103    2    7 1.000000
   103    2    8 1.000000
   103    2    9 1.000000
   103    2   10 1.000000
   103    2   11 1.000000
   103    2   12 1.000000
   103    2   13 1.000000
   103    2   14 1.000000
   103    2   15 1.000000
   103    2   16 1.000000
   103    2   17 0.937500
   103    2   18 1.000000
   103    2   19 1.000000
   103    2   20 1.000000
   103    2   21 1.000000
   103    2   22 1.000000
   103    2   23 1.000000
   103    2   24 1.000000
   103    2   25 1.000000
   103    2   26 1.000000
   103    2   27 0.937500
   103    3    4 1.000000
   103    3    5 1.000000
   103    3    6 1.000000
   103    3    7 1.000000
   103    3    8 1.000000
   103    3    9 1.000000
   103    3   10 1.000000
   103    3   11 1.000000
   103    3   12 1.000000
   103    3   13 1.000000
   103    3   14 1.000000
   103    3   15 1.000000
   103    3   16 1.000000
   103    3   17 0.937500
   103    3   18 1.000000
   103    3   19 1.000000
   103    3   20 1.000000
   103    3   21 1.000000
   103    3   22 1.000000
   103    3   23 1.000000
   103    3   24 1.000000
   103    3   25 1.000000
   103    3   26 1.000000
   103    3   27 0.937500
   103    4    5 1.000000
   103    4    6 1.000000
   103    4    7 1.000000
   103    4    8 1.000000
   103    4    9 1.000000
   103    4   10 1.000000
   103    4   11 1.000000
   103    4   12 1.000000
   103    4   13 1.000000
   103    4   14 1.000000
   103    4   15 1.000000
   103    4   16 1.000000
   103    4   17 0.937500
   103    4   18 1.000000
   103    4   19 1.000000
   103    4   20 1.000000
   103    4   21 1.000000
   103    4   22 1.000000
   103    4   23 1.000000
   103    4   24 1.000000
   103    4   25 1.000000
   103    4   26 1.000000
   103    4   27 0.937500
   103    5    6 1.000000
   103    5    7 1.000000
   103    5    8 1.000000
   103    5    9 1.000000
   103    5   10 1.000000
   103    5   11 1.000000
   103    5   12 1.000000
   103    5   13 1.000000
   103    5   14 1.000000
   103    5   15 1.000000
   103    5   16 1.000000
   103    5   17 0.937500
   103    5   18 1.000000
   103    5   19 1.000000
   103    5   20 1.000000
   103    5   21 1.000000
   103    5   22 1.000000
   103    5   23 1.000000
   103    5   24 1.000000
   103    5   25 1.000000
   103    5   26 1.000000
   103    5   27 0.937500
   103    6    7 1.000000
   103    6    8 1.000000
   103    6    9 1.000000
   103    6   10 1.000000
   103    6   11 1.000000
   103    6   12 1.000000
   103    6   13 1.000000
   103    6   14 1.000000
   103    6   15 1.000000
   103    6   16 1.000000
   103    6   17 0.937500
   103    6   18 1.000000
   103    6   19 1.000000
   103    6   20 1.000000
   103    6   21 1.000000
   103    6   22 1.000000
   103    6   23 1.000000
   103    6   24 1.000000
   103    6   25 1.000000
   103    6   26 1.000000
   103    6   27 0.937500
   103    7    8 1.000000
   103    7    9 1.000000
   103    7   10 1.000000
   103    7   11 1.000000
   103    7   12 1.000000
   103    7   13 1.000000
   103    7   14 1.000000
   103    7   15 1.000000
   103    7   16 1.000000
   103    7   17 0.937500
   103    7   18 1.000000
   103    7   19 1.000000
   103    7   20 1.000000
   103    7   21 1.000000
   103    7   22 1.000000
   103    7   23 1.000000
   103    7   24 1.000000
   103    7   25 1.000000
   103    7   26 1.000000
   103    7   27 0.937500
   103    8    9 1.000000
   103    8   10 1.000000
   103    8   11 1.000000
   103    8   12 1.000000
   103    8   13 1.000000
   103    8   14 1.000000
   103    8   15 1.000000
   103    8   16 1.000000
   103    8   17 0.937500
   103    8   18 1.000000
   103    8   19 1.000000
   103    8   20 1.000000
   103    8   21 1.000000
   103    8   22 1.000000
   103    8   23 1.000000
   103    8   24 1.000000
   103    8   25 1.000000
   103    8   26 1.000000
   103    8   27 0.937500
   103    9   10 1.000000
   103    9   11 1.000000
   103    9   12 1.000000
   103    9   13 1.000000
   103    9   14 1.000000
   103    9   15 1.000000
   103    9   16 1.000000
   103    9   17 0.937500
   103    9   18 1.000000
   103    9   19 1.000000
   103    9   20 1.000000
   103    9   21 1.000000
   103    9   22 1.000000
   103    9   23 1.000000
   103    9   24 1.000000
   103    9   25 1.000000
   103    9   26 1.000000
   103    9   27 0.937500
   103   10   11 1.000000
   103   10   12 1.000000
   103   10   13 1.000000
   103   10   14 1.000000
   103   10   15 1.000000
   103   10   16 1.000000
   103   10   17 0.937500
   103   10   18 1.000000
   103   10   19 1.000000
   103   10   20 1.000000
   103   10   21 1.000000
   103   10   22 1.000000
   103   10   23 1.000000
   103   10   24 1.000000
   103   10   25 1.000000
   103   10   26 1.000000
   103   10   27 0.937500
   103   11   12 1.000000
   103   11   13 1.000000
   103   11   14 1.000000
   103   11   15 1.000000
   103   11   16 1.000000
   103   11   17 0.937500
   103   11   18 1.000000
   103   11   19 1.000000
   103   11   20 1.000000
   103   11   21 1.000000
   103   11   22 1.000000
   103   11   23 1.000000
   103   11   24 1.000000
   103   11   25 1.000000
   103   11   26 1.000000
   103   11   27 0.937500
   103   12   13 1.000000
   103   12   14 1.000000
   103   12   15 1.000000
   103   12   16 1.000000
   103   12   17 0.937500
   103   12   18 1.000000
   103   12   19 1.000000
   103   12   20 1.000000
   103   12   21 1.000000
   103   12   22 1.000000
   103   12   23 1.000000
   103   12   24 1.000000
   103   12   25 1.000000
   103   12   26 1.000000
   103   12   27 0.937500
   103   13   14 1.000000
   103   13   15 1.000000
   103   13   16 1.000000
   103   13   17 0.937500
   103   13   18 1.000000
   103   13   19 1.000000
   103   13   20 1.000000
   103   13   21 1.000000
   103   13   22 1.000000
   103   13   23 1.000000
   103   13   24 1.000000
   103   13   25 1.000000
   103   13   26 1.000000
   103   13   27 0.937500
   103   14   15 1.000000
   103   14   16 1.000000
   103   14   17 0.937500
   103   14   18 1.000000
   103   14   19 1.000000
   103   14   20 1.000000
   103   14   21 1.000000
   103   14   22 1.000000
   103   14   23 1.000000
   103   14   24 1.000000
   103   14   25 1.000000
   103   14   26 1.000000
   103   14   27 0.937500
   103   15   16 1.000000
   103   15   17 0.937500
   103   15   18 1.000000
   103   15   19 1.000000
   103   15   20 1.000000
   103   15   21 1.000000
   103   15   22 1.000000
   103   15   23 1.000000
   103   15   24 1.000000
   103   15   25 1.000000
   103   15   26 1.000000
   103   15   27 0.937500
   103   16   17 0.937500
   103   16   18 1.000000
   103   16   19 1.000000
   103   16   20 1.000000
   103   16   21 1.000000
   103   16   22 1.000000
   103   16   23 1.000000
   103   16   24 1.000000
   103   16   25 1.000000
   103   16   26 1.000000
   103   16   27 0.937500
   103   17   18 0.937500
   103   17   19 0.937500
   103   17   20 0.937500
   103   17   21 0.937500
   103   17   22 0.937500
   103   17   23 0.937500
   103   17   24 0.937500
   103   17   25 0.937500
   103   17   26 0.937500
   103   17   27 0.875000
   103   18   19 1.000000
   103   18   20 1.000000
   103   18   21 1.000000
   103   18   22 1.000000
   103   18   23 1.000000
   103   18   24 1.000000
   103   18   25 1.000000
   103   18   26 1.000000
   103   18   27 0.937500
   103   19   20 1.000000
   103   19   21 1.000000
   103   19   22 1.000000
   103   19   23 1.000000
   103   19   24 1.000000
   103   19   25 1.000000
   103   19   26 1.000000
   103   19   27 0.937500
   103   20   21 1.000000
   103   20   22 1.000000
   103   20   23 1.000000
   103   20   24 1.000000
   103   20   25 1.000000
   103   20   26 1.000000
   103   20   27 0.937500
   103   21   22 1.000000
   103   21   23 1.000000
   103   21   24 1.000000
   103   21   25 1.000000
   103   21   26 1.000000
   103   21   27 0.937500
   103   22   23 1.000000
   103   22   24 1.000000
   103   22   25 1.000000
   103   22   26 1.000000
   103   22   27 0.937500
   103   23   24 1.000000
   103   23   25 1.000000
   103   23   26 1.000000
   103   23   27 0.937500
   103   24   25 1.000000
   103   24   26 1.000000
   103   24   27 0.937500
   103   25   26 1.000000
   103   25   27 0.937500
   103   26   27 0.937500
   104    2    3 1.000000
   104    2    4 1.000000
   104    2    5 1.000000
   104    2    6 1.000000
   104    2    7 1.000000
   104    2    8 1.000000
   104    2    9 1.000000
   104    2   10 1.000000
   104    2   11 1.000000
   104    2   12 1.000000
   104    2   13 1.000000
   104    2   14 1.000000
   104    2   15 1.000000
   104    2   16 1.000000
   104    2   17 1.000000
   104    2   18 1.000000
   104    2   19 1.000000
   104    2   20 1.000000
   104    2   21 1.000000
   104    2   22 1.000000
   104    2   23 1.000000
   104    2   24 1.000000
   104    2   25 1.000000
   104    2   27 0.937500
   104    3    4 1.000000
   104    3    5 1.000000
   104    3    6 1.000000
   104    3    7 1.000000
   104    3    8 1.000000
   104    3    9 1.000000
   104    3   10 1.000000
   104    3   11 1.000000
   104    3   12 1.000000
   104    3   13 1.000000
   104    3   14 1.000000
   104    3   15 1.000000
   104    3   16 1.000000
   104    3   17 1.000000
   104    3   18 1.000000
   104    3   19 1.000000
   104    3   20 1.000000
   104    3   21 1.000000
   104    3   22 1.000000
   104    3   23 1.000000
   104    3   24 1.000000
   104    3   25 1.000000
   104    3   27 0.937500
   104    4    5 1.000000
   104    4    6 1.000000
   104    4    7 1.000000
   104    4    8 1.000000
   104    4    9 1.000000
   104    4   10 1.000000
   104    4   11 1.000000
   104    4   12 1.000000
   104    4   13 1.000000
   104    4   14 1.000000
   104    4   15 1.000000
   104    4   16 1.000000
   104    4   17 1.000000
   104    4   18 1.000000
   104    4   19 1.000000
   104    4   20 1.000000
   104    4   21 1.000000
   104    4   22 1.000000
   104    4   23 1.000000
   104    4   24 1.000000
   104    4   25 1.000000
   104    4   27 0.937500
   104    5    6 1.000000
   104    5    7 1.000000
   104    5    8 1.000000
   104    5    9 1.000000
   104    5   10 1.000000
   104    5   11 1.000000
   104    5   12 1.000000
   104    5   13 1.000000
   104    5   14 1.000000
   104    5   15 1.000000
   104    5   16 1.000000
   104    5   17 1.000000
   104    5   18 1.000000
   104    5   19 1.000000
   104    5   20 1.000000
   104    5   21 1.000000
   104    5   22 1.000000
   104    5   23 1.000000
   104    5   24 1.000000
   104    5   25 1.000000
   104    5   27 0.937500
   104    6    7 1.000000
   104    6    8 1.000000
   104    6    9 1.000000
   104    6   10 1.000000
   104    6   11 1.000000
   104    6   12 1.000000
   104    6   13 1.000000
   104    6   14 1.000000
   104    6   15 1.000000
   104    6   16 1.000000
   104    6   17 1.000000
   104    6   18 1.000000
   104    6   19 1.000000
   104    6   20 1.000000
   104    6   21 1.000000
   104    6   22 1.000000
   104    6   23 1.000000
   104    6   24 1.000000
   104    6   25 1.000000
   104    6   27 0.937500
   104    7    8 1.000000
   104    7    9 1.000000
   104    7   10 1.000000
   104    7   11 1.000000
   104    7   12 1.000000
   104    7   13 1.000000
   104    7   14 1.000000
   104    7   15 1.000000
   104    7   16 1.000000
   104    7   17 1.000000
   104    7   18 1.000000
   104    7   19 1.000000
   104    7   20 1.000000
   104    7   21 1.000000
   104    7   22 1.000000
   104    7   23 1.000000
   104    7   24 1.000000
   104    7   25 1.000000
   104    7   27 0.937500
   104    8    9 1.000000
   104    8   10 1.000000
   104    8   11 1.000000
   104    8   12 1.000000
   104    8   13 1.000000
   104    8   14 1.000000
   104    8   15 1.000000
   104    8   16 1.000000
   104    8   17 1.000000
   104    8   18 1.000000
   104    8   19 1.000000
   104    8   20 1.000000
   104    8   21 1.000000
   104    8   22 1.000000
   104    8   23 1.000000
   104    8   24 1.000000
   104    8   25 1.000000
   104    8   27 0.937500
   104    9   10 1.000000
   104    9   11 1.000000
   104    9   12 1.000000
   104    9   13 1.000000
   104    9   14 1.000000
   104    9   15 1.000000
   104    9   16 1.000000
   104    9   17 1.000000
   104    9   18 1.000000
   104    9   19 1.000000
   104    9   20 1.000000
   104    9   21 1.000000
   104    9   22 1.000000
   104    9   23 1.000000
   104    9   24 1.000000
   104    9   25 1.000000
   104    9   27 0.937500
   104   10   11 1.000000
   104   10   12 1.000000
   104   10   13 1.000000
   104   10   14 1.000000
   104   10   15 1.000000
   104   10   16 1.000000
   104   10   17 1.000000
   104   10   18 1.000000
   104   10   19 1.000000
   104   10   20 1.000000
   104   10   21 1.000000
   104   10   22 1.000000
   104   10   23 1.000000
   104   10   24 1.000000
   104   10   25 1.000000
   104   10   27 0.937500
   104   11   12 1.000000
   104   11   13 1.000000
   104   11   14 1.000000
   104   11   15 1.000000
   104   11   16 1.000000
   104   11   17 1.000000
   104   11   18 1.000000
   104   11   19 1.000000
   104   11   20 1.000000
   104   11   21 1.000000
   104   11   22 1.000000
   104   11   23 1.000000
   104   11   24 1.000000
   104   11   25 1.000000
   104   11   27 0.937500
   104   12   13 1.000000
   104   12   14 1.000000
   104   12   15 1.000000
   104   12   16 1.000000
   104   12   17 1.000000
   104   12   18 1.000000
   104   12   19 1.000000
   104   12   20 1.000000
   104   12   21 1.000000
   104   12   22 1.000000
   104   12   23 1.000000
   104   12   24 1.000000
   104   12   25 1.000000
   104   12   27 0.937500
   104   13   14 1.000000
   104   13   15 1.000000
   104   13   16 1.000000
   104   13   17 1.000000
   104   13   18 1.000000
   104   13   19 1.000000
   104   13   20 1.000000
   104   13   21 1.000000
   104   13   22 1.000000
   104   13   23 1.000000
   104   13   24 1.000000
   104   13   25 1.000000
   104   13   27 0.937500
   104   14   15 1.000000
   104   14   16 1.000000
   104   14   17 1.000000
   104   14   18 1.000000
   104   14   19 1.000000
   104   14   20 1.000000
   104   14   21 1.000000
   104   14   22 1.000000
   104   14   23 1.000000
   104   14   24 1.000000
   104   14   25 1.000000
   104   14   27 0.937500
   104   15   16 1.000000
   104   15   17 1.000000
   104   15   18 1.000000
   104   15   19 1.000000
   104   15   20 1.000000
   104   15   21 1.000000
   104   15   22 1.000000
   104   15   23 1.000000
   104   15   24 1.000000
   104   15   25 1.000000
   104   15   27 0.937500
   104   16   17 1.000000
   104   16   18 1.000000
   104   16   19 1.000000
   104   16   20 1.000000
   104   16   21 1.000000
   104   16   22 1.000000
   104   16   23 1.000000
   104   16   24 1.000000
   104   16   25 1.000000
   104   16   27 0.937500
   104   17   18 1.000000
   104   17   19 1.000000
   104   17   20 1.000000
   104   17   21 1.000000
   104   17   22 1.000000
   104   17   23 1.000000
   104   17   24 1.000000
   104   17   25 1.000000
   104   17   27 0.937500
   104   18   19 1.000000
   104   18   20 1.000000
   104   18   21 1.000000
   104   18   22 1.000000
   104   18   23 1.000000
   104   18   24 1.000000
   104   18   25 1.000000
   104   18   27 0.937500
   104   19   20 1.000000
   104   19   21 1.000000
   104   19   22 1.000000
   104   19   23 1.000000
   104   19   24 1.000000
   104   19   25 1.000000
   104   19   27 0.937500
   104   20   21 1.000000
   104   20   22 1.000000
   104   20   23 1.000000
   104   20   24 1.000000
   104   20   25 1.000000
   104   20   27 0.937500
   104   21   22 1.000000
   104   21   23 1.000000
   104   21   24 1.000000
   104   21   25 1.000000
   104   21   27 0.937500
   104   22   23 1.000000
   104   22   24 1.000000
   104   22   25 1.000000
   104   22   27 0.937500
   104   23   24 1.000000
   104   23   25 1.000000
   104   23   27 0.937500
   104   24   25 1.000000
   104   24   27 0.937500
   104   25   27 0.937500
   105    1    2 1.000000
   105    1    3 1.000000
   105    1    4 1.000000
   105    1    5 1.000000
   105    1    6 1.000000
   105    1    7 1.000000
   105    1    8 1.000000
   105    1    9 1.000000
   105    1   10 1.000000
   105    1   11 1.000000
   105    1   12 1.000000
   105    1   13 1.000000
   105    1   14 1.000000
   105    1   15 1.000000
   105    1   16 1.000000
   105    1   17 1.000000
   105    1   18 1.000000
   105    1   19 1.000000
   105    1   20 1.000000
   105    1   21 1.000000
   105    1   22 1.000000
   105    1   23 1.000000
   105    1   24 1.000000
   105    1   25 1.000000
   105    1   26 1.000000
   105    1   27 0.937500
   105    2    3 1.000000
   105    2    4 1.000000
   105    2    5 1.000000
   105    2    6 1.000000
   105    2    7 1.000000
   105    2    8 1.000000
   105    2    9 1.000000
   105    2   10 1.000000
   105    2   11 1.000000
   105    2   12 1.000000
   105    2   13 1.000000
   105    2   14 1.000000
   105    2   15 1.000000
   105    2   16 1.000000
   105    2   17 1.000000
   105    2   18 1.000000
   105    2   19 1.000000
   105    2   20 1.000000
   105    2   21 1.000000
   105    2   22 1.000000
   105    2   23 1.000000
   105    2   24 1.000000
   105    2   25 1.000000
   105    2   26 1.000000
   105    2   27 0.937500
   105    3    4 1.000000
   105    3    5 1.000000
   105    3    6 1.000000
   105    3    7 1.000000
   105    3    8 1.000000
   105    3    9 1.000000
   105    3   10 1.000000
   105    3   11 1.000000
   105    3   12 1.000000
   105    3   13 1.000000
   105    3   14 1.000000
   105    3   15 1.000000
   105    3   16 1.000000
   105    3   17 1.000000
   105    3   18 1.000000
   105    3   19 1.000000
   105    3   20 1.000000
   105    3   21 1.000000
   105    3   22 1.000000
   105    3   23 1.000000
   105    3   24 1.000000
   105    3   25 1.000000
   105    3   26 1.000000
   105    3   27 0.937500
   105    4    5 1.000000
   105    4    6 1.000000
   105    4    7 1.000000
   105    4    8 1.000000
   105    4    9 1.000000
   105    4   10 1.000000
   105    4   11 1.000000
   105    4   12 1.000000
   105    4   13 1.000000
   105    4   14 1.000000
   105    4   15 1.000000
   105    4   16 1.000000
   105    4   17 1.000000
   105    4   18 1.000000
   105    4   19 1.000000
   105    4   20 1.000000
   105    4   21 1.000000
   105    4   22 1.000000
   105    4   23 1.000000
   105    4   24 1.000000
   105    4   25 1.000000
   105    4   26 1.000000
   105    4   27 0.937500
   105    5    6 1.000000
   105    5    7 1.000000
   105    5    8 1.000000
   105    5    9 1.000000
   105    5   10 1.000000
   105    5   11 1.000000
   105    5   12 1.000000
   105    5   13 1.000000
   105    5   14 1.000000
   105    5   15 1.000000
   105    5   16 1.000000
   105    5   17 1.000000
   105    5   18 1.000000
   105    5   19 1.000000
   105    5   20 1.000000
   105    5   21 1.000000
   105    5   22 1.000000
   105    5   23 1.000000
   105    5   24 1.000000
   105    5   25 1.000000
   105    5   26 1.000000
   105    5   27 0.937500
   105    6    7 1.000000
   105    6    8 1.000000
   105    6    9 1.000000
   105    6   10 1.000000
   105    6   11 1.000000
   105    6   12 1.000000
   105    6   13 1.000000
   105    6   14 1.000000
   105    6   15 1.000000
   105    6   16 1.000000
   105    6   17 1.000000
   105    6   18 1.000000
   105    6   19 1.000000
   105    6   20 1.000000
   105    6   21 1.000000
   105    6   22 1.000000
   105    6   23 1.000000
   105    6   24 1.000000
   105    6   25 1.000000
   105    6   26 1.000000
   105    6   27 0.937500
   105    7    8 1.000000
   105    7    9 1.000000
   105    7   10 1.000000
   105    7   11 1.000000
   105    7   12 1.000000
   105    7   13 1.000000
   105    7   14 1.000000
   105    7   15 1.000000
   105    7   16 1.000000
   105    7   17 1.000000
   105    7   18 1.000000
   105    7   19 1.000000
   105    7   20 1.000000
   105    7   21 1.000000
   105    7   22 1.000000
   105    7   23 1.000000
   105    7   24 1.000000
   105    7   25 1.000000
   105    7   26 1.000000
   105    7   27 0.937500
   105    8    9 1.000000
   105    8   10 1.000000
   105    8   11 1.000000
   105    8   12 1.000000
   105    8   13 1.000000
   105    8   14 1.000000
   105    8   15 1.000000
   105    8   16 1.000000
   105    8   17 1.000000
   105    8   18 1.000000
   105    8   19 1.000000
   105    8   20 1.000000
   105    8   21 1.000000
   105    8   22 1.000000
   105    8   23 1.000000
   105    8   24 1.000000
   105    8   25 1.000000
   105    8   26 1.000000
   105    8   27 0.937500
   105    9   10 1.000000
   105    9   11 1.000000
   105    9   12 1.000000
   105    9   13 1.000000
   105    9   14 1.000000
   105    9   15 1.000000
   105    9   16 1.000000
   105    9   17 1.000000
   105    9   18 1.000000
   105    9   19 1.000000
   105    9   20 1.000000
   105    9   21 1.000000
   105    9   22 1.000000
   105    9   23 1.000000
   105    9   24 1.000000
   105    9   25 1.000000
   105    9   26 1.000000
   105    9   27 0.937500
   105   10   11 1.000000
   105   10   12 1.000000
   105   10   13 1.000000
   105   10   14 1.000000
   105   10   15 1.000000
   105   10   16 1.000000
   105   10   17 1.000000
   105   10   18 1.000000
   105   10   19 1.000000
   105   10   20 1.000000
   105   10   21 1.000000
   105   10   22 1.000000
   105   10   23 1.000000
   105   10   24 1.000000
   105   10   25 1.000000
   105   10   26 1.000000
   105   10   27 0.937500
   105   11   12 1.000000
   105   11   13 1.000000
   105   11   14 1.000000
   105   11   15 1.000000
   105   11   16 1.000000
   105   11   17 1.000000
   105   11   18 1.000000
   105   11   19 1.000000
   105   11   20 1.000000
   105   11   21 1.000000
   105   11   22 1.000000
   105   11   23 1.000000
   105   11   24 1.000000
   105   11   25 1.000000
   105   11   26 1.000000
   105   11   27 0.937500
   105   12   13 1.000000
   105   12   14 1.000000
   105   12   15 1.000000
   105   12   16 1.000000
   105   12   17 1.000000
   105   12   18 1.000000
   105   12   19 1.000000
   105   12   20 1.000000
   105   12   21 1.000000
   105   12   22 1.000000
   105   12   23 1.000000
   105   12   24 1.000000
   105   12   25 1.000000
   105   12   26 1.000000
   105   12   27 0.937500
   105   13   14 1.000000
   105   13   15 1.000000
   105   13   16 1.000000
   105   13   17 1.000000
   105   13   18 1.000000
   105   13   19 1.000000
   105   13   20 1.000000
   105   13   21 1.000000
   105   13   22 1.000000
   105   13   23 1.000000
   105   13   24 1.000000
   105   13   25 1.000000
   105   13   26 1.000000
   105   13   27 0.937500
   105   14   15 1.000000
   105   14   16 1.000000
   105   14   17 1.000000
   105   14   18 1.000000
   105   14   19 1.000000
   105   14   20 1.000000
   105   14   21 1.000000
   105   14   22 1.000000
   105   14   23 1.000000
   105   14   24 1.000000
   105   14   25 1.000000
   105   14   26 1.000000
   105   14   27 0.937500
   105   15   16 1.000000
   105   15   17 1.000000
   105   15   18 1.000000
   105   15   19 1.000000
   105   15   20 1.000000
   105   15   21 1.000000
   105   15   22 1.000000
   105   15   23 1.000000
   105   15   24 1.000000
   105   15   25 1.000000
   105   15   26 1.000000
   105   15   27 0.937500
   105   16   17 1.000000
   105   16   18 1.000000
   105   16   19 1.000000
   105   16   20 1.000000
   105   16   21 1.000000
   105   16   22 1.000000
   105   16   23 1.000000
   105   16   24 1.000000
   105   16   25 1.000000
   105   16   26 1.000000
   105   16   27 0.937500
   105   17   18 1.000000
   105   17   19 1.000000
   105   17   20 1.000000
   105   17   21 1.000000
   105   17   22 1.000000
   105   17   23 1.000000
   105   17   24 1.000000
   105   17   25 1.000000
   105   17   26 1.000000
   105   17   27 0.937500
   105   18   19 1.000000
   105   18   20 1.000000
   105   18   21 1.000000
   105   18   22 1.000000
   105   18   23 1.000000
   105   18   24 1.000000
   105   18   25 1.000000
   105   18   26 1.000000
   105   18   27 0.937500
   105   19   20 1.000000
   105   19   21 1.000000
   105   19   22 1.000000
   105   19   23 1.000000
   105   19   24 1.000000
   105   19   25 1.000000
   105   19   26 1.000000
   105   19   27 0.937500
   105   20   21 1.000000
   105   20   22 1.000000
   105   20   23 1.000000
   105   20   24 1.000000
   105   20   25 1.000000
   105   20   26 1.000000
   105   20   27 0.937500
   105   21   22 1.000000
   105   21   23 1.000000
   105   21   24 1.000000
   105   21   25 1.000000
   105   21   26 1.000000
   105   21   27 0.937500
   105   22   23 1.000000
   105   22   24 1.000000
   105   22   25 1.000000
   105   22   26 1.000000
   105   22   27 0.937500
   105   23   24 1.000000
   105   23   25 1.000000
   105   23   26 1.000000
   105   23   27 0.937500
   105   24   25 1.000000
   105   24   26 1.000000
   105   24   27 0.937500
   105   25   26 1.000000
   105   25   27 0.937500
   105   26   27 0.937500
   106    1    2 1.000000
   106    1    3 1.000000
   106    1    4 1.000000
   106    1    5 1.000000
   106    1    6 1.000000
   106    1    7 1.000000
   106    1    8 1.000000
   106    1    9 1.000000
   106    1   10 1.000000
   106    1   11 1.000000
   106    1   12 1.000000
   106    1   13 1.000000
   106    1   14 1.000000
   106    1   15 1.000000
   106    1   16 1.000000
   106    1   17 1.000000
   106    1   18 1.000000
   106    1   19 1.000000
   106    1   20 1.000000
   106    1   21 1.000000
   106    1   22 1.000000
   106    1   23 1.000000
   106    1   24 1.000000
   106    1   25 1.000000
   106    1   26 1.000000
   106    1   27 0.937500
   106    2    3 1.000000
   106    2    4 1.000000
   106    2    5 1.000000
   106    2    6 1.000000
   106    2    7 1.000000
   106    2    8 1.000000
   106    2    9 1.000000
   106    2   10 1.000000
   106    2   11 1.000000
   106    2   12 1.000000
   106    2   13 1.000000
   106    2   14 1.000000
   106    2   15 1.000000
   106    2   16 1.000000
   106    2   17 1.000000
   106    2   18 1.000000
   106    2   19 1.000000
   106    2   20 1.000000
   106    2   21 1.000000
   106    2   22 1.000000
   106    2   23 1.000000
   106    2   24 1.000000
   106    2   25 1.000000
   106    2   26 1.000000
   106    2   27 0.937500
   106    3    4 1.000000
   106    3    5 1.000000
   106    3    6 1.000000
   106    3    7 1.000000
   106    3    8 1.000000
   106    3    9 1.000000
   106    3   10 1.000000
   106    3   11 1.000000
   106    3   12 1.000000
   106    3   13 1.000000
   106    3   14 1.000000
   106    3   15 1.000000
   106    3   16 1.000000
   106    3   17 1.000000
   106    3   18 1.000000
   106    3   19 1.000000
   106    3   20 1.000000
   106    3   21 1.000000
   106    3   22 1.000000
   106    3   23 1.000000
   106    3   24 1.000000
   106    3   25 1.000000
   106    3   26 1.000000
   106    3   27 0.937500
   106    4    5 1.000000
   106    4    6 1.000000
   106    4    7 1.000000
   106    4    8 1.000000
   106    4    9 1.000000
   106    4   10 1.000000
   106    4   11 1.000000
   106    4   12 1.000000
   106    4   13 1.000000
   106    4   14 1.000000
   106    4   15 1.000000
   106    4   16 1.000000
   106    4   17 1.000000
   106    4   18 1.000000
   106    4   19 1.000000
   106    4   20 1.000000
   106    4   21 1.000000
   106    4   22 1.000000
   106    4   23 1.000000
   106    4   24 1.000000
   106    4   25 1.000000
   106    4   26 1.000000
   106    4   27 0.937500
   106    5    6 1.000000
   106    5    7 1.000000
   106    5    8 1.000000
   106    5    9 1.000000
   106    5   10 1.000000
   106    5   11 1.000000
   106    5   12 1.000000
   106    5   13 1.000000
   106    5   14 1.000000
   106    5   15 1.000000
   106    5   16 1.000000
   106    5   17 1.000000
   106    5   18 1.000000
   106    5   19 1.000000
   106    5   20 1.000000
   106    5   21 1.000000
   106    5   22 1.000000
   106    5   23 1.000000
   106    5   24 1.000000
   106    5   25 1.000000
   106    5   26 1.000000
   106    5   27 0.937500
   106    6    7 1.000000
   106    6    8 1.000000
   106    6    9 1.000000
   106    6   10 1.000000
   106    6   11 1.000000
   106    6   12 1.000000
   106    6   13 1.000000
   106    6   14 1.000000
   106    6   15 1.000000
   106    6   16 1.000000
   106    6   17 1.000000
   106    6   18 1.000000
   106    6   19 1.000000
   106    6   20 1.000000
   106    6   21 1.000000
   106    6   22 1.000000
   106    6   23 1.000000
   106    6   24 1.000000
   106    6   25 1.000000
   106    6   26 1.000000
   106    6   27 0.937500
   106    7    8 1.000000
   106    7    9 1.000000
   106    7   10 1.000000
   106    7   11 1.000000
   106    7   12 1.000000
   106    7   13 1.000000
   106    7   14 1.000000
   106    7   15 1.000000
   106    7   16 1.000000
   106    7   17 1.000000
   106    7   18 1.000000
   106    7   19 1.000000
   106    7   20 1.000000
   106    7   21 1.000000
   106    7   22 1.000000
   106    7   23 1.000000
   106    7   24 1.000000
   106    7   25 1.000000
   106    7   26 1.000000
   106    7   27 0.937500
   106    8    9 1.000000
   106    8   10 1.000000
   106    8   11 1.000000
   106    8   12 1.000000
   106    8   13 1.000000
   106    8   14 1.000000
   106    8   15 1.000000
   106    8   16 1.000000
   106    8   17 1.000000
   106    8   18 1.000000
   106    8   19 1.000000
   106    8   20 1.000000
   106    8   21 1.000000
   106    8   22 1.000000
   106    8   23 1.000000
   106    8   24 1.000000
   106    8   25 1.000000
   106    8   26 1.000000
   106    8   27 0.937500
   106    9   10 1.000000
   106    9   11 1.000000
   106    9   12 1.000000
   106    9   13 1.000000
   106    9   14 1.000000
   106    9   15 1.000000
   106    9   16 1.000000
   106    9   17 1.000000
   106    9   18 1.000000
   106    9   19 1.000000
   106    9   20 1.000000
   106    9   21 1.000000
   106    9   22 1.000000
   106    9   23 1.000000
   106    9   24 1.000000
   106    9   25 1.000000
   106    9   26 1.000000
   106    9   27 0.937500
   106   10   11 1.000000
   106   10   12 1.000000
   106   10   13 1.000000
   106   10   14 1.000000
   106   10   15 1.000000
   106   10   16 1.000000
   106   10   17 1.000000
   106   10   18 1.000000
   106   10   19 1.000000
   106   10   20 1.000000
   106   10   21 1.000000
   106   10   22 1.000000
   106   10   23 1.000000
   106   10   24 1.000000
   106   10   25 1.000000
   106   10   26 1.000000
   106   10   27 0.937500
   106   11   12 1.000000
   106   11   13 1.000000
   106   11   14 1.000000
   106   11   15 1.000000
   106   11   16 1.000000
   106   11   17 1.000000
   106   11   18 1.000000
   106   11   19 1.000000
   106   11   20 1.000000
   106   11   21 1.000000
   106   11   22 1.000000
   106   11   23 1.000000
   106   11   24 1.000000
   106   11   25 1.000000
   106   11   26 1.000000
   106   11   27 0.937500
   106   12   13 1.000000
   106   12   14 1.000000
   106   12   15 1.000000
   106   12   16 1.000000
   106   12   17 1.000000
   106   12   18 1.000000
   106   12   19 1.000000
   106   12   20 1.000000
   106   12   21 1.000000
   106   12   22 1.000000
   106   12   23 1.000000
   106   12   24 1.000000
   106   12   25 1.000000
   106   12   26 1.000000
   106   12   27 0.937500
   106   13   14 1.000000
   106   13   15 1.000000
   106   13   16 1.000000
   106   13   17 1.000000
   106   13   18 1.000000
   106   13   19 1.000000
   106   13   20 1.000000
   106   13   21 1.000000
   106   13   22 1.000000
   106   13   23 1.000000
   106   13   24 1.000000
   106   13   25 1.000000
   106   13   26 1.000000
   106   13   27 0.937500
   106   14   15 1.000000
   106   14   16 1.000000
   106   14   17 1.000000
   106   14   18 1.000000
   106   14   19 1.000000
   106   14   20 1.000000
   106   14   21 1.000000
   106   14   22 1.000000
   106   14   23 1.000000
   106   14   24 1.000000
   106   14   25 1.000000
   106   14   26 1.000000
   106   14   27 0.937500
   106   15   16 1.000000
   106   15   17 1.000000
   106   15   18 1.000000
   106   15   19 1.000000
   106   15   20 1.000000
   106   15   21 1.000000
   106   15   22 1.000000
   106   15   23 1.000000
   106   15   24 1.000000
   106   15   25 1.000000
   106   15   26 1.000000
   106   15   27 0.937500
   106   16   17 1.000000
   106   16   18 1.000000
   106   16   19 1.000000
   106   16   20 1.000000
   106   16   21 1.000000
   106   16   22 1.000000
   106   16   23 1.000000
   106   16   24 1.000000
   106   16   25 1.000000
   106   16   26 1.000000
   106   16   27 0.937500
   106   17   18 1.000000
   106   17   19 1.000000
   106   17   20 1.000000
   106   17   21 1.000000
   106   17   22 1.000000
   106   17   23 1.000000
   106   17   24 1.000000
   106   17   25 1.000000
   106   17   26 1.000000
   106   17   27 0.937500
   106   18   19 1.000000
   106   18   20 1.000000
   106   18   21 1.000000
   106   18   22 1.000000
   106   18   23 1.000000
   106   18   24 1.000000
   106   18   25 1.000000
   106   18   26 1.000000
   106   18   27 0.937500
   106   19   20 1.000000
   106   19   21 1.000000
   106   19   22 1.000000
   106   19   23 1.000000
   106   19   24 1.000000
   106   19   25 1.000000
   106   19   26 1.000000
   106   19   27 0.937500
   106   20   21 1.000000
   106   20   22 1.000000
   106   20   23 1.000000
   106   20   24 1.000000
   106   20   25 1.000000
   106   20   26 1.000000
   106   20   27 0.937500
   106   21   22 1.000000
   106   21   23 1.000000
   106   21   24 1.000000
   106   21   25 1.000000
   106   21   26 1.000000
   106   21   27 0.937500
   106   22   23 1.000000
   106   22   24 1.000000
   106   22   25 1.000000
   106   22   26 1.000000
   106   22   27 0.937500
   106   23   24 1.000000
   106   23   25 1.000000
   106   23   26 1.000000
   106   23   27 0.937500
   106   24   25 1.000000
   106   24   26 1.000000
   106   24   27 0.937500
   106   25   26 1.000000
   106   25   27 0.937500
   106   26   27 0.937500
   107    1    2 1.000000
   107    1    3 1.000000
   107    1    4 1.000000
   107    1    5 1.000000
   107    1    6 1.000000
   107    1    7 1.000000
   107    1    8 1.000000
   107    1    9 1.000000
   107    1   10 1.000000
   107    1   11 1.000000
   107    1   12 1.000000
   107    1   13 1.000000
   107    1   14 1.000000
   107    1   15 1.000000
   107    1   16 1.000000
   107    1   17 1.000000
   107    1   18 1.000000
   107    1   19 1.000000
   107    1   20 1.000000
   107    1   21 1.000000
   107    1   22 1.000000
   107    1   23 1.000000
   107    1   24 1.000000
   107    1   25 1.000000
   107    1   26 1.000000
   107    1   27 0.937500
   107    2    3 1.000000
   107    2    4 1.000000
   107    2    5 1.000000
   107    2    6 1.000000
   107    2    7 1.000000
   107    2    8 1.000000
   107    2    9 1.000000
   107    2   10 1.000000
   107    2   11 1.000000
   107    2   12 1.000000
   107    2   13 1.000000
   107    2   14 1.000000
   107    2   15 1.000000
   107    2   16 1.000000
   107    2   17 1.000000
   107    2   18 1.000000
   107    2   19 1.000000
   107    2   20 1.000000
   107    2   21 1.000000
   107    2   22 1.000000
   107    2   23 1.000000
   107    2   24 1.000000
   107    2   25 1.000000
   107    2   26 1.000000
   107    2   27 0.937500
   107    3    4 1.000000
   107    3    5 1.000000
   107    3    6 1.000000
   107    3    7 1.000000
   107    3    8 1.000000
   107    3    9 1.000000
   107    3   10 1.000000
   107    3   11 1.000000
   107    3   12 1.000000
   107    3   13 1.000000
   107    3   14 1.000000
   107    3   15 1.000000
   107    3   16 1.000000
   107    3   17 1.000000
   107    3   18 1.000000
   107    3   19 1.000000
   107    3   20 1.000000
   107    3   21 1.000000
   107    3   22 1.000000
   107    3   23 1.000000
   107    3   24 1.000000
   107    3   25 1.000000
   107    3   26 1.000000
   107    3   27 0.937500
   107    4    5 1.000000
   107    4    6 1.000000
   107    4    7 1.000000
   107    4    8 1.000000
   107    4    9 1.000000
   107    4   10 1.000000
   107    4   11 1.000000
   107    4   12 1.000000
   107    4   13 1.000000
   107    4   14 1.000000
   107    4   15 1.000000
   107    4   16 1.000000
   107    4   17 1.000000
   107    4   18 1.000000
   107    4   19 1.000000
   107    4   20 1.000000
   107    4   21 1.000000
   107    4   22 1.000000
   107    4   23 1.000000
   107    4   24 1.000000
   107    4   25 1.000000
   107    4   26 1.000000
   107    4   27 0.937500
   107    5    6 1.000000
   107    5    7 1.000000
   107    5    8 1.000000
   107    5    9 1.000000
   107    5   10 1.000000
   107    5   11 1.000000
   107    5   12 1.000000
   107    5   13 1.000000
   107    5   14 1.000000
   107    5   15 1.000000
   107    5   16 1.000000
   107    5   17 1.000000
   107    5   18 1.000000
   107    5   19 1.000000
   107    5   20 1.000000
   107    5   21 1.000000
   107    5   22 1.000000
   107    5   23 1.000000
   107    5   24 1.000000
   107    5   25 1.000000
   107    5   26 1.000000
   107    5   27 0.937500
   107    6    7 1.000000
   107    6    8 1.000000
   107    6    9 1.000000
   107    6   10 1.000000
   107    6   11 1.000000
   107    6   12 1.000000
   107    6   13 1.000000
   107    6   14 1.000000
   107    6   15 1.000000
   107    6   16 1.000000
   107    6   17 1.000000
   107    6   18 1.000000
   107    6   19 1.000000
   107    6   20 1.000000
   107    6   21 1.000000
   107    6   22 1.000000
   107    6   23 1.000000
   107    6   24 1.000000
   107    6   25 1.000000
   107    6   26 1.000000
   107    6   27 0.937500
   107    7    8 1.000000
   107    7    9 1.000000
   107    7   10 1.000000
   107    7   11 1.000000
   107    7   12 1.000000
   107    7   13 1.000000
   107    7   14 1.000000
   107    7   15 1.000000
   107    7   16 1.000000
   107    7   17 1.000000
   107    7   18 1.000000
   107    7   19 1.000000
   107    7   20 1.000000
   107    7   21 1.000000
   107    7   22 1.000000
   107    7   23 1.000000
   107    7   24 1.000000
   107    7   25 1.000000
   107    7   26 1.000000
   107    7   27 0.937500
   107    8    9 1.000000
   107    8   10 1.000000
   107    8   11 1.000000
   107    8   12 1.000000
   107    8   13 1.000000
   107    8   14 1.000000
   107    8   15 1.000000
   107    8   16 1.000000
   107    8   17 1.000000
   107    8   18 1.000000
   107    8   19 1.000000
   107    8   20 1.000000
   107    8   21 1.000000
   107    8   22 1.000000
   107    8   23 1.000000
   107    8   24 1.000000
   107    8   25 1.000000
   107    8   26 1.000000
   107    8   27 0.937500
   107    9   10 1.000000
   107    9   11 1.000000
   107    9   12 1.000000
   107    9   13 1.000000
   107    9   14 1.000000
   107    9   15 1.000000
   107    9   16 1.000000
   107    9   17 1.000000
   107    9   18 1.000000
   107    9   19 1.000000
   107    9   20 1.000000
   107    9   21 1.000000
   107    9   22 1.000000
   107    9   23 1.000000
   107    9   24 1.000000
   107    9   25 1.000000
   107    9   26 1.000000
   107    9   27 0.937500
   107   10   11 1.000000
   107   10   12 1.000000
   107   10   13 1.000000
   107   10   14 1.000000
   107   10   15 1.000000
   107   10   16 1.000000
   107   10   17 1.000000
   107   10   18 1.000000
   107   10   19 1.000000
   107   10   20 1.000000
   107   10   21 1.000000
   107   10   22 1.000000
   107   10   23 1.000000
   107   10   24 1.000000
   107   10   25 1.000000
   107   10   26 1.000000
   107   10   27 0.937500
   107   11   12 1.000000
   107   11   13 1.000000
   107   11   14 1.000000
   107   11   15 1.000000
   107   11   16 1.000000
   107   11   17 1.000000
   107   11   18 1.000000
   107   11   19 1.000000
   107   11   20 1.000000
   107   11   21 1.000000
   107   11   22 1.000000
   107   11   23 1.000000
   107   11   24 1.000000
   107   11   25 1.000000
   107   11   26 1.000000
   107   11   27 0.937500
   107   12   13 1.000000
   107   12   14 1.000000
   107   12   15 1.000000
   107   12   16 1.000000
   107   12   17 1.000000
   107   12   18 1.000000
   107   12   19 1.000000
   107   12   20 1.000000
   107   12   21 1.000000
   107   12   22 1.000000
   107   12   23 1.000000
   107   12   24 1.000000
   107   12   25 1.000000
   107   12   26 1.000000
   107   12   27 0.937500
   107   13   14 1.000000
   107   13   15 1.000000
   107   13   16 1.000000
   107   13   17 1.000000
   107   13   18 1.000000
   107   13   19 1.000000
   107   13   20 1.000000
   107   13   21 1.000000
   107   13   22 1.000000
   107   13   23 1.000000
   107   13   24 1.000000
   107   13   25 1.000000
   107   13   26 1.000000
   107   13   27 0.937500
   107   14   15 1.000000
   107   14   16 1.000000
   107   14   17 1.000000
   107   14   18 1.000000
   107   14   19 1.000000
   107   14   20 1.000000
   107   14   21 1.000000
   107   14   22 1.000000
   107   14   23 1.000000
   107   14   24 1.000000
   107   14   25 1.000000
   107   14   26 1.000000
   107   14   27 0.937500
   107   15   16 1.000000
   107   15   17 1.000000
   107   15   18 1.000000
   107   15   19 1.000000
   107   15   20 1.000000
   107   15   21 1.000000
   107   15   22 1.000000
   107   15   23 1.000000
   107   15   24 1.000000
   107   15   25 1.000000
   107   15   26 1.000000
   107   15   27 0.937500
   107   16   17 1.000000
   107   16   18 1.000000
   107   16   19 1.000000
   107   16   20 1.000000
   107   16   21 1.000000
   107   16   22 1.000000
   107   16   23 1.000000
   107   16   24 1.000000
   107   16   25 1.000000
   107   16   26 1.000000
   107   16   27 0.937500
   107   17   18 1.000000
   107   17   19 1.000000
   107   17   20 1.000000
   107   17   21 1.000000
   107   17   22 1.000000
   107   17   23 1.000000
   107   17   24 1.000000
   107   17   25 1.000000
   107   17   26 1.000000
   107   17   27 0.937500
   107   18   19 1.000000
   107   18   20 1.000000
   107   18   21 1.000000
   107   18   22 1.000000
   107   18   23 1.000000
   107   18   24 1.000000
   107   18   25 1.000000
   107   18   26 1.000000
   107   18   27 0.937500
   107   19   20 1.000000
   107   19   21 1.000000
   107   19   22 1.000000
   107   19   23 1.000000
   107   19   24 1.000000
   107   19   25 1.000000
   107   19   26 1.000000
   107   19   27 0.937500
   107   20   21 1.000000
   107   20   22 1.000000
   107   20   23 1.000000
   107   20   24 1.000000
   107   20   25 1.000000
   107   20   26 1.000000
   107   20   27 0.937500
   107   21   22 1.000000
   107   21   23 1.000000
   107   21   24 1.000000
   107   21   25 1.000000
   107   21   26 1.000000
   107   21   27 0.937500
   107   22   23 1.000000
   107   22   24 1.000000
   107   22   25 1.000000
   107   22   26 1.000000
   107   22   27 0.937500
   107   23   24 1.000000
   107   23   25 1.000000
   107   23   26 1.000000
   107   23   27 0.937500
   107   24   25 1.000000
   107   24   26 1.000000
   107   24   27 0.937500
   107   25   26 1.000000
   107   25   27 0.937500
   107   26   27 0.937500
   108    1    2 1.000000
   108    1    3 1.000000
   108    1    4 1.000000
   108    1    5 1.000000
   108    1    6 1.000000
   108    1    7 1.000000
   108    1    8 1.000000
   108    1    9 1.000000
   108    1   10 1.000000
   108    1   11 1.000000
   108    1   12 1.000000
   108    1   13 1.000000
   108    1   14 1.000000
   108    1   15 1.000000
   108    1   16 1.000000
   108    1   17 1.000000
   108    1   18 1.000000
   108    1   19 1.000000
   108    1   20 1.000000
   108    1   21 1.000000
   108    1   22 1.000000
   108    1   23 1.000000
   108    1   24 1.000000
   108    1   25 1.000000
   108    1   26 1.000000
   108    1   27 0.937500
   108    2    3 1.000000
   108    2    4 1.000000
   108    2    5 1.000000
   108    2    6 1.000000
   108    2    7 1.000000
   108    2    8 1.000000
   108    2    9 1.000000
   108    2   10 1.000000
   108    2   11 1.000000
   108    2   12 1.000000
   108    2   13 1.000000
   108    2   14 1.000000
   108    2   15 1.000000
   108    2   16 1.000000
   108    2   17 1.000000
   108    2   18 1.000000
   108    2   19 1.000000
   108    2   20 1.000000
   108    2   21 1.000000
   108    2   22 1.000000
   108    2   23 1.000000
   108    2   24 1.000000
   108    2   25 1.000000
   108    2   26 1.000000
   108    2   27 0.937500
   108    3    4 1.000000
   108    3    5 1.000000
   108    3    6 1.000000
   108    3    7 1.000000
   108    3    8 1.000000
   108    3    9 1.000000
   108    3   10 1.000000
   108    3   11 1.000000
   108    3   12 1.000000
   108    3   13 1.000000
   108    3   14 1.000000
   108    3   15 1.000000
   108    3   16 1.000000
   108    3   17 1.000000
   108    3   18 1.000000
   108    3   19 1.000000
   108    3   20 1.000000
   108    3   21 1.000000
   108    3   22 1.000000
   108    3   23 1.000000
   108    3   24 1.000000
   108    3   25 1.000000
   108    3   26 1.000000
   108    3   27 0.937500
   108    4    5 1.000000
   108    4    6 1.000000
   108    4    7 1.000000
   108    4    8 1.000000
   108    4    9 1.000000
   108    4   10 1.000000
   108    4   11 1.000000
   108    4   12 1.000000
   108    4   13 1.000000
   108    4   14 1.000000
   108    4   15 1.000000
   108    4   16 1.000000
   108    4   17 1.000000
   108    4   18 1.000000
   108    4   19 1.000000
   108    4   20 1.000000
   108    4   21 1.000000
   108    4   22 1.000000
   108    4   23 1.000000
   108    4   24 1.000000
   108    4   25 1.000000
   108    4   26 1.000000
   108    4   27 0.937500
   108    5    6 1.000000
   108    5    7 1.000000
   108    5    8 1.000000
   108    5    9 1.000000
   108    5   10 1.000000
   108    5   11 1.000000
   108    5   12 1.000000
   108    5   13 1.000000
   108    5   14 1.000000
   108    5   15 1.000000
   108    5   16 1.000000
   108    5   17 1.000000
   108    5   18 1.000000
   108    5   19 1.000000
   108    5   20 1.000000
   108    5   21 1.000000
   108    5   22 1.000000
   108    5   23 1.000000
   108    5   24 1.000000
   108    5   25 1.000000
   108    5   26 1.000000
   108    5   27 0.937500
   108    6    7 1.000000
   108    6    8 1.000000
   108    6    9 1.000000
   108    6   10 1.000000
   108    6   11 1.000000
   108    6   12 1.000000
   108    6   13 1.000000
   108    6   14 1.000000
   108    6   15 1.000000
   108    6   16 1.000000
   108    6   17 1.000000
   108    6   18 1.000000
   108    6   19 1.000000
   108    6   20 1.000000
   108    6   21 1.000000
   108    6   22 1.000000
   108    6   23 1.000000
   108    6   24 1.000000
   108    6   25 1.000000
   108    6   26 1.000000
   108    6   27 0.937500
   108    7    8 1.000000
   108    7    9 1.000000
   108    7   10 1.000000
   108    7   11 1.000000
   108    7   12 1.000000
   108    7   13 1.000000
   108    7   14 1.000000
   108    7   15 1.000000
   108    7   16 1.000000
   108    7   17 1.000000
   108    7   18 1.000000
   108    7   19 1.000000
   108    7   20 1.000000
   108    7   21 1.000000
   108    7   22 1.000000
   108    7   23 1.000000
   108    7   24 1.000000
   108    7   25 1.000000
   108    7   26 1.000000
   108    7   27 0.937500
   108    8    9 1.000000
   108    8   10 1.000000
   108    8   11 1.000000
   108    8   12 1.000000
   108    8   13 1.000000
   108    8   14 1.000000
   108    8   15 1.000000
   108    8   16 1.000000
   108    8   17 1.000000
   108    8   18 1.000000
   108    8   19 1.000000
   108    8   20 1.000000
   108    8   21 1.000000
   108    8   22 1.000000
   108    8   23 1.000000
   108    8   24 1.000000
   108    8   25 1.000000
   108    8   26 1.000000
   108    8   27 0.937500
   108    9   10 1.000000
   108    9   11 1.000000
   108    9   12 1.000000
   108    9   13 1.000000
   108    9   14 1.000000
   108    9   15 1.000000
   108    9   16 1.000000
   108    9   17 1.000000
   108    9   18 1.000000
   108    9   19 1.000000
   108    9   20 1.000000
   108    9   21 1.000000
   108    9   22 1.000000
   108    9   23 1.000000
   108    9   24 1.000000
   108    9   25 1.000000
   108    9   26 1.000000
   108    9   27 0.937500
   108   10   11 1.000000
   108   10   12 1.000000
   108   10   13 1.000000
   108   10   14 1.000000
   108   10   15 1.000000
   108   10   16 1.000000
   108   10   17 1.000000
   108   10   18 1.000000
   108   10   19 1.000000
   108   10   20 1.000000
   108   10   21 1.000000
   108   10   22 1.000000
   108   10   23 1.000000
   108   10   24 1.000000
   108   10   25 1.000000
   108   10   26 1.000000
   108   10   27 0.937500
   108   11   12 1.000000
   108   11   13 1.000000
   108   11   14 1.000000
   108   11   15 1.000000
   108   11   16 1.000000
   108   11   17 1.000000
   108   11   18 1.000000
   108   11   19 1.000000
   108   11   20 1.000000
   108   11   21 1.000000
   108   11   22 1.000000
   108   11   23 1.000000
   108   11   24 1.000000
   108   11   25 1.000000
   108   11   26 1.000000
   108   11   27 0.937500
   108   12   13 1.000000
   108   12   14 1.000000
   108   12   15 1.000000
   108   12   16 1.000000
   108   12   17 1.000000
   108   12   18 1.000000
   108   12   19 1.000000
   108   12   20 1.000000
   108   12   21 1.000000
   108   12   22 1.000000
   108   12   23 1.000000
   108   12   24 1.000000
   108   12   25 1.000000
   108   12   26 1.000000
   108   12   27 0.937500
   108   13   14 1.000000
   108   13   15 1.000000
   108   13   16 1.000000
   108   13   17 1.000000
   108   13   18 1.000000
   108   13   19 1.000000
   108   13   20 1.000000
   108   13   21 1.000000
   108   13   22 1.000000
   108   13   23 1.000000
   108   13   24 1.000000
   108   13   25 1.000000
   108   13   26 1.000000
   108   13   27 0.937500
   108   14   15 1.000000
   108   14   16 1.000000
   108   14   17 1.000000
   108   14   18 1.000000
   108   14   19 1.000000
   108   14   20 1.000000
   108   14   21 1.000000
   108   14   22 1.000000
   108   14   23 1.000000
   108   14   24 1.000000
   108   14   25 1.000000
   108   14   26 1.000000
   108   14   27 0.937500
   108   15   16 1.000000
   108   15   17 1.000000
   108   15   18 1.000000
   108   15   19 1.000000
   108   15   20 1.000000
   108   15   21 1.000000
   108   15   22 1.000000
   108   15   23 1.000000
   108   15   24 1.000000
   108   15   25 1.000000
   108   15   26 1.000000
   108   15   27 0.937500
   108   16   17 1.000000
   108   16   18 1.000000
   108   16   19 1.000000
   108   16   20 1.000000
   108   16   21 1.000000
   108   16   22 1.000000
   108   16   23 1.000000
   108   16   24 1.000000
   108   16   25 1.000000
   108   16   26 1.000000
   108   16   27 0.937500
   108   17   18 1.000000
   108   17   19 1.000000
   108   17   20 1.000000
   108   17   21 1.000000
   108   17   22 1.000000
   108   17   23 1.000000
   108   17   24 1.000000
   108   17   25 1.000000
   108   17   26 1.000000
   108   17   27 0.937500
   108   18   19 1.000000
   108   18   20 1.000000
   108   18   21 1.000000
   108   18   22 1.000000
   108   18   23 1.000000
   108   18   24 1.000000
   108   18   25 1.000000
   108   18   26 1.000000
   108   18   27 0.937500
   108   19   20 1.000000
   108   19   21 1.000000
   108   19   22 1.000000
   108   19   23 1.000000
   108   19   24 1.000000
   108   19   25 1.000000
   108   19   26 1.000000
   108   19   27 0.937500
   108   20   21 1.000000
   108   20   22 1.000000
   108   20   23 1.000000
   108   20   24 1.000000
   108   20   25 1.000000
   108   20   26 1.000000
   108   20   27 0.937500
   108   21   22 1.000000
   108   21   23 1.000000
   108   21   24 1.000000
   108   21   25 1.000000
   108   21   26 1.000000
   108   21   27 0.937500
   108   22   23 1.000000
   108   22   24 1.000000
   108   22   25 1.000000
   108   22   26 1.000000
   108   22   27 0.937500
   108   23   24 1.000000
   108   23   25 1.000000
   108   23   26 1.000000
   108   23   27 0.937500
   108   24   25 1.000000
   108   24   26 1.000000
   108   24   27 0.937500
   108   25   26 1.000000
   108   25   27 0.937500
   108   26   27 0.937500
   109    1    2 1.000000
   109    1    3 1.000000
   109    1    4 1.000000
   109    1    5 1.000000
   109    1    6 1.000000
   109    1    7 1.000000
   109    1    8 1.000000
   109    1    9 1.000000
   109    1   10 1.000000
   109    1   11 1.000000
   109    1   12 1.000000
   109    1   13 1.000000
   109    1   14 1.000000
   109    1   15 1.000000
   109    1   16 1.000000
   109    1   17 1.000000
   109    1   18 1.000000
   109    1   19 1.000000
   109    1   20 1.000000
   109    1   21 1.000000
   109    1   22 1.000000
   109    1   23 1.000000
   109    1   24 1.000000
   109    1   25 1.000000
   109    1   26 1.000000
   109    1   27 0.937500
   109    2    3 1.000000
   109    2    4 1.000000
   109    2    5 1.000000
   109    2    6 1.000000
   109    2    7 1.000000
   109    2    8 1.000000
   109    2    9 1.000000
   109    2   10 1.000000
   109    2   11 1.000000
   109    2   12 1.000000
   109    2   13 1.000000
   109    2   14 1.000000
   109    2   15 1.000000
   109    2   16 1.000000
   109    2   17 1.000000
   109    2   18 1.000000
   109    2   19 1.000000
   109    2   20 1.000000
   109    2   21 1.000000
   109    2   22 1.000000
   109    2   23 1.000000
   109    2   24 1.000000
   109    2   25 1.000000
   109    2   26 1.000000
   109    2   27 0.937500
   109    3    4 1.000000
   109    3    5 1.000000
   109    3    6 1.000000
   109    3    7 1.000000
   109    3    8 1.000000
   109    3    9 1.000000
   109    3   10 1.000000
   109    3   11 1.000000
   109    3   12 1.000000
   109    3   13 1.000000
   109    3   14 1.000000
   109    3   15 1.000000
   109    3   16 1.000000
   109    3   17 1.000000
   109    3   18 1.000000
   109    3   19 1.000000
   109    3   20 1.000000
   109    3   21 1.000000
   109    3   22 1.000000
   109    3   23 1.000000
   109    3   24 1.000000
   109    3   25 1.000000
   109    3   26 1.000000
   109    3   27 0.937500
   109    4    5 1.000000
   109    4    6 1.000000
   109    4    7 1.000000
   109    4    8 1.000000
   109    4    9 1.000000
   109    4   10 1.000000
   109    4   11 1.000000
   109    4   12 1.000000
   109    4   13 1.000000
   109    4   14 1.000000
   109    4   15 1.000000
   109    4   16 1.000000
   109    4   17 1.000000
   109    4   18 1.000000
   109    4   19 1.000000
   109    4   20 1.000000
   109    4   21 1.000000
   109    4   22 1.000000
   109    4   23 1.000000
   109    4   24 1.000000
   109    4   25 1.000000
   109    4   26 1.000000
   109    4   27 0.937500
   109    5    6 1.000000
   109    5    7 1.000000
   109    5    8 1.000000
   109    5    9 1.000000
   109    5   10 1.000000
   109    5   11 1.000000
   109    5   12 1.000000
   109    5   13 1.000000
   109    5   14 1.000000
   109    5   15 1.000000
   109    5   16 1.000000
   109    5   17 1.000000
   109    5   18 1.000000
   109    5   19 1.000000
   109    5   20 1.000000
   109    5   21 1.000000
   109    5   22 1.000000
   109    5   23 1.000000
   109    5   24 1.000000
   109    5   25 1.000000
   109    5   26 1.000000
   109    5   27 0.937500
   109    6    7 1.000000
   109    6    8 1.000000
   109    6    9 1.000000
   109    6   10 1.000000
   109    6   11 1.000000
   109    6   12 1.000000
   109    6   13 1.000000
   109    6   14 1.000000
   109    6   15 1.000000
   109    6   16 1.000000
   109    6   17 1.000000
   109    6   18 1.000000
   109    6   19 1.000000
   109    6   20 1.000000
   109    6   21 1.000000
   109    6   22 1.000000
   109    6   23 1.000000
   109    6   24 1.000000
   109    6   25 1.000000
   109    6   26 1.000000
   109    6   27 0.937500
   109    7    8 1.000000
   109    7    9 1.000000
   109    7   10 1.000000
   109    7   11 1.000000
   109    7   12 1.000000
   109    7   13 1.000000
   109    7   14 1.000000
   109    7   15 1.000000
   109    7   16 1.000000
   109    7   17 1.000000
   109    7   18 1.000000
   109    7   19 1.000000
   109    7   20 1.000000
   109    7   21 1.000000
   109    7   22 1.000000
   109    7   23 1.000000
   109    7   24 1.000000
   109    7   25 1.000000
   109    7   26 1.000000
   109    7   27 0.937500
   109    8    9 1.000000
   109    8   10 1.000000
   109    8   11 1.000000
   109    8   12 1.000000
   109    8   13 1.000000
   109    8   14 1.000000
   109    8   15 1.000000
   109    8   16 1.000000
   109    8   17 1.000000
   109    8   18 1.000000
   109    8   19 1.000000
   109    8   20 1.000000
   109    8   21 1.000000
   109    8   22 1.000000
   109    8   23 1.000000
   109    8   24 1.000000
   109    8   25 1.000000
   109    8   26 1.000000
   109    8   27 0.937500
   109    9   10 1.000000
   109    9   11 1.000000
   109    9   12 1.000000
   109    9   13 1.000000
   109    9   14 1.000000
   109    9   15 1.000000
   109    9   16 1.000000
   109    9   17 1.000000
   109    9   18 1.000000
   109    9   19 1.000000
   109    9   20 1.000000
   109    9   21 1.000000
   109    9   22 1.000000
   109    9   23 1.000000
   109    9   24 1.000000
   109    9   25 1.000000
   109    9   26 1.000000
   109    9   27 0.937500
   109   10   11 1.000000
   109   10   12 1.000000
   109   10   13 1.000000
   109   10   14 1.000000
   109   10   15 1.000000
   109   10   16 1.000000
   109   10   17 1.000000
   109   10   18 1.000000
   109   10   19 1.000000
   109   10   20 1.000000
   109   10   21 1.000000
   109   10   22 1.000000
   109   10   23 1.000000
   109   10   24 1.000000
   109   10   25 1.000000
   109   10   26 1.000000
   109   10   27 0.937500
   109   11   12 1.000000
   109   11   13 1.000000
   109   11   14 1.000000
   109   11   15 1.000000
   109   11   16 1.000000
   109   11   17 1.000000
   109   11   18 1.000000
   109   11   19 1.000000
   109   11   20 1.000000
   109   11   21 1.000000
   109   11   22 1.000000
   109   11   23 1.000000
   109   11   24 1.000000
   109   11   25 1.000000
   109   11   26 1.000000
   109   11   27 0.937500
   109   12   13 1.000000
   109   12   14 1.000000
   109   12   15 1.000000
   109   12   16 1.000000
   109   12   17 1.000000
   109   12   18 1.000000
   109   12   19 1.000000
   109   12   20 1.000000
   109   12   21 1.000000
   109   12   22 1.000000
   109   12   23 1.000000
   109   12   24 1.000000
   109   12   25 1.000000
   109   12   26 1.000000
   109   12   27 0.937500
   109   13   14 1.000000
   109   13   15 1.000000
   109   13   16 1.000000
   109   13   17 1.000000
   109   13   18 1.000000
   109   13   19 1.000000
   109   13   20 1.000000
   109   13   21 1.000000
   109   13   22 1.000000
   109   13   23 1.000000
   109   13   24 1.000000
   109   13   25 1.000000
   109   13   26 1.000000
   109   13   27 0.937500
   109   14   15 1.000000
   109   14   16 1.000000
   109   14   17 1.000000
   109   14   18 1.000000
   109   14   19 1.000000
   109   14   20 1.000000
   109   14   21 1.000000
   109   14   22 1.000000
   109   14   23 1.000000
   109   14   24 1.000000
   109   14   25 1.000000
   109   14   26 1.000000
   109   14   27 0.937500
   109   15   16 1.000000
   109   15   17 1.000000
   109   15   18 1.000000
   109   15   19 1.000000
   109   15   20 1.000000
   109   15   21 1.000000
   109   15   22 1.000000
   109   15   23 1.000000
   109   15   24 1.000000
   109   15   25 1.000000
   109   15   26 1.000000
   109   15   27 0.937500
   109   16   17 1.000000
   109   16   18 1.000000
   109   16   19 1.000000
   109   16   20 1.000000
   109   16   21 1.000000
   109   16   22 1.000000
   109   16   23 1.000000
   109   16   24 1.000000
   109   16   25 1.000000
   109   16   26 1.000000
   109   16   27 0.937500
   109   17   18 1.000000
   109   17   19 1.000000
   109   17   20 1.000000
   109   17   21 1.000000
   109   17   22 1.000000
   109   17   23 1.000000
   109   17   24 1.000000
   109   17   25 1.000000
   109   17   26 1.000000
   109   17   27 0.937500
   109   18   19 1.000000
   109   18   20 1.000000
   109   18   21 1.000000
   109   18   22 1.000000
   109   18   23 1.000000
   109   18   24 1.000000
   109   18   25 1.000000
   109   18   26 1.000000
   109   18   27 0.937500
   109   19   20 1.000000
   109   19   21 1.000000
   109   19   22 1.000000
   109   19   23 1.000000
   109   19   24 1.000000
   109   19   25 1.000000
   109   19   26 1.000000
   109   19   27 0.937500
   109   20   21 1.000000
   109   20   22 1.000000
   109   20   23 1.000000
   109   20   24 1.000000
   109   20   25 1.000000
   109   20   26 1.000000
   109   20   27 0.937500
   109   21   22 1.000000
   109   21   23 1.000000
   109   21   24 1.000000
   109   21   25 1.000000
   109   21   26 1.000000
   109   21   27 0.937500
   109   22   23 1.000000
   109   22   24 1.000000
   109   22   25 1.000000
   109   22   26 1.000000
   109   22   27 0.937500
   109   23   24 1.000000
   109   23   25 1.000000
   109   23   26 1.000000
   109   23   27 0.937500
   109   24   25 1.000000
   109   24   26 1.000000
   109   24   27 0.937500
   109   25   26 1.000000
   109   25   27 0.937500
   109   26   27 0.937500
   110    1    2 1.000000
   110    1    3 1.000000
   110    1    4 1.000000
   110    1    5 1.000000
   110    1    6 1.000000
   110    1    7 1.000000
   110    1    8 1.000000
   110    1    9 1.000000
   110    1   10 1.000000
   110    1   11 1.000000
   110    1   12 1.000000
   110    1   13 1.000000
   110    1   14 1.000000
   110    1   15 1.000000
   110    1   16 1.000000
   110    1   17 1.000000
   110    1   18 1.000000
   110    1   19 1.000000
   110    1   20 1.000000
   110    1   21 1.000000
   110    1   22 1.000000
   110    1   23 1.000000
   110    1   24 1.000000
   110    1   25 1.000000
   110    1   26 1.000000
   110    1   27 0.937500
   110    2    3 1.000000
   110    2    4 1.000000
   110    2    5 1.000000
   110    2    6 1.000000
   110    2    7 1.000000
   110    2    8 1.000000
   110    2    9 1.000000
   110    2   10 1.000000
   110    2   11 1.000000
   110    2   12 1.000000
   110    2   13 1.000000
   110    2   14 1.000000
   110    2   15 1.000000
   110    2   16 1.000000
   110    2   17 1.000000
   110    2   18 1.000000
   110    2   19 1.000000
   110    2   20 1.000000
   110    2   21 1.000000
   110    2   22 1.000000
   110    2   23 1.000000
   110    2   24 1.000000
   110    2   25 1.000000
   110    2   26 1.000000
   110    2   27 0.937500
   110    3    4 1.000000
   110    3    5 1.000000
   110    3    6 1.000000
   110    3    7 1.000000
   110    3    8 1.000000
   110    3    9 1.000000
   110    3   10 1.000000
   110    3   11 1.000000
   110    3   12 1.000000
   110    3   13 1.000000
   110    3   14 1.000000
   110    3   15 1.000000
   110    3   16 1.000000
   110    3   17 1.000000
   110    3   18 1.000000
   110    3   19 1.000000
   110    3   20 1.000000
   110    3   21 1.000000
   110    3   22 1.000000
   110    3   23 1.000000
   110    3   24 1.000000
   110    3   25 1.000000
   110    3   26 1.000000
   110    3   27 0.937500
   110    4    5 1.000000
   110    4    6 1.000000
   110    4    7 1.000000
   110    4    8 1.000000
   110    4    9 1.000000
   110    4   10 1.000000
   110    4   11 1.000000
   110    4   12 1.000000
   110    4   13 1.000000
   110    4   14 1.000000
   110    4   15 1.000000
   110    4   16 1.000000
   110    4   17 1.000000
   110    4   18 1.000000
   110    4   19 1.000000
   110    4   20 1.000000
   110    4   21 1.000000
   110    4   22 1.000000
   110    4   23 1.000000
   110    4   24 1.000000
   110    4   25 1.000000
   110    4   26 1.000000
   110    4   27 0.937500
   110    5    6 1.000000
   110    5    7 1.000000
   110    5    8 1.000000
   110    5    9 1.000000
   110    5   10 1.000000
   110    5   11 1.000000
   110    5   12 1.000000
   110    5   13 1.000000
   110    5   14 1.000000
   110    5   15 1.000000
   110    5   16 1.000000
   110    5   17 1.000000
   110    5   18 1.000000
   110    5   19 1.000000
   110    5   20 1.000000
   110    5   21 1.000000
   110    5   22 1.000000
   110    5   23 1.000000
   110    5   24 1.000000
   110    5   25 1.000000
   110    5   26 1.000000
   110    5   27 0.937500
   110    6    7 1.000000
   110    6    8 1.000000
   110    6    9 1.000000
   110    6   10 1.000000
   110    6   11 1.000000
   110    6   12 1.000000
   110    6   13 1.000000
   110    6   14 1.000000
   110    6   15 1.000000
   110    6   16 1.000000
   110    6   17 1.000000
   110    6   18 1.000000
   110    6   19 1.000000
   110    6   20 1.000000
   110    6   21 1.000000
   110    6   22 1.000000
   110    6   23 1.000000
   110    6   24 1.000000
   110    6   25 1.000000
   110    6   26 1.000000
   110    6   27 0.937500
   110    7    8 1.000000
   110    7    9 1.000000
   110    7   10 1.000000
   110    7   11 1.000000
   110    7   12 1.000000
   110    7   13 1.000000
   110    7   14 1.000000
   110    7   15 1.000000
   110    7   16 1.000000
   110    7   17 1.000000
   110    7   18 1.000000
   110    7   19 1.000000
   110    7   20 1.000000
   110    7   21 1.000000
   110    7   22 1.000000
   110    7   23 1.000000
   110    7   24 1.000000
   110    7   25 1.000000
   110    7   26 1.000000
   110    7   27 0.937500
   110    8    9 1.000000
   110    8   10 1.000000
   110    8   11 1.000000
   110    8   12 1.000000
   110    8   13 1.000000
   110    8   14 1.000000
   110    8   15 1.000000
   110    8   16 1.000000
   110    8   17 1.000000
   110    8   18 1.000000
   110    8   19 1.000000
   110    8   20 1.000000
   110    8   21 1.000000
   110    8   22 1.000000
   110    8   23 1.000000
   110    8   24 1.000000
   110    8   25 1.000000
   110    8   26 1.000000
   110    8   27 0.937500
   110    9   10 1.000000
   110    9   11 1.000000
   110    9   12 1.000000
   110    9   13 1.000000
   110    9   14 1.000000
   110    9   15 1.000000
   110    9   16 1.000000
   110    9   17 1.000000
   110    9   18 1.000000
   110    9   19 1.000000
   110    9   20 1.000000
   110    9   21 1.000000
   110    9   22 1.000000
   110    9   23 1.000000
   110    9   24 1.000000
   110    9   25 1.000000
   110    9   26 1.000000
   110    9   27 0.937500
   110   10   11 1.000000
   110   10   12 1.000000
   110   10   13 1.000000
   110   10   14 1.000000
   110   10   15 1.000000
   110   10   16 1.000000
   110   10   17 1.000000
   110   10   18 1.000000
   110   10   19 1.000000
   110   10   20 1.000000
   110   10   21 1.000000
   110   10   22 1.000000
   110   10   23 1.000000
   110   10   24 1.000000
   110   10   25 1.000000
   110   10   26 1.000000
   110   10   27 0.937500
   110   11   12 1.000000
   110   11   13 1.000000
   110   11   14 1.000000
   110   11   15 1.000000
   110   11   16 1.000000
   110   11   17 1.000000
   110   11   18 1.000000
   110   11   19 1.000000
   110   11   20 1.000000
   110   11   21 1.000000
   110   11   22 1.000000
   110   11   23 1.000000
   110   11   24 1.000000
   110   11   25 1.000000
   110   11   26 1.000000
   110   11   27 0.937500
   110   12   13 1.000000
   110   12   14 1.000000
   110   12   15 1.000000
   110   12   16 1.000000
   110   12   17 1.000000
   110   12   18 1.000000
   110   12   19 1.000000
   110   12   20 1.000000
   110   12   21 1.000000
   110   12   22 1.000000
   110   12   23 1.000000
   110   12   24 1.000000
   110   12   25 1.000000
   110   12   26 1.000000
   110   12   27 0.937500
   110   13   14 1.000000
   110   13   15 1.000000
   110   13   16 1.000000
   110   13   17 1.000000
   110   13   18 1.000000
   110   13   19 1.000000
   110   13   20 1.000000
   110   13   21 1.000000
   110   13   22 1.000000
   110   13   23 1.000000
   110   13   24 1.000000
   110   13   25 1.000000
   110   13   26 1.000000
   110   13   27 0.937500
   110   14   15 1.000000
   110   14   16 1.000000
   110   14   17 1.000000
   110   14   18 1.000000
   110   14   19 1.000000
   110   14   20 1.000000
   110   14   21 1.000000
   110   14   22 1.000000
   110   14   23 1.000000
   110   14   24 1.000000
   110   14   25 1.000000
   110   14   26 1.000000
   110   14   27 0.937500
   110   15   16 1.000000
   110   15   17 1.000000
   110   15   18 1.000000
   110   15   19 1.000000
   110   15   20 1.000000
   110   15   21 1.000000
   110   15   22 1.000000
   110   15   23 1.000000
   110   15   24 1.000000
   110   15   25 1.000000
   110   15   26 1.000000
   110   15   27 0.937500
   110   16   17 1.000000
   110   16   18 1.000000
   110   16   19 1.000000
   110   16   20 1.000000
   110   16   21 1.000000
   110   16   22 1.000000
   110   16   23 1.000000
   110   16   24 1.000000
   110   16   25 1.000000
   110   16   26 1.000000
   110   16   27 0.937500
   110   17   18 1.000000
   110   17   19 1.000000
   110   17   20 1.000000
   110   17   21 1.000000
   110   17   22 1.000000
   110   17   23 1.000000
   110   17   24 1.000000
   110   17   25 1.000000
   110   17   26 1.000000
   110   17   27 0.937500
   110   18   19 1.000000
   110   18   20 1.000000
   110   18   21 1.000000
   110   18   22 1.000000
   110   18   23 1.000000
   110   18   24 1.000000
   110   18   25 1.000000
   110   18   26 1.000000
   110   18   27 0.937500
   110   19   20 1.000000
   110   19   21 1.000000
   110   19   22 1.000000
   110   19   23 1.000000
   110   19   24 1.000000
   110   19   25 1.000000
   110   19   26 1.000000
   110   19   27 0.937500
   110   20   21 1.000000
   110   20   22 1.000000
   110   20   23 1.000000
   110   20   24 1.000000
   110   20   25 1.000000
   110   20   26 1.000000
   110   20   27 0.937500
   110   21   22 1.000000
   110   21   23 1.000000
   110   21   24 1.000000
   110   21   25 1.000000
   110   21   26 1.000000
   110   21   27 0.937500
   110   22   23 1.000000
   110   22   24 1.000000
   110   22   25 1.000000
   110   22   26 1.000000
   110   22   27 0.937500
   110   23   24 1.000000
   110   23   25 1.000000
   110   23   26 1.000000
   110   23   27 0.937500
   110   24   25 1.000000
   110   24   26 1.000000
   110   24   27 0.937500
   110   25   26 1.000000
   110   25   27 0.937500
   110   26   27 0.937500
   111    1    2 1.000000
   111    1    3 1.000000
   111    1    4 1.000000
   111    1    5 1.000000
   111    1    6 1.000000
   111    1    7 1.000000
   111    1    8 1.000000
   111    1    9 1.000000
   111    1   10 1.000000
   111    1   11 1.000000
   111    1   12 1.000000
   111    1   13 1.000000
   111    1   14 1.000000
   111    1   15 1.000000
   111    1   16 1.000000
   111    1   17 1.000000
   111    1   18 1.000000
   111    1   19 1.000000
   111    1   20 1.000000
   111    1   21 1.000000
   111    1   22 1.000000
   111    1   23 1.000000
   111    1   24 1.000000
   111    1   25 1.000000
   111    1   26 1.000000
   111    1   27 0.937500
   111    2    3 1.000000
   111    2    4 1.000000
   111    2    5 1.000000
   111    2    6 1.000000
   111    2    7 1.000000
   111    2    8 1.000000
   111    2    9 1.000000
   111    2   10 1.000000
   111    2   11 1.000000
   111    2   12 1.000000
   111    2   13 1.000000
   111    2   14 1.000000
   111    2   15 1.000000
   111    2   16 1.000000
   111    2   17 1.000000
   111    2   18 1.000000
   111    2   19 1.000000
   111    2   20 1.000000
   111    2   21 1.000000
   111    2   22 1.000000
   111    2   23 1.000000
   111    2   24 1.000000
   111    2   25 1.000000
   111    2   26 1.000000
   111    2   27 0.937500
   111    3    4 1.000000
   111    3    5 1.000000
   111    3    6 1.000000
   111    3    7 1.000000
   111    3    8 1.000000
   111    3    9 1.000000
   111    3   10 1.000000
   111    3   11 1.000000
   111    3   12 1.000000
   111    3   13 1.000000
   111    3   14 1.000000
   111    3   15 1.000000
   111    3   16 1.000000
   111    3   17 1.000000
   111    3   18 1.000000
   111    3   19 1.000000
   111    3   20 1.000000
   111    3   21 1.000000
   111    3   22 1.000000
   111    3   23 1.000000
   111    3   24 1.000000
   111    3   25 1.000000
   111    3   26 1.000000
   111    3   27 0.937500
   111    4    5 1.000000
   111    4    6 1.000000
   111    4    7 1.000000
   111    4    8 1.000000
   111    4    9 1.000000
   111    4   10 1.000000
   111    4   11 1.000000
   111    4   12 1.000000
   111    4   13 1.000000
   111    4   14 1.000000
   111    4   15 1.000000
   111    4   16 1.000000
   111    4   17 1.000000
   111    4   18 1.000000
   111    4   19 1.000000
   111    4   20 1.000000
   111    4   21 1.000000
   111    4   22 1.000000
   111    4   23 1.000000
   111    4   24 1.000000
   111    4   25 1.000000
   111    4   26 1.000000
   111    4   27 0.937500
   111    5    6 1.000000
   111    5    7 1.000000
   111    5    8 1.000000
   111    5    9 1.000000
   111    5   10 1.000000
   111    5   11 1.000000
   111    5   12 1.000000
   111    5   13 1.000000
   111    5   14 1.000000
   111    5   15 1.000000
   111    5   16 1.000000
   111    5   17 1.000000
   111    5   18 1.000000
   111    5   19 1.000000
   111    5   20 1.000000
   111    5   21 1.000000
   111    5   22 1.000000
   111    5   23 1.000000
   111    5   24 1.000000
   111    5   25 1.000000
   111    5   26 1.000000
   111    5   27 0.937500
   111    6    7 1.000000
   111    6    8 1.000000
   111    6    9 1.000000
   111    6   10 1.000000
   111    6   11 1.000000
   111    6   12 1.000000
   111    6   13 1.000000
   111    6   14 1.000000
   111    6   15 1.000000
   111    6   16 1.000000
   111    6   17 1.000000
   111    6   18 1.000000
   111    6   19 1.000000
   111    6   20 1.000000
   111    6   21 1.000000
   111    6   22 1.000000
   111    6   23 1.000000
   111    6   24 1.000000
   111    6   25 1.000000
   111    6   26 1.000000
   111    6   27 0.937500
   111    7    8 1.000000
   111    7    9 1.000000
   111    7   10 1.000000
   111    7   11 1.000000
   111    7   12 1.000000
   111    7   13 1.000000
   111    7   14 1.000000
   111    7   15 1.000000
   111    7   16 1.000000
   111    7   17 1.000000
   111    7   18 1.000000
   111    7   19 1.000000
   111    7   20 1.000000
   111    7   21 1.000000
   111    7   22 1.000000
   111    7   23 1.000000
   111    7   24 1.000000
   111    7   25 1.000000
   111    7   26 1.000000
   111    7   27 0.937500
   111    8    9 1.000000
   111    8   10 1.000000
   111    8   11 1.000000
   111    8   12 1.000000
   111    8   13 1.000000
   111    8   14 1.000000
   111    8   15 1.000000
   111    8   16 1.000000
   111    8   17 1.000000
   111    8   18 1.000000
   111    8   19 1.000000
   111    8   20 1.000000
   111    8   21 1.000000
   111    8   22 1.000000
   111    8   23 1.000000
   111    8   24 1.000000
   111    8   25 1.000000
   111    8   26 1.000000
   111    8   27 0.937500
   111    9   10 1.000000
   111    9   11 1.000000
   111    9   12 1.000000
   111    9   13 1.000000
   111    9   14 1.000000
   111    9   15 1.000000
   111    9   16 1.000000
   111    9   17 1.000000
   111    9   18 1.000000
   111    9   19 1.000000
   111    9   20 1.000000
   111    9   21 1.000000
   111    9   22 1.000000
   111    9   23 1.000000
   111    9   24 1.000000
   111    9   25 1.000000
   111    9   26 1.000000
   111    9   27 0.937500
   111   10   11 1.000000
   111   10   12 1.000000
   111   10   13 1.000000
   111   10   14 1.000000
   111   10   15 1.000000
   111   10   16 1.000000
   111   10   17 1.000000
   111   10   18 1.000000
   111   10   19 1.000000
   111   10   20 1.000000
   111   10   21 1.000000
   111   10   22 1.000000
   111   10   23 1.000000
   111   10   24 1.000000
   111   10   25 1.000000
   111   10   26 1.000000
   111   10   27 0.937500
   111   11   12 1.000000
   111   11   13 1.000000
   111   11   14 1.000000
   111   11   15 1.000000
   111   11   16 1.000000
   111   11   17 1.000000
   111   11   18 1.000000
   111   11   19 1.000000
   111   11   20 1.000000
   111   11   21 1.000000
   111   11   22 1.000000
   111   11   23 1.000000
   111   11   24 1.000000
   111   11   25 1.000000
   111   11   26 1.000000
   111   11   27 0.937500
   111   12   13 1.000000
   111   12   14 1.000000
   111   12   15 1.000000
   111   12   16 1.000000
   111   12   17 1.000000
   111   12   18 1.000000
   111   12   19 1.000000
   111   12   20 1.000000
   111   12   21 1.000000
   111   12   22 1.000000
   111   12   23 1.000000
   111   12   24 1.000000
   111   12   25 1.000000
   111   12   26 1.000000
   111   12   27 0.937500
   111   13   14 1.000000
   111   13   15 1.000000
   111   13   16 1.000000
   111   13   17 1.000000
   111   13   18 1.000000
   111   13   19 1.000000
   111   13   20 1.000000
   111   13   21 1.000000
   111   13   22 1.000000
   111   13   23 1.000000
   111   13   24 1.000000
   111   13   25 1.000000
   111   13   26 1.000000
   111   13   27 0.937500
   111   14   15 1.000000
   111   14   16 1.000000
   111   14   17 1.000000
   111   14   18 1.000000
   111   14   19 1.000000
   111   14   20 1.000000
   111   14   21 1.000000
   111   14   22 1.000000
   111   14   23 1.000000
   111   14   24 1.000000
   111   14   25 1.000000
   111   14   26 1.000000
   111   14   27 0.937500
   111   15   16 1.000000
   111   15   17 1.000000
   111   15   18 1.000000
   111   15   19 1.000000
   111   15   20 1.000000
   111   15   21 1.000000
   111   15   22 1.000000
   111   15   23 1.000000
   111   15   24 1.000000
   111   15   25 1.000000
   111   15   26 1.000000
   111   15   27 0.937500
   111   16   17 1.000000
   111   16   18 1.000000
   111   16   19 1.000000
   111   16   20 1.000000
   111   16   21 1.000000
   111   16   22 1.000000
   111   16   23 1.000000
   111   16   24 1.000000
   111   16   25 1.000000
   111   16   26 1.000000
   111   16   27 0.937500
   111   17   18 1.000000
   111   17   19 1.000000
   111   17   20 1.000000
   111   17   21 1.000000
   111   17   22 1.000000
   111   17   23 1.000000
   111   17   24 1.000000
   111   17   25 1.000000
   111   17   26 1.000000
   111   17   27 0.937500
   111   18   19 1.000000
   111   18   20 1.000000
   111   18   21 1.000000
   111   18   22 1.000000
   111   18   23 1.000000
   111   18   24 1.000000
   111   18   25 1.000000
   111   18   26 1.000000
   111   18   27 0.937500
   111   19   20 1.000000
   111   19   21 1.000000
   111   19   22 1.000000
   111   19   23 1.000000
   111   19   24 1.000000
   111   19   25 1.000000
   111   19   26 1.000000
   111   19   27 0.937500
   111   20   21 1.000000
   111   20   22 1.000000
   111   20   23 1.000000
   111   20   24 1.000000
   111   20   25 1.000000
   111   20   26 1.000000
   111   20   27 0.937500
   111   21   22 1.000000
   111   21   23 1.000000
   111   21   24 1.000000
   111   21   25 1.000000
   111   21   26 1.000000
   111   21   27 0.937500
   111   22   23 1.000000
   111   22   24 1.000000
   111   22   25 1.000000
   111   22   26 1.000000
   111   22   27 0.937500
   111   23   24 1.000000
   111   23   25 1.000000
   111   23   26 1.000000
   111   23   27 0.937500
   111   24   25 1.000000
   111   24   26 1.000000
   111   24   27 0.937500
   111   25   26 1.000000
   111   25   27 0.937500
   111   26   27 0.937500
   112    1    2 1.000000
   112    1    3 1.000000
   112    1    4 1.000000
   112    1    5 1.000000
   112    1    6 1.000000
   112    1    7 1.000000
   112    1    8 1.000000
   112    1    9 1.000000
   112    1   10 1.000000
   112    1   11 1.000000
   112    1   12 1.000000
   112    1   13 1.000000
   112    1   14 1.000000
   112    1   15 1.000000
   112    1   16 1.000000
   112    1   17 1.000000
   112    1   18 1.000000
   112    1   19 1.000000
   112    1   20 1.000000
   112    1   21 1.000000
   112    1   22 1.000000
   112    1   24 1.000000
   112    1   25 1.000000
   112    1   26 1.000000
   112    1   27 0.937500
   112    2    3 1.000000
   112    2    4 1.000000
   112    2    5 1.000000
   112    2    6 1.000000
   112    2    7 1.000000
   112    2    8 1.000000
   112    2    9 1.000000
   112    2   10 1.000000
   112    2   11 1.000000
   112    2   12 1.000000
   112    2   13 1.000000
   112    2   14 1.000000
   112    2   15 1.000000
   112    2   16 1.000000
   112    2   17 1.000000
   112    2   18 1.000000
   112    2   19 1.000000
   112    2   20 1.000000
   112    2   21 1.000000
   112    2   22 1.000000
   112    2   24 1.000000
   112    2   25 1.000000
   112    2   26 1.000000
   112    2   27 0.937500
   112    3    4 1.000000
   112    3    5 1.000000
   112    3    6 1.000000
   112    3    7 1.000000
   112    3    8 1.000000
   112    3    9 1.000000
   112    3   10 1.000000
   112    3   11 1.000000
   112    3   12 1.000000
   112    3   13 1.000000
   112    3   14 1.000000
   112    3   15 1.000000
   112    3   16 1.000000
   112    3   17 1.000000
   112    3   18 1.000000
   112    3   19 1.000000
   112    3   20 1.000000
   112    3   21 1.000000
   112    3   22 1.000000
   112    3   24 1.000000
   112    3   25 1.000000
   112    3   26 1.000000
   112    3   27 0.937500
   112    4    5 1.000000
   112    4    6 1.000000
   112    4    7 1.000000
   112    4    8 1.000000
   112    4    9 1.000000
   112    4   10 1.000000
   112    4   11 1.000000
   112    4   12 1.000000
   112    4   13 1.000000
   112    4   14 1.000000
   112    4   15 1.000000
   112    4   16 1.000000
   112    4   17 1.000000
   112    4   18 1.000000
   112    4   19 1.000000
   112    4   20 1.000000
   112    4   21 1.000000
   112    4   22 1.000000
   112    4   24 1.000000
   112    4   25 1.000000
   112    4   26 1.000000
   112    4   27 0.937500
   112    5    6 1.000000
   112    5    7 1.000000
   112    5    8 1.000000
   112    5    9 1.000000
   112    5   10 1.000000
   112    5   11 1.000000
   112    5   12 1.000000
   112    5   13 1.000000
   112    5   14 1.000000
   112    5   15 1.000000
   112    5   16 1.000000
   112    5   17 1.000000
   112    5   18 1.000000
   112    5   19 1.000000
   112    5   20 1.000000
   112    5   21 1.000000
   112    5   22 1.000000
   112    5   24 1.000000
   112    5   25 1.000000
   112    5   26 1.000000
   112    5   27 0.937500
   112    6    7 1.000000
   112    6    8 1.000000
   112    6    9 1.000000
   112    6   10 1.000000
   112    6   11 1.000000
   112    6   12 1.000000
   112    6   13 1.000000
   112    6   14 1.000000
   112    6   15 1.000000
   112    6   16 1.000000
   112    6   17 1.000000
   112    6   18 1.000000
   112    6   19 1.000000
   112    6   20 1.000000
   112    6   21 1.000000
   112    6   22 1.000000
   112    6   24 1.000000
   112    6   25 1.000000
   112    6   26 1.000000
   112    6   27 0.937500
   112    7    8 1.000000
   112    7    9 1.000000
   112    7   10 1.000000
   112    7   11 1.000000
   112    7   12 1.000000
   112    7   13 1.000000
   112    7   14 1.000000
   112    7   15 1.000000
   112    7   16 1.000000
   112    7   17 1.000000
   112    7   18 1.000000
   112    7   19 1.000000
   112    7   20 1.000000
   112    7   21 1.000000
   112    7   22 1.000000
   112    7   24 1.000000
   112    7   25 1.000000
   112    7   26 1.000000
   112    7   27 0.937500
   112    8    9 1.000000
   112    8   10 1.000000
   112    8   11 1.000000
   112    8   12 1.000000
   112    8   13 1.000000
   112    8   14 1.000000
   112    8   15 1.000000
   112    8   16 1.000000
   112    8   17 1.000000
   112    8   18 1.000000
   112    8   19 1.000000
   112    8   20 1.000000
   112    8   21 1.000000
   112    8   22 1.000000
   112    8   24 1.000000
   112    8   25 1.000000
   112    8   26 1.000000
   112    8   27 0.937500
   112    9   10 1.000000
   112    9   11 1.000000
   112    9   12 1.000000
   112    9   13 1.000000
   112    9   14 1.000000
   112    9   15 1.000000
   112    9   16 1.000000
   112    9   17 1.000000
   112    9   18 1.000000
   112    9   19 1.000000
   112    9   20 1.000000
   112    9   21 1.000000
   112    9   22 1.000000
   112    9   24 1.000000
   112    9   25 1.000000
   112    9   26 1.000000
   112    9   27 0.937500
   112   10   11 1.000000
   112   10   12 1.000000
   112   10   13 1.000000
   112   10   14 1.000000
   112   10   15 1.000000
   112   10   16 1.000000
   112   10   17 1.000000
   112   10   18 1.000000
   112   10   19 1.000000
   112   10   20 1.000000
   112   10   21 1.000000
   112   10   22 1.000000
   112   10   24 1.000000
   112   10   25 1.000000
   112   10   26 1.000000
   112   10   27 0.937500
   112   11   12 1.000000
   112   11   13 1.000000
   112   11   14 1.000000
   112   11   15 1.000000
   112   11   16 1.000000
   112   11   17 1.000000
   112   11   18 1.000000
   112   11   19 1.000000
   112   11   20 1.000000
   112   11   21 1.000000
   112   11   22 1.000000
   112   11   24 1.000000
   112   11   25 1.000000
   112   11   26 1.000000
   112   11   27 0.937500
   112   12   13 1.000000
   112   12   14 1.000000
   112   12   15 1.000000
   112   12   16 1.000000
   112   12   17 1.000000
   112   12   18 1.000000
   112   12   19 1.000000
   112   12   20 1.000000
   112   12   21 1.000000
   112   12   22 1.000000
   112   12   24 1.000000
   112   12   25 1.000000
   112   12   26 1.000000
   112   12   27 0.937500
   112   13   14 1.000000
   112   13   15 1.000000
   112   13   16 1.000000
   112   13   17 1.000000
   112   13   18 1.000000
   112   13   19 1.000000
   112   13   20 1.000000
   112   13   21 1.000000
   112   13   22 1.000000
   112   13   24 1.000000
   112   13   25 1.000000
   112   13   26 1.000000
   112   13   27 0.937500
   112   14   15 1.000000
   112   14   16 1.000000
   112   14   17 1.000000
   112   14   18 1.000000
   112   14   19 1.000000
   112   14   20 1.000000
   112   14   21 1.000000
   112   14   22 1.000000
   112   14   24 1.000000
   112   14   25 1.000000
   112   14   26 1.000000
   112   14   27 0.937500
   112   15   16 1.000000
   112   15   17 1.000000
   112   15   18 1.000000
   112   15   19 1.000000
   112   15   20 1.000000
   112   15   21 1.000000
   112   15   22 1.000000
   112   15   24 1.000000
   112   15   25 1.000000
   112   15   26 1.000000
   112   15   27 0.937500
   112   16   17 1.000000
   112   16   18 1.000000
   112   16   19 1.000000
   112   16   20 1.000000
   112   16   21 1.000000
   112   16   22 1.000000
   112   16   24 1.000000
   112   16   25 1.000000
   112   16   26 1.000000
   112   16   27 0.937500
   112   17   18 1.000000
   112   17   19 1.000000
   112   17   20 1.000000
   112   17   21 1.000000
   112   17   22 1.000000
   112   17   24 1.000000
   112   17   25 1.000000
   112   17   26 1.000000
   112   17   27 0.937500
   112   18   19 1.000000
   112   18   20 1.000000
   112   18   21 1.000000
   112   18   22 1.000000
   112   18   24 1.000000
   112   18   25 1.000000
   112   18   26 1.000000
   112   18   27 0.937500
   112   19   20 1.000000
   112   19   21 1.000000
   112   19   22 1.000000
   112   19   24 1.000000
   112   19   25 1.000000
   112   19   26 1.000000
   112   19   27 0.937500
   112   20   21 1.000000
   112   20   22 1.000000
   112   20   24 1.000000
   112   20   25 1.000000
   112   20   26 1.000000
   112   20   27 0.937500
   112   21   22 1.000000
   112   21   24 1.000000
   112   21   25 1.000000
   112   21   26 1.000000
   112   21   27 0.937500
   112   22   24 1.000000
   112   22   25 1.000000
   112   22   26 1.000000
   112   22   27 0.937500
   112   24   25 1.000000
   112   24   26 1.000000
   112   24   27 0.937500
   112   25   26 1.000000
   112   25   27 0.937500
   112   26   27 0.937500
   113    1    2 1.000000
   113    1    3 1.000000
   113    1    4 1.000000
   113    1    5 1.000000
   113    1    6 1.000000
   113    1    7 1.000000
   113    1    8 1.000000
   113    1    9 1.000000
   113    1   10 1.000000
   113    1   11 1.000000
   113    1   12 1.000000
   113    1   13 1.000000
   113    1   14 1.000000
   113    1   15 1.000000
   113    1   16 1.000000
   113    1   17 1.000000
   113    1   18 1.000000
   113    1   19 1.000000
   113    1   20 1.000000
   113    1   21 1.000000
   113    1   22 1.000000
   113    1   23 1.000000
   113    1   24 1.000000
   113    1   25 1.000000
   113    1   26 1.000000
   113    1   27 0.937500
   113    2    3 1.000000
   113    2    4 1.000000
   113    2    5 1.000000
   113    2    6 1.000000
   113    2    7 1.000000
   113    2    8 1.000000
   113    2    9 1.000000
   113    2   10 1.000000
   113    2   11 1.000000
   113    2   12 1.000000
   113    2   13 1.000000
   113    2   14 1.000000
   113    2   15 1.000000
   113    2   16 1.000000
   113    2   17 1.000000
   113    2   18 1.000000
   113    2   19 1.000000
   113    2   20 1.000000
   113    2   21 1.000000
   113    2   22 1.000000
   113    2   23 1.000000
   113    2   24 1.000000
   113    2   25 1.000000
   113    2   26 1.000000
   113    2   27 0.937500
   113    3    4 1.000000
   113    3    5 1.000000
   113    3    6 1.000000
   113    3    7 1.000000
   113    3    8 1.000000
   113    3    9 1.000000
   113    3   10 1.000000
   113    3   11 1.000000
   113    3   12 1.000000
   113    3   13 1.000000
   113    3   14 1.000000
   113    3   15 1.000000
   113    3   16 1.000000
   113    3   17 1.000000
   113    3   18 1.000000
   113    3   19 1.000000
   113    3   20 1.000000
   113    3   21 1.000000
   113    3   22 1.000000
   113    3   23 1.000000
   113    3   24 1.000000
   113    3   25 1.000000
   113    3   26 1.000000
   113    3   27 0.937500
   113    4    5 1.000000
   113    4    6 1.000000
   113    4    7 1.000000
   113    4    8 1.000000
   113    4    9 1.000000
   113    4   10 1.000000
   113    4   11 1.000000
   113    4   12 1.000000
   113    4   13 1.000000
   113    4   14 1.000000
   113    4   15 1.000000
   113    4   16 1.000000
   113    4   17 1.000000
   113    4   18 1.000000
   113    4   19 1.000000
   113    4   20 1.000000
   113    4   21 1.000000
   113    4   22 1.000000
   113    4   23 1.000000
   113    4   24 1.000000
   113    4   25 1.000000
   113    4   26 1.000000
   113    4   27 0.937500
   113    5    6 1.000000
   113    5    7 1.000000
   113    5    8 1.000000
   113    5    9 1.000000
   113    5   10 1.000000
   113    5   11 1.000000
   113    5   12 1.000000
   113    5   13 1.000000
   113    5   14 1.000000
   113    5   15 1.000000
   113    5   16 1.000000
   113    5   17 1.000000
   113    5   18 1.000000
   113    5   19 1.000000
   113    5   20 1.000000
   113    5   21 1.000000
   113    5   22 1.000000
   113    5   23 1.000000
   113    5   24 1.000000
   113    5   25 1.000000
   113    5   26 1.000000
   113    5   27 0.937500
   113    6    7 1.000000
   113    6    8 1.000000
   113    6    9 1.000000
   113    6   10 1.000000
   113    6   11 1.000000
   113    6   12 1.000000
   113    6   13 1.000000
   113    6   14 1.000000
   113    6   15 1.000000
   113    6   16 1.000000
   113    6   17 1.000000
   113    6   18 1.000000
   113    6   19 1.000000
   113    6   20 1.000000
   113    6   21 1.000000
   113    6   22 1.000000
   113    6   23 1.000000
   113    6   24 1.000000
   113    6   25 1.000000
   113    6   26 1.000000
   113    6   27 0.937500
   113    7    8 1.000000
   113    7    9 1.000000
   113    7   10 1.000000
   113    7   11 1.000000
   113    7   12 1.000000
   113    7   13 1.000000
   113    7   14 1.000000
   113    7   15 1.000000
   113    7   16 1.000000
   113    7   17 1.000000
   113    7   18 1.000000
   113    7   19 1.000000
   113    7   20 1.000000
   113    7   21 1.000000
   113    7   22 1.000000
   113    7   23 1.000000
   113    7   24 1.000000
   113    7   25 1.000000
   113    7   26 1.000000
   113    7   27 0.937500
   113    8    9 1.000000
   113    8   10 1.000000
   113    8   11 1.000000
   113    8   12 1.000000
   113    8   13 1.000000
   113    8   14 1.000000
   113    8   15 1.000000
   113    8   16 1.000000
   113    8   17 1.000000
   113    8   18 1.000000
   113    8   19 1.000000
   113    8   20 1.000000
   113    8   21 1.000000
   113    8   22 1.000000
   113    8   23 1.000000
   113    8   24 1.000000
   113    8   25 1.000000
   113    8   26 1.000000
   113    8   27 0.937500
   113    9   10 1.000000
   113    9   11 1.000000
   113    9   12 1.000000
   113    9   13 1.000000
   113    9   14 1.000000
   113    9   15 1.000000
   113    9   16 1.000000
   113    9   17 1.000000
   113    9   18 1.000000
   113    9   19 1.000000
   113    9   20 1.000000
   113    9   21 1.000000
   113    9   22 1.000000
   113    9   23 1.000000
   113    9   24 1.000000
   113    9   25 1.000000
   113    9   26 1.000000
   113    9   27 0.937500
   113   10   11 1.000000
   113   10   12 1.000000
   113   10   13 1.000000
   113   10   14 1.000000
   113   10   15 1.000000
   113   10   16 1.000000
   113   10   17 1.000000
   113   10   18 1.000000
   113   10   19 1.000000
   113   10   20 1.000000
   113   10   21 1.000000
   113   10   22 1.000000
   113   10   23 1.000000
   113   10   24 1.000000
   113   10   25 1.000000
   113   10   26 1.000000
   113   10   27 0.937500
   113   11   12 1.000000
   113   11   13 1.000000
   113   11   14 1.000000
   113   11   15 1.000000
   113   11   16 1.000000
   113   11   17 1.000000
   113   11   18 1.000000
   113   11   19 1.000000
   113   11   20 1.000000
   113   11   21 1.000000
   113   11   22 1.000000
   113   11   23 1.000000
   113   11   24 1.000000
   113   11   25 1.000000
   113   11   26 1.000000
   113   11   27 0.937500
   113   12   13 1.000000
   113   12   14 1.000000
   113   12   15 1.000000
   113   12   16 1.000000
   113   12   17 1.000000
   113   12   18 1.000000
   113   12   19 1.000000
   113   12   20 1.000000
   113   12   21 1.000000
   113   12   22 1.000000
   113   12   23 1.000000
   113   12   24 1.000000
   113   12   25 1.000000
   113   12   26 1.000000
   113   12   27 0.937500
   113   13   14 1.000000
   113   13   15 1.000000
   113   13   16 1.000000
   113   13   17 1.000000
   113   13   18 1.000000
   113   13   19 1.000000
   113   13   20 1.000000
   113   13   21 1.000000
   113   13   22 1.000000
   113   13   23 1.000000
   113   13   24 1.000000
   113   13   25 1.000000
   113   13   26 1.000000
   113   13   27 0.937500
   113   14   15 1.000000
   113   14   16 1.000000
   113   14   17 1.000000
   113   14   18 1.000000
   113   14   19 1.000000
   113   14   20 1.000000
   113   14   21 1.000000
   113   14   22 1.000000
   113   14   23 1.000000
   113   14   24 1.000000
   113   14   25 1.000000
   113   14   26 1.000000
   113   14   27 0.937500
   113   15   16 1.000000
   113   15   17 1.000000
   113   15   18 1.000000
   113   15   19 1.000000
   113   15   20 1.000000
   113   15   21 1.000000
   113   15   22 1.000000
   113   15   23 1.000000
   113   15   24 1.000000
   113   15   25 1.000000
   113   15   26 1.000000
   113   15   27 0.937500
   113   16   17 1.000000
   113   16   18 1.000000
   113   16   19 1.000000
   113   16   20 1.000000
   113   16   21 1.000000
   113   16   22 1.000000
   113   16   23 1.000000
   113   16   24 1.000000
   113   16   25 1.000000
   113   16   26 1.000000
   113   16   27 0.937500
   113   17   18 1.000000
   113   17   19 1.000000
   113   17   20 1.000000
   113   17   21 1.000000
   113   17   22 1.000000
   113   17   23 1.000000
   113   17   24 1.000000
   113   17   25 1.000000
   113   17   26 1.000000
   113   17   27 0.937500
   113   18   19 1.000000
   113   18   20 1.000000
   113   18   21 1.000000
   113   18   22 1.000000
   113   18   23 1.000000
   113   18   24 1.000000
   113   18   25 1.000000
   113   18   26 1.000000
   113   18   27 0.937500
   113   19   20 1.000000
   113   19   21 1.000000
   113   19   22 1.000000
   113   19   23 1.000000
   113   19   24 1.000000
   113   19   25 1.000000
   113   19   26 1.000000
   113   19   27 0.937500
   113   20   21 1.000000
   113   20   22 1.000000
   113   20   23 1.000000
   113   20   24 1.000000
   113   20   25 1.000000
   113   20   26 1.000000
   113   20   27 0.937500
   113   21   22 1.000000
   113   21   23 1.000000
   113   21   24 1.000000
   113   21   25 1.000000
   113   21   26 1.000000
   113   21   27 0.937500
   113   22   23 1.000000
   113   22   24 1.000000
   113   22   25 1.000000
   113   22   26 1.000000
   113   22   27 0.937500
   113   23   24 1.000000
   113   23   25 1.000000
   113   23   26 1.000000
   113   23   27 0.937500
   113   24   25 1.000000
   113   24   26 1.000000
   113   24   27 0.937500
   113   25   26 1.000000
   113   25   27 0.937500
   113   26   27 0.937500
   114    1    2 1.000000
   114    1    3 1.000000
   114    1    4 1.000000
   114    1    5 1.000000
   114    1    6 1.000000
   114    1    7 1.000000
   114    1    8 1.000000
   114    1    9 1.000000
   114    1   10 1.000000
   114    1   11 1.000000
   114    1   12 1.000000
   114    1   13 1.000000
   114    1   14 1.000000
   114    1   15 1.000000
   114    1   16 1.000000
   114    1   17 1.000000
   114    1   18 1.000000
   114    1   19 1.000000
   114    1   20 1.000000
   114    1   21 1.000000
   114    1   22 1.000000
   114    1   23 1.000000
   114    1   24 1.000000
   114    1   25 1.000000
   114    1   26 1.000000
   114    1   27 0.937500
   114    2    3 1.000000
   114    2    4 1.000000
   114    2    5 1.000000
   114    2    6 1.000000
   114    2    7 1.000000
   114    2    8 1.000000
   114    2    9 1.000000
   114    2   10 1.000000
   114    2   11 1.000000
   114    2   12 1.000000
   114    2   13 1.000000
   114    2   14 1.000000
   114    2   15 1.000000
   114    2   16 1.000000
   114    2   17 1.000000
   114    2   18 1.000000
   114    2   19 1.000000
   114    2   20 1.000000
   114    2   21 1.000000
   114    2   22 1.000000
   114    2   23 1.000000
   114    2   24 1.000000
   114    2   25 1.000000
   114    2   26 1.000000
   114    2   27 0.937500
   114    3    4 1.000000
   114    3    5 1.000000
   114    3    6 1.000000
   114    3    7 1.000000
   114    3    8 1.000000
   114    3    9 1.000000
   114    3   10 1.000000
   114    3   11 1.000000
   114    3   12 1.000000
   114    3   13 1.000000
   114    3   14 1.000000
   114    3   15 1.000000
   114    3   16 1.000000
   114    3   17 1.000000
   114    3   18 1.000000
   114    3   19 1.000000
   114    3   20 1.000000
   114    3   21 1.000000
   114    3   22 1.000000
   114    3   23 1.000000
   114    3   24 1.000000
   114    3   25 1.000000
   114    3   26 1.000000
   114    3   27 0.937500
   114    4    5 1.000000
   114    4    6 1.000000
   114    4    7 1.000000
   114    4    8 1.000000
   114    4    9 1.000000
   114    4   10 1.000000
   114    4   11 1.000000
   114    4   12 1.000000
   114    4   13 1.000000
   114    4   14 1.000000
   114    4   15 1.000000
   114    4   16 1.000000
   114    4   17 1.000000
   114    4   18 1.000000
   114    4   19 1.000000
   114    4   20 1.000000
   114    4   21 1.000000
   114    4   22 1.000000
   114    4   23 1.000000
   114    4   24 1.000000
   114    4   25 1.000000
   114    4   26 1.000000
   114    4   27 0.937500
   114    5    6 1.000000
   114    5    7 1.000000
   114    5    8 1.000000
   114    5    9 1.000000
   114    5   10 1.000000
   114    5   11 1.000000
   114    5   12 1.000000
   114    5   13 1.000000
   114    5   14 1.000000
   114    5   15 1.000000
   114    5   16 1.000000
   114    5   17 1.000000
   114    5   18 1.000000
   114    5   19 1.000000
   114    5   20 1.000000
   114    5   21 1.000000
   114    5   22 1.000000
   114    5   23 1.000000
   114    5   24 1.000000
   114    5   25 1.000000
   114    5   26 1.000000
   114    5   27 0.937500
   114    6    7 1.000000
   114    6    8 1.000000
   114    6    9 1.000000
   114    6   10 1.000000
   114    6   11 1.000000
   114    6   12 1.000000
   114    6   13 1.000000
   114    6   14 1.000000
   114    6   15 1.000000
   114    6   16 1.000000
   114    6   17 1.000000
   114    6   18 1.000000
   114    6   19 1.000000
   114    6   20 1.000000
   114    6   21 1.000000
   114    6   22 1.000000
   114    6   23 1.000000
   114    6   24 1.000000
   114    6   25 1.000000
   114    6   26 1.000000
   114    6   27 0.937500
   114    7    8 1.000000
   114    7    9 1.000000
   114    7   10 1.000000
   114    7   11 1.000000
   114    7   12 1.000000
   114    7   13 1.000000
   114    7   14 1.000000
   114    7   15 1.000000
   114    7   16 1.000000
   114    7   17 1.000000
   114    7   18 1.000000
   114    7   19 1.000000
   114    7   20 1.000000
   114    7   21 1.000000
   114    7   22 1.000000
   114    7   23 1.000000
   114    7   24 1.000000
   114    7   25 1.000000
   114    7   26 1.000000
   114    7   27 0.937500
   114    8    9 1.000000
   114    8   10 1.000000
   114    8   11 1.000000
   114    8   12 1.000000
   114    8   13 1.000000
   114    8   14 1.000000
   114    8   15 1.000000
   114    8   16 1.000000
   114    8   17 1.000000
   114    8   18 1.000000
   114    8   19 1.000000
   114    8   20 1.000000
   114    8   21 1.000000
   114    8   22 1.000000
   114    8   23 1.000000
   114    8   24 1.000000
   114    8   25 1.000000
   114    8   26 1.000000
   114    8   27 0.937500
   114    9   10 1.000000
   114    9   11 1.000000
   114    9   12 1.000000
   114    9   13 1.000000
   114    9   14 1.000000
   114    9   15 1.000000
   114    9   16 1.000000
   114    9   17 1.000000
   114    9   18 1.000000
   114    9   19 1.000000
   114    9   20 1.000000
   114    9   21 1.000000
   114    9   22 1.000000
   114    9   23 1.000000
   114    9   24 1.000000
   114    9   25 1.000000
   114    9   26 1.000000
   114    9   27 0.937500
   114   10   11 1.000000
   114   10   12 1.000000
   114   10   13 1.000000
   114   10   14 1.000000
   114   10   15 1.000000
   114   10   16 1.000000
   114   10   17 1.000000
   114   10   18 1.000000
   114   10   19 1.000000
   114   10   20 1.000000
   114   10   21 1.000000
   114   10   22 1.000000
   114   10   23 1.000000
   114   10   24 1.000000
   114   10   25 1.000000
   114   10   26 1.000000
   114   10   27 0.937500
   114   11   12 1.000000
   114   11   13 1.000000
   114   11   14 1.000000
   114   11   15 1.000000
   114   11   16 1.000000
   114   11   17 1.000000
   114   11   18 1.000000
   114   11   19 1.000000
   114   11   20 1.000000
   114   11   21 1.000000
   114   11   22 1.000000
   114   11   23 1.000000
   114   11   24 1.000000
   114   11   25 1.000000
   114   11   26 1.000000
   114   11   27 0.937500
   114   12   13 1.000000
   114   12   14 1.000000
   114   12   15 1.000000
   114   12   16 1.000000
   114   12   17 1.000000
   114   12   18 1.000000
   114   12   19 1.000000
   114   12   20 1.000000
   114   12   21 1.000000
   114   12   22 1.000000
   114   12   23 1.000000
   114   12   24 1.000000
   114   12   25 1.000000
   114   12   26 1.000000
   114   12   27 0.937500
   114   13   14 1.000000
   114   13   15 1.000000
   114   13   16 1.000000
   114   13   17 1.000000
   114   13   18 1.000000
   114   13   19 1.000000
   114   13   20 1.000000
   114   13   21 1.000000
   114   13   22 1.000000
   114   13   23 1.000000
   114   13   24 1.000000
   114   13   25 1.000000
   114   13   26 1.000000
   114   13   27 0.937500
   114   14   15 1.000000
   114   14   16 1.000000
   114   14   17 1.000000
   114   14   18 1.000000
   114   14   19 1.000000
   114   14   20 1.000000
   114   14   21 1.000000
   114   14   22 1.000000
   114   14   23 1.000000
   114   14   24 1.000000
   114   14   25 1.000000
   114   14   26 1.000000
   114   14   27 0.937500
   114   15   16 1.000000
   114   15   17 1.000000
   114   15   18 1.000000
   114   15   19 1.000000
   114   15   20 1.000000
   114   15   21 1.000000
   114   15   22 1.000000
   114   15   23 1.000000
   114   15   24 1.000000
   114   15   25 1.000000
   114   15   26 1.000000
   114   15   27 0.937500
   114   16   17 1.000000
   114   16   18 1.000000
   114   16   19 1.000000
   114   16   20 1.000000
   114   16   21 1.000000
   114   16   22 1.000000
   114   16   23 1.000000
   114   16   24 1.000000
   114   16   25 1.000000
   114   16   26 1.000000
   114   16   27 0.937500
   114   17   18 1.000000
   114   17   19 1.000000
   114   17   20 1.000000
   114   17   21 1.000000
   114   17   22 1.000000
   114   17   23 1.000000
   114   17   24 1.000000
   114   17   25 1.000000
   114   17   26 1.000000
   114   17   27 0.937500
   114   18   19 1.000000
   114   18   20 1.000000
   114   18   21 1.000000
   114   18   22 1.000000
   114   18   23 1.000000
   114   18   24 1.000000
   114   18   25 1.000000
   114   18   26 1.000000
   114   18   27 0.937500
   114   19   20 1.000000
   114   19   21 1.000000
   114   19   22 1.000000
   114   19   23 1.000000
   114   19   24 1.000000
   114   19   25 1.000000
   114   19   26 1.000000
   114   19   27 0.937500
   114   20   21 1.000000
   114   20   22 1.000000
   114   20   23 1.000000
   114   20   24 1.000000
   114   20   25 1.000000
   114   20   26 1.000000
   114   20   27 0.937500
   114   21   22 1.000000
   114   21   23 1.000000
   114   21   24 1.000000
   114   21   25 1.000000
   114   21   26 1.000000
   114   21   27 0.937500
   114   22   23 1.000000
   114   22   24 1.000000
   114   22   25 1.000000
   114   22   26 1.000000
   114   22   27 0.937500
   114   23   24 1.000000
   114   23   25 1.000000
   114   23   26 1.000000
   114   23   27 0.937500
   114   24   25 1.000000
   114   24   26 1.000000
   114   24   27 0.937500
   114   25   26 1.000000
   114   25   27 0.937500
   114   26   27 0.937500
   115    8   20 0.645833
   116    8   20 0.208333
   117    1    2 0.958333
   117    1    3 1.000000
   117    1    4 1.000000
   117    1    5 0.958333
   117    1    6 0.937500
   117    1    7 0.958333
   117    1    8 0.104167
   117    1    9 0.958333
   117    1   10 0.937500
   117    1   11 0.916667
   117    1   12 0.916667
   117    1   14 0.875000
   117    1   15 0.937500
   117    1   16 0.916667
   117    1   17 0.958333
   117    1   18 0.916667
   117    1   19 0.958333
   117    1   20 0.416667
   117    1   21 0.958333
   117    1   22 0.958333
   117    1   23 0.958333
   117    1   24 0.958333
   117    1   26 0.937500
   117    1   27 0.895833
   117    2    3 0.958333
   117    2    4 0.958333
   117    2    5 1.000000
   117    2    6 0.979167
   117    2    7 1.000000
   117    2    8 0.104167
   117    2    9 1.000000
   117    2   10 0.979167
   117    2   11 0.958333
   117    2   12 0.958333
   117    2   14 0.916667
   117    2   15 0.979167
   117    2   16 0.958333
   117    2   17 1.000000
   117    2   18 0.958333
   117    2   19 1.000000
   117    2   20 0.458333
   117    2   21 1.000000
   117    2   22 1.000000
   117    2   23 1.000000
   117    2   24 1.000000
   117    2   26 0.979167
   117    2   27 0.937500
   117    3    4 1.000000
   117    3    5 0.958333
   117    3    6 0.937500
   117    3    7 0.958333
   117    3    8 0.104167
   117    3    9 0.958333
   117    3   10 0.937500
   117    3   11 0.916667
   117    3   12 0.916667
   117    3   14 0.875000
   117    3   15 0.937500
   117    3   16 0.916667
   117    3   17 0.958333
   117    3   18 0.916667
   117    3   19 0.958333
   117    3   20 0.416667
   117    3   21 0.958333
   117    3   22 0.958333
   117    3   23 0.958333
   117    3   24 0.958333
   117    3   26 0.937500
   117    3   27 0.895833
   117    4    5 0.958333
   117    4    6 0.937500
   117    4    7 0.958333
   117    4    8 0.104167
   117    4    9 0.958333
   117    4   10 0.937500
   117    4   11 0.916667
   117    4   12 0.916667
   117    4   14 0.875000
   117    4   15 0.937500
   117    4   16 0.916667
   117    4   17 0.958333
   117    4   18 0.916667
   117    4   19 0.958333
   117    4   20 0.416667
   117    4   21 0.958333
   117    4   22 0.958333
   117    4   23 0.958333
   117    4   24 0.958333
   117    4   26 0.937500
   117    4   27 0.895833
   117    5    6 0.979167
   117    5    7 1.000000
   117    5    8 0.104167
   117    5    9 1.000000
   117    5   10 0.979167
   117    5   11 0.958333
   117    5   12 0.958333
   117    5   14 0.916667
   117    5   15 0.979167
   117    5   16 0.958333
   117    5   17 1.000000
   117    5   18 0.958333
   117    5   19 1.000000
   117    5   20 0.458333
   117    5   21 1.000000
   117    5   22 1.000000
   117    5   23 1.000000
   117    5   24 1.000000
   117    5   26 0.979167
   117    5   27 0.937500
   117    6    7 0.979167
   117    6    8 0.104167
   117    6    9 0.979167
   117    6   10 0.958333
   117    6   11 0.937500
   117    6   12 0.937500
   117    6   14 0.895833
   117    6   15 0.958333
   117    6   16 0.937500
   117    6   17 0.979167
   117    6   18 0.979167
   117    6   19 0.979167
   117    6   20 0.479167
   117    6   21 0.979167
   117    6   22 0.979167
   117    6   23 0.979167
   117    6   24 0.979167
   117    6   26 0.958333
   117    6   27 0.916667
   117    7    8 0.104167
   117    7    9 1.000000
   117    7   10 0.979167
   117    7   11 0.958333
   117    7   12 0.958333
   117    7   14 0.916667
   117    7   15 0.979167
   117    7   16 0.958333
   117    7   17 1.000000
   117    7   18 0.958333
   117    7   19 1.000000
   117    7   20 0.458333
   117    7   21 1.000000
   117    7   22 1.000000
   117    7   23 1.000000
   117    7   24 1.000000
   117    7   26 0.979167
   117    7   27 0.937500
   117    8    9 0.104167
   117    8   10 0.104167
   117    8   11 0.104167
   117    8   12 0.104167
   117    8   14 0.104167
   117    8   15 0.104167
   117    8   16 0.104167
   117    8   17 0.104167
   117    8   18 0.104167
   117    8   19 0.104167
   117    8   20 0.104167
   117    8   21 0.104167
   117    8   22 0.104167
   117    8   23 0.104167
   117    8   24 0.104167
   117    8   26 0.104167
   117    8   27 0.041667
   117    9   10 0.979167
   117    9   11 0.958333
   117    9   12 0.958333
   117    9   14 0.916667
   117    9   15 0.979167
   117    9   16 0.958333
   117    9   17 1.000000
   117    9   18 0.958333
   117    9   19 1.000000
   117    9   20 0.458333
   117    9   21 1.000000
   117    9   22 1.000000
   117    9   23 1.000000
   117    9   24 1.000000
   117    9   26 0.979167
   117    9   27 0.937500
   117   10   11 0.937500
   117   10   12 0.937500
   117   10   14 0.895833
   117   10   15 0.958333
   117   10   16 0.937500
   117   10   17 0.979167
   117   10   18 0.937500
   117   10   19 0.979167
   117   10   20 0.437500
   117   10   21 0.979167
   117   10   22 0.979167
   117   10   23 0.979167
   117   10   24 0.979167
   117   10   26 1.000000
   117   10   27 0.916667
   117   11   12 1.000000
   117   11   14 0.958333
   117   11   15 0.979167
   117   11   16 1.000000
   117   11   17 0.958333
   117   11   18 0.916667
   117   11   19 0.958333
   117   11   20 0.416667
   117   11   21 0.958333
   117   11   22 0.958333
   117   11   23 0.958333
   117   11   24 0.958333
   117   11   26 0.937500
   117   11   27 0.895833
   117   12   14 0.958333
   117   12   15 0.979167
   117   12   16 1.000000
   117   12   17 0.958333
   117   12   18 0.916667
   117   12   19 0.958333
   117   12   20 0.416667
   117   12   21 0.958333
   117   12   22 0.958333
   117   12   23 0.958333
   117   12   24 0.958333
   117   12   26 0.937500
   117   12   27 0.895833
   117   14   15 0.937500
   117   14   16 0.958333
   117   14   17 0.916667
   117   14   18 0.875000
   117   14   19 0.916667
   117   14   20 0.375000
   117   14   21 0.916667
   117   14   22 0.916667
   117   14   23 0.916667
   117   14   24 0.916667
   117   14   26 0.895833
   117   14   27 0.854167
   117   15   16 0.979167
   117   15   17 0.979167
   117   15   18 0.937500
   117   15   19 0.979167
   117   15   20 0.437500
   117   15   21 0.979167
   117   15   22 0.979167
   117   15   23 0.979167
   117   15   24 0.979167
   117   15   26 0.958333
   117   15   27 0.916667
   117   16   17 0.958333
   117   16   18 0.916667
   117   16   19 0.958333
   117   16   20 0.416667
   117   16   21 0.958333
   117   16   22 0.958333
   117   16   23 0.958333
   117   16   24 0.958333
   117   16   26 0.937500
   117   16   27 0.895833
   117   17   18 0.958333
   117   17   19 1.000000
   117   17   20 0.458333
   117   17   21 1.000000
   117   17   22 1.000000
   117   17   23 1.000000
   117   17   24 1.000000
   117   17   26 0.979167
   117   17   27 0.937500
   117   18   19 0.958333
   117   18   20 0.500000
   117   18   21 0.958333
   117   18   22 0.958333
   117   18   23 0.958333
   117   18   24 0.958333
   117   18   26 0.937500
   117   18   27 0.895833
   117   19   20 0.458333
   117   19   21 1.000000
   117   19   22 1.000000
   117   19   23 1.000000
   117   19   24 1.000000
   117   19   26 0.979167
   117   19   27 0.937500
   117   20   21 0.458333
   117   20   22 0.458333
   117   20   23 0.458333
   117   20   24 0.458333
   117   20   26 0.437500
   117   20   27 0.395833
   117   21   22 1.000000
   117   21   23 1.000000
   117   21   24 1.000000
   117   21   26 0.979167
   117   21   27 0.937500
   117   22   23 1.000000
   117   22   24 1.000000
   117   22   26 0.979167
   117   22   27 0.937500
   117   23   24 1.000000
   117   23   26 0.979167
   117   23   27 0.937500
   117   24   26 0.979167
   117   24   27 0.937500
   117   26   27 0.916667
   118    1    2 0.916667
   118    1    3 1.000000
   118    1    4 1.000000
   118    1    5 0.958333
   118    1    6 0.500000
   118    1    8 0.104167
   118    1    9 0.916667
   118    1   11 0.791667
   118    1   12 0.791667
   118    1   14 0.750000
   118    1   15 0.791667
   118    1   16 0.791667
   118    1   17 0.916667
   118    1   18 0.500000
   118    1   19 0.708333
   118    1   20 0.312500
   118    1   21 0.916667
   118    1   22 0.916667
   118    1   23 0.916667
   118    1   24 0.916667
   118    1   26 0.458333
   118    1   27 0.854167
   118    2    3 0.916667
   118    2    4 0.916667
   118    2    5 0.875000
   118    2    6 0.458333
   118    2    8 0.104167
   118    2    9 1.000000
   118    2   11 0.875000
   118    2   12 0.875000
   118    2   14 0.833333
   118    2   15 0.875000
   118    2   16 0.875000
   118    2   17 1.000000
   118    2   18 0.458333
   118    2   19 0.791667
   118    2   20 0.229167
   118    2   21 1.000000
   118    2   22 1.000000
   118    2   23 1.000000
   118    2   24 1.000000
   118    2   26 0.375000
   118    2   27 0.937500
   118    3    4 1.000000
   118    3    5 0.958333
   118    3    6 0.500000
   118    3    8 0.104167
   118    3    9 0.916667
   118    3   11 0.791667
   118    3   12 0.791667
   118    3   14 0.750000
   118    3   15 0.791667
   118    3   16 0.791667
   118    3   17 0.916667
   118    3   18 0.500000
   118    3   19 0.708333
   118    3   20 0.312500
   118    3   21 0.916667
   118    3   22 0.916667
   118    3   23 0.916667
   118    3   24 0.916667
   118    3   26 0.458333
   118    3   27 0.854167
   118    4    5 0.958333
   118    4    6 0.500000
   118    4    8 0.104167
   118    4    9 0.916667
   118    4   11 0.791667
   118    4   12 0.791667
   118    4   14 0.750000
   118    4   15 0.791667
   118    4   16 0.791667
   118    4   17 0.916667
   118    4   18 0.500000
   118    4   19 0.708333
   118    4   20 0.312500
   118    4   21 0.916667
   118    4   22 0.916667
   118    4   23 0.916667
   118    4   24 0.916667
   118    4   26 0.458333
   118    4   27 0.854167
   118    5    6 0.520833
   118    5    8 0.104167
   118    5    9 0.875000
   118    5   11 0.750000
   118    5   12 0.750000
   118    5   14 0.708333
   118    5   15 0.750000
   118    5   16 0.750000
   118    5   17 0.875000
   118    5   18 0.520833
   118    5   19 0.666667
   118    5   20 0.354167
   118    5   21 0.875000
   118    5   22 0.875000
   118    5   23 0.875000
   118    5   24 0.875000
   118    5   26 0.500000
   118    5   27 0.812500
   118    6    8 0.104167
   118    6    9 0.458333
   118    6   11 0.520833
   118    6   12 0.520833
   118    6   14 0.541667
   118    6   15 0.520833
   118    6   16 0.520833
   118    6   17 0.458333
   118    6   18 0.979167
   118    6   19 0.562500
   118    6   20 0.520833
   118    6   21 0.458333
   118    6   22 0.458333
   118    6   23 0.458333
   118    6   24 0.458333
   118    6   26 0.666667
   118    6   27 0.395833
   118    8    9 0.104167
   118    8   11 0.104167
   118    8   12 0.104167
   118    8   14 0.104167
   118    8   15 0.104167
   118    8   16 0.104167
   118    8   17 0.104167
   118    8   18 0.104167
   118    8   19 0.104167
   118    8   20 0.104167
   118    8   21 0.104167
   118    8   22 0.104167
   118    8   23 0.104167
   118    8   24 0.104167
   118    8   26 0.104167
   118    8   27 0.041667
   118    9   11 0.875000
   118    9   12 0.875000
   118    9   14 0.833333
   118    9   15 0.875000
   118    9   16 0.875000
   118    9   17 1.000000
   118    9   18 0.458333
   118    9   19 0.791667
   118    9   20 0.229167
   118    9   21 1.000000
   118    9   22 1.000000
   118    9   23 1.000000
   118    9   24 1.000000
   118    9   26 0.375000
   118    9   27 0.937500
   118   11   12 1.000000
   118   11   14 0.958333
   118   11   15 1.000000
   118   11   16 1.000000
   118   11   17 0.875000
   118   11   18 0.520833
   118   11   19 0.916667
   118   11   20 0.354167
   118   11   21 0.875000
   118   11   22 0.875000
   118   11   23 0.875000
   118   11   24 0.875000
   118   11   26 0.500000
   118   11   27 0.812500
   118   12   14 0.958333
   118   12   15 1.000000
   118   12   16 1.000000
   118   12   17 0.875000
   118   12   18 0.520833
   118   12   19 0.916667
   118   12   20 0.354167
   118   12   21 0.875000
   118   12   22 0.875000
   118   12   23 0.875000
   118   12   24 0.875000
   118   12   26 0.500000
   118   12   27 0.812500
   118   14   15 0.958333
   118   14   16 0.958333
   118   14   17 0.833333
   118   14   18 0.541667
   118   14   19 0.958333
   118   14   20 0.395833
   118   14   21 0.833333
   118   14   22 0.833333
   118   14   23 0.833333
   118   14   24 0.833333
   118   14   26 0.541667
   118   14   27 0.770833
   118   15   16 1.000000
   118   15   17 0.875000
   118   15   18 0.520833
   118   15   19 0.916667
   118   15   20 0.354167
   118   15   21 0.875000
   118   15   22 0.875000
   118   15   23 0.875000
   118   15   24 0.875000
   118   15   26 0.500000
   118   15   27 0.812500
   118   16   17 0.875000
   118   16   18 0.520833
   118   16   19 0.916667
   118   16   20 0.354167
   118   16   21 0.875000
   118   16   22 0.875000
   118   16   23 0.875000
   118   16   24 0.875000
   118   16   26 0.500000
   118   16   27 0.812500
   118   17   18 0.458333
   118   17   19 0.791667
   118   17   20 0.229167
   118   17   21 1.000000
   118   17   22 1.000000
   118   17   23 1.000000
   118   17   24 1.000000
   118   17   26 0.375000
   118   17   27 0.937500
   118   18   19 0.562500
   118   18   20 0.500000
   118   18   21 0.458333
   118   18   22 0.458333
   118   18   23 0.458333
   118   18   24 0.458333
   118   18   26 0.645833
   118   18   27 0.395833
   118   19   20 0.437500
   118   19   21 0.791667
   118   19   22 0.791667
   118   19   23 0.791667
   118   19   24 0.791667
   118   19   26 0.583333
   118   19   27 0.729167
   118   20   21 0.229167
   118   20   22 0.229167
   118   20   23 0.229167
   118   20   24 0.229167
   118   20   26 0.739583
   118   20   27 0.166667
   118   21   22 1.000000
   118   21   23 1.000000
   118   21   24 1.000000
   118   21   26 0.375000
   118   21   27 0.937500
   118   22   23 1.000000
   118   22   24 1.000000
   118   22   26 0.375000
   118   22   27 0.937500
   118   23   24 1.000000
   118   23   26 0.375000
   118   23   27 0.937500
   118   24   26 0.375000
   118   24   27 0.937500
   118   26   27 0.312500
   124    1    2 0.916667
   124    1    3 1.000000
   124    1    4 1.000000
   124    1    5 0.958333
   124    1    7 0.916667
   124    1    8 0.812500
   124    1    9 0.916667
   124    1   17 0.916667
   124    1   21 0.854167
   124    1   22 0.854167
   124    1   23 0.854167
   124    1   24 0.854167
   124    1   25 0.083333
   124    1   27 0.916667
   124    2    3 0.916667
   124    2    4 0.916667
   124    2    5 0.875000
   124    2    7 1.000000
   124    2    8 0.895833
   124    2    9 1.000000
   124    2   17 1.000000
   124    2   21 0.937500
   124    2   22 0.937500
   124    2   23 0.937500
   124    2   24 0.937500
   124    2   25 0.083333
   124    2   27 1.000000
   124    3    4 1.000000
   124    3    5 0.958333
   124    3    7 0.916667
   124    3    8 0.812500
   124    3    9 0.916667
   124    3   17 0.916667
   124    3   21 0.854167
   124    3   22 0.854167
   124    3   23 0.854167
   124    3   24 0.854167
   124    3   25 0.083333
   124    3   27 0.916667
   124    4    5 0.958333
   124    4    7 0.916667
   124    4    8 0.812500
   124    4    9 0.916667
   124    4   17 0.916667
   124    4   21 0.854167
   124    4   22 0.854167
   124    4   23 0.854167
   124    4   24 0.854167
   124    4   25 0.083333
   124    4   27 0.916667
   124    5    7 0.875000
   124    5    8 0.770833
   124    5    9 0.875000
   124    5   17 0.875000
   124    5   21 0.812500
   124    5   22 0.812500
   124    5   23 0.812500
   124    5   24 0.812500
   124    5   25 0.083333
   124    5   27 0.875000
   124    7    8 0.895833
   124    7    9 1.000000
   124    7   17 1.000000
   124    7   21 0.937500
   124    7   22 0.937500
   124    7   23 0.937500
   124    7   24 0.937500
   124    7   25 0.083333
   124    7   27 1.000000
   124    8    9 0.895833
   124    8   17 0.895833
   124    8   21 0.833333
   124    8   22 0.833333
   124    8   23 0.833333
   124    8   24 0.833333
   124    8   25 0.083333
   124    8   27 0.895833
   124    9   17 1.000000
   124    9   21 0.937500
   124    9   22 0.937500
   124    9   23 0.937500
   124    9   24 0.937500
   124    9   25 0.083333
   124    9   27 1.000000
   124   17   21 0.937500
   124   17   22 0.937500
   124   17   23 0.937500
   124   17   24 0.937500
   124   17   25 0.083333
   124   17   27 1.000000
   124   21   22 1.000000
   124   21   23 1.000000
   124   21   24 1.000000
   124   21   25 0.020833
   124   21   27 0.937500
   124   22   23 1.000000
   124   22   24 1.000000
   124   22   25 0.020833
   124   22   27 0.937500
   124   23   24 1.000000
   124   23   25 0.020833
   124   23   27 0.937500
   124   24   25 0.020833
   124   24   27 0.937500
   124   25   27 0.083333
   125    1    2 0.916667
   125    1    3 1.000000
   125    1    4 1.000000
   125    1    5 0.958333
   125    1    6 0.708333
   125    1    7 0.916667
   125    1    8 0.812500
   125    1    9 0.916667
   125    1   10 0.458333
   125    1   11 0.916667
   125    1   12 0.916667
   125    1   13 0.125000
   125    1   14 0.916667
   125    1   15 0.916667
   125    1   16 0.916667
   125    1   17 0.916667
   125    1   18 0.687500
   125    1   19 0.916667
   125    1   20 0.687500
   125    1   21 0.854167
   125    1   22 0.854167
   125    1   23 0.854167
   125    1   24 0.854167
   125    1   25 0.083333
   125    1   26 0.906250
   125    1   27 0.916667
   125    2    3 0.916667
   125    2    4 0.916667
   125    2    5 0.875000
   125    2    6 0.750000
   125    2    7 1.000000
   125    2    8 0.895833
   125    2    9 1.000000
   125    2   10 0.500000
   125    2   11 1.000000
   125    2   12 1.000000
   125    2   13 0.125000
   125    2   14 1.000000
   125    2   15 1.000000
   125    2   16 1.000000
   125    2   17 1.000000
   125    2   18 0.729167
   125    2   19 1.000000
   125    2   20 0.770833
   125    2   21 0.937500
   125    2   22 0.937500
   125    2   23 0.937500
   125    2   24 0.937500
   125    2   25 0.083333
   125    2   26 0.989583
   125    2   27 1.000000
   125    3    4 1.000000
   125    3    5 0.958333
   125    3    6 0.708333
   125    3    7 0.916667
   125    3    8 0.812500
   125    3    9 0.916667
   125    3   10 0.458333
   125    3   11 0.916667
   125    3   12 0.916667
   125    3   13 0.125000
   125    3   14 0.916667
   125    3   15 0.916667
   125    3   16 0.916667
   125    3   17 0.916667
   125    3   18 0.687500
   125    3   19 0.916667
   125    3   20 0.687500
   125    3   21 0.854167
   125    3   22 0.854167
   125    3   23 0.854167
   125    3   24 0.854167
   125    3   25 0.083333
   125    3   26 0.906250
   125    3   27 0.916667
   125    4    5 0.958333
   125    4    6 0.708333
   125    4    7 0.916667
   125    4    8 0.812500
   125    4    9 0.916667
   125    4   10 0.458333
   125    4   11 0.916667
   125    4   12 0.916667
   125    4   13 0.125000
   125    4   14 0.916667
   125    4   15 0.916667
   125    4   16 0.916667
   125    4   17 0.916667
   125    4   18 0.687500
   125    4   19 0.916667
   125    4   20 0.687500
   125    4   21 0.854167
   125    4   22 0.854167
   125    4   23 0.854167
   125    4   24 0.854167
   125    4   25 0.083333
   125    4   26 0.906250
   125    4   27 0.916667
   125    5    6 0.687500
   125    5    7 0.875000
   125    5    8 0.770833
   125    5    9 0.875000
   125    5   10 0.437500
   125    5   11 0.875000
   125    5   12 0.875000
   125    5   13 0.125000
   125    5   14 0.875000
   125    5   15 0.875000
   125    5   16 0.875000
   125    5   17 0.875000
   125    5   18 0.666667
   125    5   19 0.875000
   125    5   20 0.645833
   125    5   21 0.812500
   125    5   22 0.812500
   125    5   23 0.812500
   125    5   24 0.812500
   125    5   25 0.083333
   125    5   26 0.864583
   125    5   27 0.875000
   125    6    7 0.750000
   125    6    8 0.645833
   125    6    9 0.750000
   125    6   10 0.489583
   125    6   11 0.750000
   125    6   12 0.750000
   125    6   13 0.125000
   125    6   14 0.750000
   125    6   15 0.750000
   125    6   16 0.750000
   125    6   17 0.750000
   125    6   18 0.979167
   125    6   19 0.750000
   125    6   20 0.520833
   125    6   21 0.687500
   125    6   22 0.687500
   125    6   23 0.687500
   125    6   24 0.687500
   125    6   25 0.333333
   125    6   26 0.739583
   125    6   27 0.750000
   125    7    8 0.895833
   125    7    9 1.000000
   125    7   10 0.500000
   125    7   11 1.000000
   125    7   12 1.000000
   125    7   13 0.125000
   125    7   14 1.000000
   125    7   15 1.000000
   125    7   16 1.000000
   125    7   17 1.000000
   125    7   18 0.729167
   125    7   19 1.000000
   125    7   20 0.770833
   125    7   21 0.937500
   125    7   22 0.937500
   125    7   23 0.937500
   125    7   24 0.937500
   125    7   25 0.083333
   125    7   26 0.989583
   125    7   27 1.000000
   125    8    9 0.895833
   125    8   10 0.500000
   125    8   11 0.895833
   125    8   12 0.895833
   125    8   13 0.125000
   125    8   14 0.895833
   125    8   15 0.895833
   125    8   16 0.895833
   125    8   17 0.895833
   125    8   18 0.625000
   125    8   19 0.895833
   125    8   20 0.770833
   125    8   21 0.833333
   125    8   22 0.833333
   125    8   23 0.833333
   125    8   24 0.833333
   125    8   25 0.083333
   125    8   26 0.885417
   125    8   27 0.895833
   125    9   10 0.500000
   125    9   11 1.000000
   125    9   12 1.000000
   125    9   13 0.125000
   125    9   14 1.000000
   125    9   15 1.000000
   125    9   16 1.000000
   125    9   17 1.000000
   125    9   18 0.729167
   125    9   19 1.000000
   125    9   20 0.770833
   125    9   21 0.937500
   125    9   22 0.937500
   125    9   23 0.937500
   125    9   24 0.937500
   125    9   25 0.083333
   125    9   26 0.989583
   125    9   27 1.000000
   125   10   11 0.500000
   125   10   12 0.500000
   125   10   13 0.125000
   125   10   14 0.500000
   125   10   15 0.500000
   125   10   16 0.500000
   125   10   17 0.500000
   125   10   18 0.479167
   125   10   19 0.500000
   125   10   20 0.479167
   125   10   21 0.437500
   125   10   22 0.437500
   125   10   23 0.437500
   125   10   24 0.437500
   125   10   25 0.270833
   125   10   26 0.500000
   125   10   27 0.500000
   125   11   12 1.000000
   125   11   13 0.125000
   125   11   14 1.000000
   125   11   15 1.000000
   125   11   16 1.000000
   125   11   17 1.000000
   125   11   18 0.729167
   125   11   19 1.000000
   125   11   20 0.770833
   125   11   21 0.937500
   125   11   22 0.937500
   125   11   23 0.937500
   125   11   24 0.937500
   125   11   25 0.083333
   125   11   26 0.989583
   125   11   27 1.000000
   125   12   13 0.125000
   125   12   14 1.000000
   125   12   15 1.000000
   125   12   16 1.000000
   125   12   17 1.000000
   125   12   18 0.729167
   125   12   19 1.000000
   125   12   20 0.770833
   125   12   21 0.937500
   125   12   22 0.937500
   125   12   23 0.937500
   125   12   24 0.937500
   125   12   25 0.083333
   125   12   26 0.989583
   125   12   27 1.000000
   125   13   14 0.125000
   125   13   15 0.125000
   125   13   16 0.125000
   125   13   17 0.125000
   125   13   18 0.125000
   125   13   19 0.125000
   125   13   20 0.125000
   125   13   21 0.062500
   125   13   22 0.062500
   125   13   23 0.062500
   125   13   24 0.062500
   125   13   25 0.083333
   125   13   26 0.125000
   125   13   27 0.125000
   125   14   15 1.000000
   125   14   16 1.000000
   125   14   17 1.000000
   125   14   18 0.729167
   125   14   19 1.000000
   125   14   20 0.770833
   125   14   21 0.937500
   125   14   22 0.937500
   125   14   23 0.937500
   125   14   24 0.937500
   125   14   25 0.083333
   125   14   26 0.989583
   125   14   27 1.000000
   125   15   16 1.000000
   125   15   17 1.000000
   125   15   18 0.729167
   125   15   19 1.000000
   125   15   20 0.770833
   125   15   21 0.937500
   125   15   22 0.937500
   125   15   23 0.937500
   125   15   24 0.937500
   125   15   25 0.083333
   125   15   26 0.989583
   125   15   27 1.000000
   125   16   17 1.000000
   125   16   18 0.729167
   125   16   19 1.000000
   125   16   20 0.770833
   125   16   21 0.937500
   125   16   22 0.937500
   125   16   23 0.937500
   125   16   24 0.937500
   125   16   25 0.083333
   125   16   26 0.989583
   125   16   27 1.000000
   125   17   18 0.729167
   125   17   19 1.000000
   125   17   20 0.770833
   125   17   21 0.937500
   125   17   22 0.937500
   125   17   23 0.937500
   125   17   24 0.937500
   125   17   25 0.083333
   125   17   26 0.989583
   125   17   27 1.000000
   125   18   19 0.729167
   125   18   20 0.500000
   125   18   21 0.666667
   125   18   22 0.666667
   125   18   23 0.666667
   125   18   24 0.666667
   125   18   25 0.354167
   125   18   26 0.718750
   125   18   27 0.729167
   125   19   20 0.770833
   125   19   21 0.937500
   125   19   22 0.937500
   125   19   23 0.937500
   125   19   24 0.937500
   125   19   25 0.083333
   125   19   26 0.989583
   125   19   27 1.000000
   125   20   21 0.708333
   125   20   22 0.708333
   125   20   23 0.708333
   125   20   24 0.708333
   125   20   25 0.083333
   125   20   26 0.781250
   125   20   27 0.770833
   125   21   22 1.000000
   125   21   23 1.000000
   125   21   24 1.000000
   125   21   25 0.020833
   125   21   26 0.927083
   125   21   27 0.937500
   125   22   23 1.000000
   125   22   24 1.000000
   125   22   25 0.020833
   125   22   26 0.927083
   125   22   27 0.937500
   125   23   24 1.000000
   125   23   25 0.020833
   125   23   26 0.927083
   125   23   27 0.937500
   125   24   25 0.020833
   125   24   26 0.927083
   125   24   27 0.937500
   125   25   26 0.083333
   125   25   27 0.083333
   125   26   27 0.989583
   126    2    6 0.750000
   126    2    7 1.000000
   126    2    8 1.000000
   126    2    9 1.000000
   126    2   10 0.989583
   126    2   11 1.000000
   126    2   12 1.000000
   126    2   13 0.875000
   126    2   14 1.000000
   126    2   15 1.000000
   126    2   16 1.000000
   126    2   17 1.000000
   126    2   18 0.729167
   126    2   19 1.000000
   126    2   20 0.770833
   126    2   25 0.166667
   126    2   26 0.989583
   126    2   27 1.000000
   126    6    7 0.750000
   126    6    8 0.750000
   126    6    9 0.750000
   126    6   10 0.739583
   126    6   11 0.750000
   126    6   12 0.750000
   126    6   13 0.625000
   126    6   14 0.750000
   126    6   15 0.750000
   126    6   16 0.750000
   126    6   17 0.750000
   126    6   18 0.979167
   126    6   19 0.750000
   126    6   20 0.520833
   126    6   25 0.416667
   126    6   26 0.739583
   126    6   27 0.750000
   126    7    8 1.000000
   126    7    9 1.000000
   126    7   10 0.989583
   126    7   11 1.000000
   126    7   12 1.000000
   126    7   13 0.875000
   126    7   14 1.000000
   126    7   15 1.000000
   126    7   16 1.000000
   126    7   17 1.000000
   126    7   18 0.729167
   126    7   19 1.000000
   126    7   20 0.770833
   126    7   25 0.166667
   126    7   26 0.989583
   126    7   27 1.000000
   126    8    9 1.000000
   126    8   10 0.989583
   126    8   11 1.000000
   126    8   12 1.000000
   126    8   13 0.875000
   126    8   14 1.000000
   126    8   15 1.000000
   126    8   16 1.000000
   126    8   17 1.000000
   126    8   18 0.729167
   126    8   19 1.000000
   126    8   20 0.770833
   126    8   25 0.166667
   126    8   26 0.989583
   126    8   27 1.000000
   126    9   10 0.989583
   126    9   11 1.000000
   126    9   12 1.000000
   126    9   13 0.875000
   126    9   14 1.000000
   126    9   15 1.000000
   126    9   16 1.000000
   126    9   17 1.000000
   126    9   18 0.729167
   126    9   19 1.000000
   126    9   20 0.770833
   126    9   25 0.166667
   126    9   26 0.989583
   126    9   27 1.000000
   126   10   11 0.989583
   126   10   12 0.989583
   126   10   13 0.864583
   126   10   14 0.989583
   126   10   15 0.989583
   126   10   16 0.989583
   126   10   17 0.989583
   126   10   18 0.718750
   126   10   19 0.989583
   126   10   20 0.781250
   126   10   25 0.166667
   126   10   26 1.000000
   126   10   27 0.989583
   126   11   12 1.000000
   126   11   13 0.875000
   126   11   14 1.000000
   126   11   15 1.000000
   126   11   16 1.000000
   126   11   17 1.000000
   126   11   18 0.729167
   126   11   19 1.000000
   126   11   20 0.770833
   126   11   25 0.166667
   126   11   26 0.989583
   126   11   27 1.000000
   126   12   13 0.875000
   126   12   14 1.000000
   126   12   15 1.000000
   126   12   16 1.000000
   126   12   17 1.000000
   126   12   18 0.729167
   126   12   19 1.000000
   126   12   20 0.770833
   126   12   25 0.166667
   126   12   26 0.989583
   126   12   27 1.000000
   126   13   14 0.875000
   126   13   15 0.875000
   126   13   16 0.875000
   126   13   17 0.875000
   126   13   18 0.604167
   126   13   19 0.875000
   126   13   20 0.770833
   126   13   25 0.083333
   126   13   26 0.864583
   126   13   27 0.875000
   126   14   15 1.000000
   126   14   16 1.000000
   126   14   17 1.000000
   126   14   18 0.729167
   126   14   19 1.000000
   126   14   20 0.770833
   126   14   25 0.166667
   126   14   26 0.989583
   126   14   27 1.000000
   126   15   16 1.000000
   126   15   17 1.000000
   126   15   18 0.729167
   126   15   19 1.000000
   126   15   20 0.770833
   126   15   25 0.166667
   126   15   26 0.989583
   126   15   27 1.000000
   126   16   17 1.000000
   126   16   18 0.729167
   126   16   19 1.000000
   126   16   20 0.770833
   126   16   25 0.166667
   126   16   26 0.989583
   126   16   27 1.000000
   126   17   18 0.729167
   126   17   19 1.000000
   126   17   20 0.770833
   126   17   25 0.166667
   126   17   26 0.989583
   126   17   27 1.000000
   126   18   19 0.729167
   126   18   20 0.500000
   126   18   25 0.437500
   126   18   26 0.718750
   126   18   27 0.729167
   126   19   20 0.770833
   126   19   25 0.166667
   126   19   26 0.989583
   126   19   27 1.000000
   126   20   25 0.083333
   126   20   26 0.781250
   126   20   27 0.770833
   126   25   26 0.166667
   126   25   27 0.166667
   126   26   27 0.989583
   127    1    2 1.000000
   127    1    3 1.000000
   127    1    4 1.000000
   127    1    5 1.000000
   127    1    6 0.750000
   127    1    7 1.000000
   127    1    8 1.000000
   127    1    9 1.000000
   127    1   10 0.989583
   127    1   11 1.000000
   127    1   12 1.000000
   127    1   13 1.000000
   127    1   14 1.000000
   127    1   15 1.000000
   127    1   16 1.000000
   127    1   17 1.000000
   127    1   18 0.729167
   127    1   19 1.000000
   127    1   20 0.770833
   127    1   21 1.000000
   127    1   22 1.000000
   127    1   23 0.979167
   127    1   24 1.000000
   127    1   25 1.000000
   127    1   26 0.989583
   127    1   27 1.000000
   127    2    3 1.000000
   127    2    4 1.000000
   127    2    5 1.000000
   127    2    6 0.750000
   127    2    7 1.000000
   127    2    8 1.000000
   127    2    9 1.000000
   127    2   10 0.989583
   127    2   11 1.000000
   127    2   12 1.000000
   127    2   13 1.000000
   127    2   14 1.000000
   127    2   15 1.000000
   127    2   16 1.000000
   127    2   17 1.000000
   127    2   18 0.729167
   127    2   19 1.000000
   127    2   20 0.770833
   127    2   21 1.000000
   127    2   22 1.000000
   127    2   23 0.979167
   127    2   24 1.000000
   127    2   25 1.000000
   127    2   26 0.989583
   127    2   27 1.000000
   127    3    4 1.000000
   127    3    5 1.000000
   127    3    6 0.750000
   127    3    7 1.000000
   127    3    8 1.000000
   127    3    9 1.000000
   127    3   10 0.989583
   127    3   11 1.000000
   127    3   12 1.000000
   127    3   13 1.000000
   127    3   14 1.000000
   127    3   15 1.000000
   127    3   16 1.000000
   127    3   17 1.000000
   127    3   18 0.729167
   127    3   19 1.000000
   127    3   20 0.770833
   127    3   21 1.000000
   127    3   22 1.000000
   127    3   23 0.979167
   127    3   24 1.000000
   127    3   25 1.000000
   127    3   26 0.989583
   127    3   27 1.000000
   127    4    5 1.000000
   127    4    6 0.750000
   127    4    7 1.000000
   127    4    8 1.000000
   127    4    9 1.000000
   127    4   10 0.989583
   127    4   11 1.000000
   127    4   12 1.000000
   127    4   13 1.000000
   127    4   14 1.000000
   127    4   15 1.000000
   127    4   16 1.000000
   127    4   17 1.000000
   127    4   18 0.729167
   127    4   19 1.000000
   127    4   20 0.770833
   127    4   21 1.000000
   127    4   22 1.000000
   127    4   23 0.979167
   127    4   24 1.000000
   127    4   25 1.000000
   127    4   26 0.989583
   127    4   27 1.000000
   127    5    6 0.750000
   127    5    7 1.000000
   127    5    8 1.000000
   127    5    9 1.000000
   127    5   10 0.989583
   127    5   11 1.000000
   127    5   12 1.000000
   127    5   13 1.000000
   127    5   14 1.000000
   127    5   15 1.000000
   127    5   16 1.000000
   127    5   17 1.000000
   127    5   18 0.729167
   127    5   19 1.000000
   127    5   20 0.770833
   127    5   21 1.000000
   127    5   22 1.000000
   127    5   23 0.979167
   127    5   24 1.000000
   127    5   25 1.000000
   127    5   26 0.989583
   127    5   27 1.000000
   127    6    7 0.750000
   127    6    8 0.750000
   127    6    9 0.750000
   127    6   10 0.739583
   127    6   11 0.750000
   127    6   12 0.750000
   127    6   13 0.750000
   127    6   14 0.750000
   127    6   15 0.750000
   127    6   16 0.750000
   127    6   17 0.750000
   127    6   18 0.979167
   127    6   19 0.750000
   127    6   20 0.520833
   127    6   21 0.750000
   127    6   22 0.750000
   127    6   23 0.729167
   127    6   24 0.750000
   127    6   25 0.750000
   127    6   26 0.739583
   127    6   27 0.750000
   127    7    8 1.000000
   127    7    9 1.000000
   127    7   10 0.989583
   127    7   11 1.000000
   127    7   12 1.000000
   127    7   13 1.000000
   127    7   14 1.000000
   127    7   15 1.000000
   127    7   16 1.000000
   127    7   17 1.000000
   127    7   18 0.729167
   127    7   19 1.000000
   127    7   20 0.770833
   127    7   21 1.000000
   127    7   22 1.000000
   127    7   23 0.979167
   127    7   24 1.000000
   127    7   25 1.000000
   127    7   26 0.989583
   127    7   27 1.000000
   127    8    9 1.000000
   127    8   10 0.989583
   127    8   11 1.000000
   127    8   12 1.000000
   127    8   13 1.000000
   127    8   14 1.000000
   127    8   15 1.000000
   127    8   16 1.000000
   127    8   17 1.000000
   127    8   18 0.729167
   127    8   19 1.000000
   127    8   20 0.770833
   127    8   21 1.000000
   127    8   22 1.000000
   127    8   23 0.979167
   127    8   24 1.000000
   127    8   25 1.000000
   127    8   26 0.989583
   127    8   27 1.000000
   127    9   10 0.989583
   127    9   11 1.000000
   127    9   12 1.000000
   127    9   13 1.000000
   127    9   14 1.000000
   127    9   15 1.000000
   127    9   16 1.000000
   127    9   17 1.000000
   127    9   18 0.729167
   127    9   19 1.000000
   127    9   20 0.770833
   127    9   21 1.000000
   127    9   22 1.000000
   127    9   23 0.979167
   127    9   24 1.000000
   127    9   25 1.000000
   127    9   26 0.989583
   127    9   27 1.000000
   127   10   11 0.989583
   127   10   12 0.989583
   127   10   13 0.989583
   127   10   14 0.989583
   127   10   15 0.989583
   127   10   16 0.989583
   127   10   17 0.989583
   127   10   18 0.718750
   127   10   19 0.989583
   127   10   20 0.781250
   127   10   21 0.989583
   127   10   22 0.989583
   127   10   23 0.968750
   127   10   24 0.989583
   127   10   25 0.989583
   127   10   26 1.000000
   127   10   27 0.989583
   127   11   12 1.000000
   127   11   13 1.000000
   127   11   14 1.000000
   127   11   15 1.000000
   127   11   16 1.000000
   127   11   17 1.000000
   127   11   18 0.729167
   127   11   19 1.000000
   127   11   20 0.770833
   127   11   21 1.000000
   127   11   22 1.000000
   127   11   23 0.979167
   127   11   24 1.000000
   127   11   25 1.000000
   127   11   26 0.989583
   127   11   27 1.000000
   127   12   13 1.000000
   127   12   14 1.000000
   127   12   15 1.000000
   127   12   16 1.000000
   127   12   17 1.000000
   127   12   18 0.729167
   127   12   19 1.000000
   127   12   20 0.770833
   127   12   21 1.000000
   127   12   22 1.000000
   127   12   23 0.979167
   127   12   24 1.000000
   127   12   25 1.000000
   127   12   26 0.989583
   127   12   27 1.000000
   127   13   14 1.000000
   127   13   15 1.000000
   127   13   16 1.000000
   127   13   17 1.000000
   127   13   18 0.729167
   127   13   19 1.000000
   127   13   20 0.770833
   127   13   21 1.000000
   127   13   22 1.000000
   127   13   23 0.979167
   127   13   24 1.000000
   127   13   25 1.000000
   127   13   26 0.989583
   127   13   27 1.000000
   127   14   15 1.000000
   127   14   16 1.000000
   127   14   17 1.000000
   127   14   18 0.729167
   127   14   19 1.000000
   127   14   20 0.770833
   127   14   21 1.000000
   127   14   22 1.000000
   127   14   23 0.979167
   127   14   24 1.000000
   127   14   25 1.000000
   127   14   26 0.989583
   127   14   27 1.000000
   127   15   16 1.000000
   127   15   17 1.000000
   127   15   18 0.729167
   127   15   19 1.000000
   127   15   20 0.770833
   127   15   21 1.000000
   127   15   22 1.000000
   127   15   23 0.979167
   127   15   24 1.000000
   127   15   25 1.000000
   127   15   26 0.989583
   127   15   27 1.000000
   127   16   17 1.000000
   127   16   18 0.729167
   127   16   19 1.000000
   127   16   20 0.770833
   127   16   21 1.000000
   127   16   22 1.000000
   127   16   23 0.979167
   127   16   24 1.000000
   127   16   25 1.000000
   127   16   26 0.989583
   127   16   27 1.000000
   127   17   18 0.729167
   127   17   19 1.000000
   127   17   20 0.770833
   127   17   21 1.000000
   127   17   22 1.000000
   127   17   23 0.979167
   127   17   24 1.000000
   127   17   25 1.000000
   127   17   26 0.989583
   127   17   27 1.000000
   127   18   19 0.729167
   127   18   20 0.500000
   127   18   21 0.729167
   127   18   22 0.729167
   127   18   23 0.708333
   127   18   24 0.729167
   127   18   25 0.729167
   127   18   26 0.718750
   127   18   27 0.729167
   127   19   20 0.770833
   127   19   21 1.000000
   127   19   22 1.000000
   127   19   23 0.979167
   127   19   24 1.000000
   127   19   25 1.000000
   127   19   26 0.989583
   127   19   27 1.000000
   127   20   21 0.770833
   127   20   22 0.770833
   127   20   23 0.770833
   127   20   24 0.770833
   127   20   25 0.770833
   127   20   26 0.781250
   127   20   27 0.770833
   127   21   22 1.000000
   127   21   23 0.979167
   127   21   24 1.000000
   127   21   25 1.000000
   127   21   26 0.989583
   127   21   27 1.000000
   127   22   23 0.979167
   127   22   24 1.000000
   127   22   25 1.000000
   127   22   26 0.989583
   127   22   27 1.000000
   127   23   24 0.979167
   127   23   25 0.979167
   127   23   26 0.968750
   127   23   27 0.979167
   127   24   25 1.000000
   127   24   26 0.989583
   127   24   27 1.000000
   127   25   26 0.989583
   127   25   27 1.000000
   127   26   27 0.989583
   128    1    2 1.000000
   128    1    3 1.000000
   128    1    4 1.000000
   128    1    5 1.000000
   128    1    6 0.750000
   128    1    7 1.000000
   128    1    8 1.000000
   128    1    9 1.000000
   128    1   10 0.989583
   128    1   11 1.000000
   128    1   12 1.000000
   128    1   13 1.000000
   128    1   14 1.000000
   128    1   15 1.000000
   128    1   16 1.000000
   128    1   17 1.000000
   128    1   18 0.729167
   128    1   19 1.000000
   128    1   20 0.770833
   128    1   21 1.000000
   128    1   22 1.000000
   128    1   23 0.979167
   128    1   24 1.000000
   128    1   25 1.000000
   128    1   26 0.989583
   128    1   27 1.000000
   128    2    3 1.000000
   128    2    4 1.000000
   128    2    5 1.000000
   128    2    6 0.750000
   128    2    7 1.000000
   128    2    8 1.000000
   128    2    9 1.000000
   128    2   10 0.989583
   128    2   11 1.000000
   128    2   12 1.000000
   128    2   13 1.000000
   128    2   14 1.000000
   128    2   15 1.000000
   128    2   16 1.000000
   128    2   17 1.000000
   128    2   18 0.729167
   128    2   19 1.000000
   128    2   20 0.770833
   128    2   21 1.000000
   128    2   22 1.000000
   128    2   23 0.979167
   128    2   24 1.000000
   128    2   25 1.000000
   128    2   26 0.989583
   128    2   27 1.000000
   128    3    4 1.000000
   128    3    5 1.000000
   128    3    6 0.750000
   128    3    7 1.000000
   128    3    8 1.000000
   128    3    9 1.000000
   128    3   10 0.989583
   128    3   11 1.000000
   128    3   12 1.000000
   128    3   13 1.000000
   128    3   14 1.000000
   128    3   15 1.000000
   128    3   16 1.000000
   128    3   17 1.000000
   128    3   18 0.729167
   128    3   19 1.000000
   128    3   20 0.770833
   128    3   21 1.000000
   128    3   22 1.000000
   128    3   23 0.979167
   128    3   24 1.000000
   128    3   25 1.000000
   128    3   26 0.989583
   128    3   27 1.000000
   128    4    5 1.000000
   128    4    6 0.750000
   128    4    7 1.000000
   128    4    8 1.000000
   128    4    9 1.000000
   128    4   10 0.989583
   128    4   11 1.000000
   128    4   12 1.000000
   128    4   13 1.000000
   128    4   14 1.000000
   128    4   15 1.000000
   128    4   16 1.000000
   128    4   17 1.000000
   128    4   18 0.729167
   128    4   19 1.000000
   128    4   20 0.770833
   128    4   21 1.000000
   128    4   22 1.000000
   128    4   23 0.979167
   128    4   24 1.000000
   128    4   25 1.000000
   128    4   26 0.989583
   128    4   27 1.000000
   128    5    6 0.750000
   128    5    7 1.000000
   128    5    8 1.000000
   128    5    9 1.000000
   128    5   10 0.989583
   128    5   11 1.000000
   128    5   12 1.000000
   128    5   13 1.000000
   128    5   14 1.000000
   128    5   15 1.000000
   128    5   16 1.000000
   128    5   17 1.000000
   128    5   18 0.729167
   128    5   19 1.000000
   128    5   20 0.770833
   128    5   21 1.000000
   128    5   22 1.000000
   128    5   23 0.979167
   128    5   24 1.000000
   128    5   25 1.000000
   128    5   26 0.989583
   128    5   27 1.000000
   128    6    7 0.750000
   128    6    8 0.750000
   128    6    9 0.750000
   128    6   10 0.739583
   128    6   11 0.750000
   128    6   12 0.750000
   128    6   13 0.750000
   128    6   14 0.750000
   128    6   15 0.750000
   128    6   16 0.750000
   128    6   17 0.750000
   128    6   18 0.979167
   128    6   19 0.750000
   128    6   20 0.520833
   128    6   21 0.750000
   128    6   22 0.750000
   128    6   23 0.729167
   128    6   24 0.750000
   128    6   25 0.750000
   128    6   26 0.739583
   128    6   27 0.750000
   128    7    8 1.000000
   128    7    9 1.000000
   128    7   10 0.989583
   128    7   11 1.000000
   128    7   12 1.000000
   128    7   13 1.000000
   128    7   14 1.000000
   128    7   15 1.000000
   128    7   16 1.000000
   128    7   17 1.000000
   128    7   18 0.729167
   128    7   19 1.000000
   128    7   20 0.770833
   128    7   21 1.000000
   128    7   22 1.000000
   128    7   23 0.979167
   128    7   24 1.000000
   128    7   25 1.000000
   128    7   26 0.989583
   128    7   27 1.000000
   128    8    9 1.000000
   128    8   10 0.989583
   128    8   11 1.000000
   128    8   12 1.000000
   128    8   13 1.000000
   128    8   14 1.000000
   128    8   15 1.000000
   128    8   16 1.000000
   128    8   17 1.000000
   128    8   18 0.729167
   128    8   19 1.000000
   128    8   20 0.770833
   128    8   21 1.000000
   128    8   22 1.000000
   128    8   23 0.979167
   128    8   24 1.000000
   128    8   25 1.000000
   128    8   26 0.989583
   128    8   27 1.000000
   128    9   10 0.989583
   128    9   11 1.000000
   128    9   12 1.000000
   128    9   13 1.000000
   128    9   14 1.000000
   128    9   15 1.000000
   128    9   16 1.000000
   128    9   17 1.000000
   128    9   18 0.729167
   128    9   19 1.000000
   128    9   20 0.770833
   128    9   21 1.000000
   128    9   22 1.000000
   128    9   23 0.979167
   128    9   24 1.000000
   128    9   25 1.000000
   128    9   26 0.989583
   128    9   27 1.000000
   128   10   11 0.989583
   128   10   12 0.989583
   128   10   13 0.989583
   128   10   14 0.989583
   128   10   15 0.989583
   128   10   16 0.989583
   128   10   17 0.989583
   128   10   18 0.718750
   128   10   19 0.989583
   128   10   20 0.781250
   128   10   21 0.989583
   128   10   22 0.989583
   128   10   23 0.968750
   128   10   24 0.989583
   128   10   25 0.989583
   128   10   26 1.000000
   128   10   27 0.989583
   128   11   12 1.000000
   128   11   13 1.000000
   128   11   14 1.000000
   128   11   15 1.000000
   128   11   16 1.000000
   128   11   17 1.000000
   128   11   18 0.729167
   128   11   19 1.000000
   128   11   20 0.770833
   128   11   21 1.000000
   128   11   22 1.000000
   128   11   23 0.979167
   128   11   24 1.000000
   128   11   25 1.000000
   128   11   26 0.989583
   128   11   27 1.000000
   128   12   13 1.000000
   128   12   14 1.000000
   128   12   15 1.000000
   128   12   16 1.000000
   128   12   17 1.000000
   128   12   18 0.729167
   128   12   19 1.000000
   128   12   20 0.770833
   128   12   21 1.000000
   128   12   22 1.000000
   128   12   23 0.979167
   128   12   24 1.000000
   128   12   25 1.000000
   128   12   26 0.989583
   128   12   27 1.000000
   128   13   14 1.000000
   128   13   15 1.000000
   128   13   16 1.000000
   128   13   17 1.000000
   128   13   18 0.729167
   128   13   19 1.000000
   128   13   20 0.770833
   128   13   21 1.000000
   128   13   22 1.000000
   128   13   23 0.979167
   128   13   24 1.000000
   128   13   25 1.000000
   128   13   26 0.989583
   128   13   27 1.000000
   128   14   15 1.000000
   128   14   16 1.000000
   128   14   17 1.000000
   128   14   18 0.729167
   128   14   19 1.000000
   128   14   20 0.770833
   128   14   21 1.000000
   128   14   22 1.000000
   128   14   23 0.979167
   128   14   24 1.000000
   128   14   25 1.000000
   128   14   26 0.989583
   128   14   27 1.000000
   128   15   16 1.000000
   128   15   17 1.000000
   128   15   18 0.729167
   128   15   19 1.000000
   128   15   20 0.770833
   128   15   21 1.000000
   128   15   22 1.000000
   128   15   23 0.979167
   128   15   24 1.000000
   128   15   25 1.000000
   128   15   26 0.989583
   128   15   27 1.000000
   128   16   17 1.000000
   128   16   18 0.729167
   128   16   19 1.000000
   128   16   20 0.770833
   128   16   21 1.000000
   128   16   22 1.000000
   128   16   23 0.979167
   128   16   24 1.000000
   128   16   25 1.000000
   128   16   26 0.989583
   128   16   27 1.000000
   128   17   18 0.729167
   128   17   19 1.000000
   128   17   20 0.770833
   128   17   21 1.000000
   128   17   22 1.000000
   128   17   23 0.979167
   128   17   24 1.000000
   128   17   25 1.000000
   128   17   26 0.989583
   128   17   27 1.000000
   128   18   19 0.729167
   128   18   20 0.500000
   128   18   21 0.729167
   128   18   22 0.729167
   128   18   23 0.708333
   128   18   24 0.729167
   128   18   25 0.729167
   128   18   26 0.718750
   128   18   27 0.729167
   128   19   20 0.770833
   128   19   21 1.000000
   128   19   22 1.000000
   128   19   23 0.979167
   128   19   24 1.000000
   128   19   25 1.000000
   128   19   26 0.989583
   128   19   27 1.000000
   128   20   21 0.770833
   128   20   22 0.770833
   128   20   23 0.770833
   128   20   24 0.770833
   128   20   25 0.770833
   128   20   26 0.781250
   128   20   27 0.770833
   128   21   22 1.000000
   128   21   23 0.979167
   128   21   24 1.000000
   128   21   25 1.000000
   128   21   26 0.989583
   128   21   27 1.000000
   128   22   23 0.979167
   128   22   24 1.000000
   128   22   25 1.000000
   128   22   26 0.989583
   128   22   27 1.000000
   128   23   24 0.979167
   128   23   25 0.979167
   128   23   26 0.968750
   128   23   27 0.979167
   128   24   25 1.000000
   128   24   26 0.989583
   128   24   27 1.000000
   128   25   26 0.989583
   128   25   27 1.000000
   128   26   27 0.989583
   129    1    2 1.000000
   129    1    3 1.000000
   129    1    4 1.000000
   129    1    5 1.000000
   129    1    6 1.000000
   129    1    7 1.000000
   129    1    8 1.000000
   129    1    9 1.000000
   129    1   10 1.000000
   129    1   11 1.000000
   129    1   12 1.000000
   129    1   13 1.000000
   129    1   14 1.000000
   129    1   15 1.000000
   129    1   16 1.000000
   129    1   17 1.000000
   129    1   18 1.000000
   129    1   19 1.000000
   129    1   20 1.000000
   129    1   21 1.000000
   129    1   22 1.000000
   129    1   23 1.000000
   129    1   24 1.000000
   129    1   25 1.000000
   129    1   26 1.000000
   129    1   27 1.000000
   129    2    3 1.000000
   129    2    4 1.000000
   129    2    5 1.000000
   129    2    6 1.000000
   129    2    7 1.000000
   129    2    8 1.000000
   129    2    9 1.000000
   129    2   10 1.000000
   129    2   11 1.000000
   129    2   12 1.000000
   129    2   13 1.000000
   129    2   14 1.000000
   129    2   15 1.000000
   129    2   16 1.000000
   129    2   17 1.000000
   129    2   18 1.000000
   129    2   19 1.000000
   129    2   20 1.000000
   129    2   21 1.000000
   129    2   22 1.000000
   129    2   23 1.000000
   129    2   24 1.000000
   129    2   25 1.000000
   129    2   26 1.000000
   129    2   27 1.000000
   129    3    4 1.000000
   129    3    5 1.000000
   129    3    6 1.000000
   129    3    7 1.000000
   129    3    8 1.000000
   129    3    9 1.000000
   129    3   10 1.000000
   129    3   11 1.000000
   129    3   12 1.000000
   129    3   13 1.000000
   129    3   14 1.000000
   129    3   15 1.000000
   129    3   16 1.000000
   129    3   17 1.000000
   129    3   18 1.000000
   129    3   19 1.000000
   129    3   20 1.000000
   129    3   21 1.000000
   129    3   22 1.000000
   129    3   23 1.000000
   129    3   24 1.000000
   129    3   25 1.000000
   129    3   26 1.000000
   129    3   27 1.000000
   129    4    5 1.000000
   129    4    6 1.000000
   129    4    7 1.000000
   129    4    8 1.000000
   129    4    9 1.000000
   129    4   10 1.000000
   129    4   11 1.000000
   129    4   12 1.000000
   129    4   13 1.000000
   129    4   14 1.000000
   129    4   15 1.000000
   129    4   16 1.000000
   129    4   17 1.000000
   129    4   18 1.000000
   129    4   19 1.000000
   129    4   20 1.000000
   129    4   21 1.000000
   129    4   22 1.000000
   129    4   23 1.000000
   129    4   24 1.000000
   129    4   25 1.000000
   129    4   26 1.000000
   129    4   27 1.000000
   129    5    6 1.000000
   129    5    7 1.000000
   129    5    8 1.000000
   129    5    9 1.000000
   129    5   10 1.000000
   129    5   11 1.000000
   129    5   12 1.000000
   129    5   13 1.000000
   129    5   14 1.000000
   129    5   15 1.000000
   129    5   16 1.000000
   129    5   17 1.000000
   129    5   18 1.000000
   129    5   19 1.000000
   129    5   20 1.000000
   129    5   21 1.000000
   129    5   22 1.000000
   129    5   23 1.000000
   129    5   24 1.000000
   129    5   25 1.000000
   129    5   26 1.000000
   129    5   27 1.000000
   129    6    7 1.000000
   129    6    8 1.000000
   129    6    9 1.000000
   129    6   10 1.000000
   129    6   11 1.000000
   129    6   12 1.000000
   129    6   13 1.000000
   129    6   14 1.000000
   129    6   15 1.000000
   129    6   16 1.000000
   129    6   17 1.000000
   129    6   18 1.000000
   129    6   19 1.000000
   129    6   20 1.000000
   129    6   21 1.000000
   129    6   22 1.000000
   129    6   23 1.000000
   129    6   24 1.000000
   129    6   25 1.000000
   129    6   26 1.000000
   129    6   27 1.000000
   129    7    8 1.000000
   129    7    9 1.000000
   129    7   10 1.000000
   129    7   11 1.000000
   129    7   12 1.000000
   129    7   13 1.000000
   129    7   14 1.000000
   129    7   15 1.000000
   129    7   16 1.000000
   129    7   17 1.000000
   129    7   18 1.000000
   129    7   19 1.000000
   129    7   20 1.000000
   129    7   21 1.000000
   129    7   22 1.000000
   129    7   23 1.000000
   129    7   24 1.000000
   129    7   25 1.000000
   129    7   26 1.000000
   129    7   27 1.000000
   129    8    9 1.000000
   129    8   10 1.000000
   129    8   11 1.000000
   129    8   12 1.000000
   129    8   13 1.000000
   129    8   14 1.000000
   129    8   15 1.000000
   129    8   16 1.000000
   129    8   17 1.000000
   129    8   18 1.000000
   129    8   19 1.000000
   129    8   20 1.000000
   129    8   21 1.000000
   129    8   22 1.000000
   129    8   23 1.000000
   129    8   24 1.000000
   129    8   25 1.000000
   129    8   26 1.000000
   129    8   27 1.000000
   129    9   10 1.000000
   129    9   11 1.000000
   129    9   12 1.000000
   129    9   13 1.000000
   129    9   14 1.000000
   129    9   15 1.000000
   129    9   16 1.000000
   129    9   17 1.000000
   129    9   18 1.000000
   129    9   19 1.000000
   129    9   20 1.000000
   129    9   21 1.000000
   129    9   22 1.000000
   129    9   23 1.000000
   129    9   24 1.000000
   129    9   25 1.000000
   129    9   26 1.000000
   129    9   27 1.000000
   129   10   11 1.000000
   129   10   12 1.000000
   129   10   13 1.000000
   129   10   14 1.000000
   129   10   15 1.000000
   129   10   16 1.000000
   129   10   17 1.000000
   129   10   18 1.000000
   129   10   19 1.000000
   129   10   20 1.000000
   129   10   21 1.000000
   129   10   22 1.000000
   129   10   23 1.000000
   129   10   24 1.000000
   129   10   25 1.000000
   129   10   26 1.000000
   129   10   27 1.000000
   129   11   12 1.000000
   129   11   13 1.000000
   129   11   14 1.000000
   129   11   15 1.000000
   129   11   16 1.000000
   129   11   17 1.000000
   129   11   18 1.000000
   129   11   19 1.000000
   129   11   20 1.000000
   129   11   21 1.000000
   129   11   22 1.000000
   129   11   23 1.000000
   129   11   24 1.000000
   129   11   25 1.000000
   129   11   26 1.000000
   129   11   27 1.000000
   129   12   13 1.000000
   129   12   14 1.000000
   129   12   15 1.000000
   129   12   16 1.000000
   129   12   17 1.000000
   129   12   18 1.000000
   129   12   19 1.000000
   129   12   20 1.000000
   129   12   21 1.000000
   129   12   22 1.000000
   129   12   23 1.000000
   129   12   24 1.000000
   129   12   25 1.000000
   129   12   26 1.000000
   129   12   27 1.000000
   129   13   14 1.000000
   129   13   15 1.000000
   129   13   16 1.000000
   129   13   17 1.000000
   129   13   18 1.000000
   129   13   19 1.000000
   129   13   20 1.000000
   129   13   21 1.000000
   129   13   22 1.000000
   129   13   23 1.000000
   129   13   24 1.000000
   129   13   25 1.000000
   129   13   26 1.000000
   129   13   27 1.000000
   129   14   15 1.000000
   129   14   16 1.000000
   129   14   17 1.000000
   129   14   18 1.000000
   129   14   19 1.000000
   129   14   20 1.000000
   129   14   21 1.000000
   129   14   22 1.000000
   129   14   23 1.000000
   129   14   24 1.000000
   129   14   25 1.000000
   129   14   26 1.000000
   129   14   27 1.000000
   129   15   16 1.000000
   129   15   17 1.000000
   129   15   18 1.000000
   129   15   19 1.000000
   129   15   20 1.000000
   129   15   21 1.000000
   129   15   22 1.000000
   129   15   23 1.000000
   129   15   24 1.000000
   129   15   25 1.000000
   129   15   26 1.000000
   129   15   27 1.000000
   129   16   17 1.000000
   129   16   18 1.000000
   129   16   19 1.000000
   129   16   20 1.000000
   129   16   21 1.000000
   129   16   22 1.000000
   129   16   23 1.000000
   129   16   24 1.000000
   129   16   25 1.000000
   129   16   26 1.000000
   129   16   27 1.000000
   129   17   18 1.000000
   129   17   19 1.000000
   129   17   20 1.000000
   129   17   21 1.000000
   129   17   22 1.000000
   129   17   23 1.000000
   129   17   24 1.000000
   129   17   25 1.000000
   129   17   26 1.000000
   129   17   27 1.000000
   129   18   19 1.000000
   129   18   20 1.000000
   129   18   21 1.000000
   129   18   22 1.000000
   129   18   23 1.000000
   129   18   24 1.000000
   129   18   25 1.000000
   129   18   26 1.000000
   129   18   27 1.000000
   129   19   20 1.000000
   129   19   21 1.000000
   129   19   22 1.000000
   129   19   23 1.000000
   129   19   24 1.000000
   129   19   25 1.000000
   129   19   26 1.000000
   129   19   27 1.000000
   129   20   21 1.000000
   129   20   22 1.000000
   129   20   23 1.000000
   129   20   24 1.000000
   129   20   25 1.000000
   129   20   26 1.000000
   129   20   27 1.000000
   129   21   22 1.000000
   129   21   23 1.000000
   129   21   24 1.000000
   129   21   25 1.000000
   129   21   26 1.000000
   129   21   27 1.000000
   129   22   23 1.000000
   129   22   24 1.000000
   129   22   25 1.000000
   129   22   26 1.000000
   129   22   27 1.000000
   129   23   24 1.000000
   129   23   25 1.000000
   129   23   26 1.000000
   129   23   27 1.000000
   129   24   25 1.000000
   129   24   26 1.000000
   129   24   27 1.000000
   129   25   26 1.000000
   129   25   27 1.000000
   129   26   27 1.000000
   130    1    2 1.000000
   130    1    3 1.000000
   130    1    4 1.000000
   130    1    5 1.000000
   130    1    6 1.000000
   130    1    7 1.000000
   130    1    8 1.000000
   130    1    9 1.000000
   130    1   10 1.000000
   130    1   11 1.000000
   130    1   12 1.000000
   130    1   13 1.000000
   130    1   14 1.000000
   130    1   15 1.000000
   130    1   16 1.000000
   130    1   17 1.000000
   130    1   18 1.000000
   130    1   19 1.000000
   130    1   20 1.000000
   130    1   21 1.000000
   130    1   22 1.000000
   130    1   23 1.000000
   130    1   24 1.000000
   130    1   25 1.000000
   130    1   26 1.000000
   130    1   27 1.000000
   130    2    3 1.000000
   130    2    4 1.000000
   130    2    5 1.000000
   130    2    6 1.000000
   130    2    7 1.000000
   130    2    8 1.000000
   130    2    9 1.000000
   130    2   10 1.000000
   130    2   11 1.000000
   130    2   12 1.000000
   130    2   13 1.000000
   130    2   14 1.000000
   130    2   15 1.000000
   130    2   16 1.000000
   130    2   17 1.000000
   130    2   18 1.000000
   130    2   19 1.000000
   130    2   20 1.000000
   130    2   21 1.000000
   130    2   22 1.000000
   130    2   23 1.000000
   130    2   24 1.000000
   130    2   25 1.000000
   130    2   26 1.000000
   130    2   27 1.000000
   130    3    4 1.000000
   130    3    5 1.000000
   130    3    6 1.000000
   130    3    7 1.000000
   130    3    8 1.000000
   130    3    9 1.000000
   130    3   10 1.000000
   130    3   11 1.000000
   130    3   12 1.000000
   130    3   13 1.000000
   130    3   14 1.000000
   130    3   15 1.000000
   130    3   16 1.000000
   130    3   17 1.000000
   130    3   18 1.000000
   130    3   19 1.000000
   130    3   20 1.000000
   130    3   21 1.000000
   130    3   22 1.000000
   130    3   23 1.000000
   130    3   24 1.000000
   130    3   25 1.000000
   130    3   26 1.000000
   130    3   27 1.000000
   130    4    5 1.000000
   130    4    6 1.000000
   130    4    7 1.000000
   130    4    8 1.000000
   130    4    9 1.000000
   130    4   10 1.000000
   130    4   11 1.000000
   130    4   12 1.000000
   130    4   13 1.000000
   130    4   14 1.000000
   130    4   15 1.000000
   130    4   16 1.000000
   130    4   17 1.000000
   130    4   18 1.000000
   130    4   19 1.000000
   130    4   20 1.000000
   130    4   21 1.000000
   130    4   22 1.000000
   130    4   23 1.000000
   130    4   24 1.000000
   130    4   25 1.000000
   130    4   26 1.000000
   130    4   27 1.000000
   130    5    6 1.000000
   130    5    7 1.000000
   130    5    8 1.000000
   130    5    9 1.000000
   130    5   10 1.000000
   130    5   11 1.000000
   130    5   12 1.000000
   130    5   13 1.000000
   130    5   14 1.000000
   130    5   15 1.000000
   130    5   16 1.000000
   130    5   17 1.000000
   130    5   18 1.000000
   130    5   19 1.000000
   130    5   20 1.000000
   130    5   21 1.000000
   130    5   22 1.000000
   130    5   23 1.000000
   130    5   24 1.000000
   130    5   25 1.000000
   130    5   26 1.000000
   130    5   27 1.000000
   130    6    7 1.000000
   130    6    8 1.000000
   130    6    9 1.000000
   130    6   10 1.000000
   130    6   11 1.000000
   130    6   12 1.000000
   130    6   13 1.000000
   130    6   14 1.000000
   130    6   15 1.000000
   130    6   16 1.000000
   130    6   17 1.000000
   130    6   18 1.000000
   130    6   19 1.000000
   130    6   20 1.000000
   130    6   21 1.000000
   130    6   22 1.000000
   130    6   23 1.000000
   130    6   24 1.000000
   130    6   25 1.000000
   130    6   26 1.000000
   130    6   27 1.000000
   130    7    8 1.000000
   130    7    9 1.000000
   130    7   10 1.000000
   130    7   11 1.000000
   130    7   12 1.000000
   130    7   13 1.000000
   130    7   14 1.000000
   130    7   15 1.000000
   130    7   16 1.000000
   130    7   17 1.000000
   130    7   18 1.000000
   130    7   19 1.000000
   130    7   20 1.000000
   130    7   21 1.000000
   130    7   22 1.000000
   130    7   23 1.000000
   130    7   24 1.000000
   130    7   25 1.000000
   130    7   26 1.000000
   130    7   27 1.000000
   130    8    9 1.000000
   130    8   10 1.000000
   130    8   11 1.000000
   130    8   12 1.000000
   130    8   13 1.000000
   130    8   14 1.000000
   130    8   15 1.000000
   130    8   16 1.000000
   130    8   17 1.000000
   130    8   18 1.000000
   130    8   19 1.000000
   130    8   20 1.000000
   130    8   21 1.000000
   130    8   22 1.000000
   130    8   23 1.000000
   130    8   24 1.000000
   130    8   25 1.000000
   130    8   26 1.000000
   130    8   27 1.000000
   130    9   10 1.000000
   130    9   11 1.000000
   130    9   12 1.000000
   130    9   13 1.000000
   130    9   14 1.000000
   130    9   15 1.000000
   130    9   16 1.000000
   130    9   17 1.000000
   130    9   18 1.000000
   130    9   19 1.000000
   130    9   20 1.000000
   130    9   21 1.000000
   130    9   22 1.000000
   130    9   23 1.000000
   130    9   24 1.000000
   130    9   25 1.000000
   130    9   26 1.000000
   130    9   27 1.000000
   130   10   11 1.000000
   130   10   12 1.000000
   130   10   13 1.000000
   130   10   14 1.000000
   130   10   15 1.000000
   130   10   16 1.000000
   130   10   17 1.000000
   130   10   18 1.000000
   130   10   19 1.000000
   130   10   20 1.000000
   130   10   21 1.000000
   130   10   22 1.000000
   130   10   23 1.000000
   130   10   24 1.000000
   130   10   25 1.000000
   130   10   26 1.000000
   130   10   27 1.000000
   130   11   12 1.000000
   130   11   13 1.000000
   130   11   14 1.000000
   130   11   15 1.000000
   130   11   16 1.000000
   130   11   17 1.000000
   130   11   18 1.000000
   130   11   19 1.000000
   130   11   20 1.000000
   130   11   21 1.000000
   130   11   22 1.000000
   130   11   23 1.000000
   130   11   24 1.000000
   130   11   25 1.000000
   130   11   26 1.000000
   130   11   27 1.000000
   130   12   13 1.000000
   130   12   14 1.000000
   130   12   15 1.000000
   130   12   16 1.000000
   130   12   17 1.000000
   130   12   18 1.000000
   130   12   19 1.000000
   130   12   20 1.000000
   130   12   21 1.000000
   130   12   22 1.000000
   130   12   23 1.000000
   130   12   24 1.000000
   130   12   25 1.000000
   130   12   26 1.000000
   130   12   27 1.000000
   130   13   14 1.000000
   130   13   15 1.000000
   130   13   16 1.000000
   130   13   17 1.000000
   130   13   18 1.000000
   130   13   19 1.000000
   130   13   20 1.000000
   130   13   21 1.000000
   130   13   22 1.000000
   130   13   23 1.000000
   130   13   24 1.000000
   130   13   25 1.000000
   130   13   26 1.000000
   130   13   27 1.000000
   130   14   15 1.000000
   130   14   16 1.000000
   130   14   17 1.000000
   130   14   18 1.000000
   130   14   19 1.000000
   130   14   20 1.000000
   130   14   21 1.000000
   130   14   22 1.000000
   130   14   23 1.000000
   130   14   24 1.000000
   130   14   25 1.000000
   130   14   26 1.000000
   130   14   27 1.000000
   130   15   16 1.000000
   130   15   17 1.000000
   130   15   18 1.000000
   130   15   19 1.000000
   130   15   20 1.000000
   130   15   21 1.000000
   130   15   22 1.000000
   130   15   23 1.000000
   130   15   24 1.000000
   130   15   25 1.000000
   130   15   26 1.000000
   130   15   27 1.000000
   130   16   17 1.000000
   130   16   18 1.000000
   130   16   19 1.000000
   130   16   20 1.000000
   130   16   21 1.000000
   130   16   22 1.000000
   130   16   23 1.000000
   130   16   24 1.000000
   130   16   25 1.000000
   130   16   26 1.000000
   130   16   27 1.000000
   130   17   18 1.000000
   130   17   19 1.000000
   130   17   20 1.000000
   130   17   21 1.000000
   130   17   22 1.000000
   130   17   23 1.000000
   130   17   24 1.000000
   130   17   25 1.000000
   130   17   26 1.000000
   130   17   27 1.000000
   130   18   19 1.000000
   130   18   20 1.000000
   130   18   21 1.000000
   130   18   22 1.000000
   130   18   23 1.000000
   130   18   24 1.000000
   130   18   25 1.000000
   130   18   26 1.000000
   130   18   27 1.000000
   130   19   20 1.000000
   130   19   21 1.000000
   130   19   22 1.000000
   130   19   23 1.000000
   130   19   24 1.000000
   130   19   25 1.000000
   130   19   26 1.000000
   130   19   27 1.000000
   130   20   21 1.000000
   130   20   22 1.000000
   130   20   23 1.000000
   130   20   24 1.000000
   130   20   25 1.000000
   130   20   26 1.000000
   130   20   27 1.000000
   130   21   22 1.000000
   130   21   23 1.000000
   130   21   24 1.000000
   130   21   25 1.000000
   130   21   26 1.000000
   130   21   27 1.000000
   130   22   23 1.000000
   130   22   24 1.000000
   130   22   25 1.000000
   130   22   26 1.000000
   130   22   27 1.000000
   130   23   24 1.000000
   130   23   25 1.000000
   130   23   26 1.000000
   130   23   27 1.000000
   130   24   25 1.000000
   130   24   26 1.000000
   130   24   27 1.000000
   130   25   26 1.000000
   130   25   27 1.000000
   130   26   27 1.000000
   131    1    2 1.000000
   131    1    3 1.000000
   131    1    4 1.000000
   131    1    5 1.000000
   131    1    6 1.000000
   131    1    7 1.000000
   131    1    8 1.000000
   131    1    9 1.000000
   131    1   10 1.000000
   131    1   11 1.000000
   131    1   12 1.000000
   131    1   13 1.000000
   131    1   14 1.000000
   131    1   15 1.000000
   131    1   16 1.000000
   131    1   17 1.000000
   131    1   18 1.000000
   131    1   19 1.000000
   131    1   20 1.000000
   131    1   21 1.000000
   131    1   22 1.000000
   131    1   23 1.000000
   131    1   24 1.000000
   131    1   25 1.000000
   131    1   26 1.000000
   131    1   27 1.000000
   131    2    3 1.000000
   131    2    4 1.000000
   131    2    5 1.000000
   131    2    6 1.000000
   131    2    7 1.000000
   131    2    8 1.000000
   131    2    9 1.000000
   131    2   10 1.000000
   131    2   11 1.000000
   131    2   12 1.000000
   131    2   13 1.000000
   131    2   14 1.000000
   131    2   15 1.000000
   131    2   16 1.000000
   131    2   17 1.000000
   131    2   18 1.000000
   131    2   19 1.000000
   131    2   20 1.000000
   131    2   21 1.000000
   131    2   22 1.000000
   131    2   23 1.000000
   131    2   24 1.000000
   131    2   25 1.000000
   131    2   26 1.000000
   131    2   27 1.000000
   131    3    4 1.000000
   131    3    5 1.000000
   131    3    6 1.000000
   131    3    7 1.000000
   131    3    8 1.000000
   131    3    9 1.000000
   131    3   10 1.000000
   131    3   11 1.000000
   131    3   12 1.000000
   131    3   13 1.000000
   131    3   14 1.000000
   131    3   15 1.000000
   131    3   16 1.000000
   131    3   17 1.000000
   131    3   18 1.000000
   131    3   19 1.000000
   131    3   20 1.000000
   131    3   21 1.000000
   131    3   22 1.000000
   131    3   23 1.000000
   131    3   24 1.000000
   131    3   25 1.000000
   131    3   26 1.000000
   131    3   27 1.000000
   131    4    5 1.000000
   131    4    6 1.000000
   131    4    7 1.000000
   131    4    8 1.000000
   131    4    9 1.000000
   131    4   10 1.000000
   131    4   11 1.000000
   131    4   12 1.000000
   131    4   13 1.000000
   131    4   14 1.000000
   131    4   15 1.000000
   131    4   16 1.000000
   131    4   17 1.000000
   131    4   18 1.000000
   131    4   19 1.000000
   131    4   20 1.000000
   131    4   21 1.000000
   131    4   22 1.000000
   131    4   23 1.000000
   131    4   24 1.000000
   131    4   25 1.000000
   131    4   26 1.000000
   131    4   27 1.000000
   131    5    6 1.000000
   131    5    7 1.000000
   131    5    8 1.000000
   131    5    9 1.000000
   131    5   10 1.000000
   131    5   11 1.000000
   131    5   12 1.000000
   131    5   13 1.000000
   131    5   14 1.000000
   131    5   15 1.000000
   131    5   16 1.000000
   131    5   17 1.000000
   131    5   18 1.000000
   131    5   19 1.000000
   131    5   20 1.000000
   131    5   21 1.000000
   131    5   22 1.000000
   131    5   23 1.000000
   131    5   24 1.000000
   131    5   25 1.000000
   131    5   26 1.000000
   131    5   27 1.000000
   131    6    7 1.000000
   131    6    8 1.000000
   131    6    9 1.000000
   131    6   10 1.000000
   131    6   11 1.000000
   131    6   12 1.000000
   131    6   13 1.000000
   131    6   14 1.000000
   131    6   15 1.000000
   131    6   16 1.000000
   131    6   17 1.000000
   131    6   18 1.000000
   131    6   19 1.000000
   131    6   20 1.000000
   131    6   21 1.000000
   131    6   22 1.000000
   131    6   23 1.000000
   131    6   24 1.000000
   131    6   25 1.000000
   131    6   26 1.000000
   131    6   27 1.000000
   131    7    8 1.000000
   131    7    9 1.000000
   131    7   10 1.000000
   131    7   11 1.000000
   131    7   12 1.000000
   131    7   13 1.000000
   131    7   14 1.000000
   131    7   15 1.000000
   131    7   16 1.000000
   131    7   17 1.000000
   131    7   18 1.000000
   131    7   19 1.000000
   131    7   20 1.000000
   131    7   21 1.000000
   131    7   22 1.000000
   131    7   23 1.000000
   131    7   24 1.000000
   131    7   25 1.000000
   131    7   26 1.000000
   131    7   27 1.000000
   131    8    9 1.000000
   131    8   10 1.000000
   131    8   11 1.000000
   131    8   12 1.000000
   131    8   13 1.000000
   131    8   14 1.000000
   131    8   15 1.000000
   131    8   16 1.000000
   131    8   17 1.000000
   131    8   18 1.000000
   131    8   19 1.000000
   131    8   20 1.000000
   131    8   21 1.000000
   131    8   22 1.000000
   131    8   23 1.000000
   131    8   24 1.000000
   131    8   25 1.000000
   131    8   26 1.000000
   131    8   27 1.000000
   131    9   10 1.000000
   131    9   11 1.000000
   131    9   12 1.000000
   131    9   13 1.000000
   131    9   14 1.000000
   131    9   15 1.000000
   131    9   16 1.000000
   131    9   17 1.000000
   131    9   18 1.000000
   131    9   19 1.000000
   131    9   20 1.000000
   131    9   21 1.000000
   131    9   22 1.000000
   131    9   23 1.000000
   131    9   24 1.000000
   131    9   25 1.000000
   131    9   26 1.000000
   131    9   27 1.000000
   131   10   11 1.000000
   131   10   12 1.000000
   131   10   13 1.000000
   131   10   14 1.000000
   131   10   15 1.000000
   131   10   16 1.000000
   131   10   17 1.000000
   131   10   18 1.000000
   131   10   19 1.000000
   131   10   20 1.000000
   131   10   21 1.000000
   131   10   22 1.000000
   131   10   23 1.000000
   131   10   24 1.000000
   131   10   25 1.000000
   131   10   26 1.000000
   131   10   27 1.000000
   131   11   12 1.000000
   131   11   13 1.000000
   131   11   14 1.000000
   131   11   15 1.000000
   131   11   16 1.000000
   131   11   17 1.000000
   131   11   18 1.000000
   131   11   19 1.000000
   131   11   20 1.000000
   131   11   21 1.000000
   131   11   22 1.000000
   131   11   23 1.000000
   131   11   24 1.000000
   131   11   25 1.000000
   131   11   26 1.000000
   131   11   27 1.000000
   131   12   13 1.000000
   131   12   14 1.000000
   131   12   15 1.000000
   131   12   16 1.000000
   131   12   17 1.000000
   131   12   18 1.000000
   131   12   19 1.000000
   131   12   20 1.000000
   131   12   21 1.000000
   131   12   22 1.000000
   131   12   23 1.000000
   131   12   24 1.000000
   131   12   25 1.000000
   131   12   26 1.000000
   131   12   27 1.000000
   131   13   14 1.000000
   131   13   15 1.000000
   131   13   16 1.000000
   131   13   17 1.000000
   131   13   18 1.000000
   131   13   19 1.000000
   131   13   20 1.000000
   131   13   21 1.000000
   131   13   22 1.000000
   131   13   23 1.000000
   131   13   24 1.000000
   131   13   25 1.000000
   131   13   26 1.000000
   131   13   27 1.000000
   131   14   15 1.000000
   131   14   16 1.000000
   131   14   17 1.000000
   131   14   18 1.000000
   131   14   19 1.000000
   131   14   20 1.000000
   131   14   21 1.000000
   131   14   22 1.000000
   131   14   23 1.000000
   131   14   24 1.000000
   131   14   25 1.000000
   131   14   26 1.000000
   131   14   27 1.000000
   131   15   16 1.000000
   131   15   17 1.000000
   131   15   18 1.000000
   131   15   19 1.000000
   131   15   20 1.000000
   131   15   21 1.000000
   131   15   22 1.000000
   131   15   23 1.000000
   131   15   24 1.000000
   131   15   25 1.000000
   131   15   26 1.000000
   131   15   27 1.000000
   131   16   17 1.000000
   131   16   18 1.000000
   131   16   19 1.000000
   131   16   20 1.000000
   131   16   21 1.000000
   131   16   22 1.000000
   131   16   23 1.000000
   131   16   24 1.000000
   131   16   25 1.000000
   131   16   26 1.000000
   131   16   27 1.000000
   131   17   18 1.000000
   131   17   19 1.000000
   131   17   20 1.000000
   131   17   21 1.000000
   131   17   22 1.000000
   131   17   23 1.000000
   131   17   24 1.000000
   131   17   25 1.000000
   131   17   26 1.000000
   131   17   27 1.000000
   131   18   19 1.000000
   131   18   20 1.000000
   131   18   21 1.000000
   131   18   22 1.000000
   131   18   23 1.000000
   131   18   24 1.000000
   131   18   25 1.000000
   131   18   26 1.000000
   131   18   27 1.000000
   131   19   20 1.000000
   131   19   21 1.000000
   131   19   22 1.000000
   131   19   23 1.000000
   131   19   24 1.000000
   131   19   25 1.000000
   131   19   26 1.000000
   131   19   27 1.000000
   131   20   21 1.000000
   131   20   22 1.000000
   131   20   23 1.000000
   131   20   24 1.000000
   131   20   25 1.000000
   131   20   26 1.000000
   131   20   27 1.000000
   131   21   22 1.000000
   131   21   23 1.000000
   131   21   24 1.000000
   131   21   25 1.000000
   131   21   26 1.000000
   131   21   27 1.000000
   131   22   23 1.000000
   131   22   24 1.000000
   131   22   25 1.000000
   131   22   26 1.000000
   131   22   27 1.000000
   131   23   24 1.000000
   131   23   25 1.000000
   131   23   26 1.000000
   131   23   27 1.000000
   131   24   25 1.000000
   131   24   26 1.000000
   131   24   27 1.000000
   131   25   26 1.000000
   131   25   27 1.000000
   131   26   27 1.000000
   132    1    2 1.000000
   132    1    3 1.000000
   132    1    4 1.000000
   132    1    5 1.000000
   132    1    6 1.000000
   132    1    7 1.000000
   132    1    8 1.000000
   132    1    9 1.000000
   132    1   10 1.000000
   132    1   11 1.000000
   132    1   12 1.000000
   132    1   13 1.000000
   132    1   14 1.000000
   132    1   15 1.000000
   132    1   16 1.000000
   132    1   17 1.000000
   132    1   18 1.000000
   132    1   19 1.000000
   132    1   20 1.000000
   132    1   21 1.000000
   132    1   22 1.000000
   132    1   23 1.000000
   132    1   24 1.000000
   132    1   25 1.000000
   132    1   26 1.000000
   132    1   27 1.000000
   132    2    3 1.000000
   132    2    4 1.000000
   132    2    5 1.000000
   132    2    6 1.000000
   132    2    7 1.000000
   132    2    8 1.000000
   132    2    9 1.000000
   132    2   10 1.000000
   132    2   11 1.000000
   132    2   12 1.000000
   132    2   13 1.000000
   132    2   14 1.000000
   132    2   15 1.000000
   132    2   16 1.000000
   132    2   17 1.000000
   132    2   18 1.000000
   132    2   19 1.000000
   132    2   20 1.000000
   132    2   21 1.000000
   132    2   22 1.000000
   132    2   23 1.000000
   132    2   24 1.000000
   132    2   25 1.000000
   132    2   26 1.000000
   132    2   27 1.000000
   132    3    4 1.000000
   132    3    5 1.000000
   132    3    6 1.000000
   132    3    7 1.000000
   132    3    8 1.000000
   132    3    9 1.000000
   132    3   10 1.000000
   132    3   11 1.000000
   132    3   12 1.000000
   132    3   13 1.000000
   132    3   14 1.000000
   132    3   15 1.000000
   132    3   16 1.000000
   132    3   17 1.000000
   132    3   18 1.000000
   132    3   19 1.000000
   132    3   20 1.000000
   132    3   21 1.000000
   132    3   22 1.000000
   132    3   23 1.000000
   132    3   24 1.000000
   132    3   25 1.000000
   132    3   26 1.000000
   132    3   27 1.000000
   132    4    5 1.000000
   132    4    6 1.000000
   132    4    7 1.000000
   132    4    8 1.000000
   132    4    9 1.000000
   132    4   10 1.000000
   132    4   11 1.000000
   132    4   12 1.000000
   132    4   13 1.000000
   132    4   14 1.000000
   132    4   15 1.000000
   132    4   16 1.000000
   132    4   17 1.000000
   132    4   18 1.000000
   132    4   19 1.000000
   132    4   20 1.000000
   132    4   21 1.000000
   132    4   22 1.000000
   132    4   23 1.000000
   132    4   24 1.000000
   132    4   25 1.000000
   132    4   26 1.000000
   132    4   27 1.000000
   132    5    6 1.000000
   132    5    7 1.000000
   132    5    8 1.000000
   132    5    9 1.000000
   132    5   10 1.000000
   132    5   11 1.000000
   132    5   12 1.000000
   132    5   13 1.000000
   132    5   14 1.000000
   132    5   15 1.000000
   132    5   16 1.000000
   132    5   17 1.000000
   132    5   18 1.000000
   132    5   19 1.000000
   132    5   20 1.000000
   132    5   21 1.000000
   132    5   22 1.000000
   132    5   23 1.000000
   132    5   24 1.000000
   132    5   25 1.000000
   132    5   26 1.000000
   132    5   27 1.000000
   132    6    7 1.000000
   132    6    8 1.000000
   132    6    9 1.000000
   132    6   10 1.000000
   132    6   11 1.000000
   132    6   12 1.000000
   132    6   13 1.000000
   132    6   14 1.000000
   132    6   15 1.000000
   132    6   16 1.000000
   132    6   17 1.000000
   132    6   18 1.000000
   132    6   19 1.000000
   132    6   20 1.000000
   132    6   21 1.000000
   132    6   22 1.000000
   132    6   23 1.000000
   132    6   24 1.000000
   132    6   25 1.000000
   132    6   26 1.000000
   132    6   27 1.000000
   132    7    8 1.000000
   132    7    9 1.000000
   132    7   10 1.000000
   132    7   11 1.000000
   132    7   12 1.000000
   132    7   13 1.000000
   132    7   14 1.000000
   132    7   15 1.000000
   132    7   16 1.000000
   132    7   17 1.000000
   132    7   18 1.000000
   132    7   19 1.000000
   132    7   20 1.000000
   132    7   21 1.000000
   132    7   22 1.000000
   132    7   23 1.000000
   132    7   24 1.000000
   132    7   25 1.000000
   132    7   26 1.000000
   132    7   27 1.000000
   132    8    9 1.000000
   132    8   10 1.000000
   132    8   11 1.000000
   132    8   12 1.000000
   132    8   13 1.000000
   132    8   14 1.000000
   132    8   15 1.000000
   132    8   16 1.000000
   132    8   17 1.000000
   132    8   18 1.000000
   132    8   19 1.000000
   132    8   20 1.000000
   132    8   21 1.000000
   132    8   22 1.000000
   132    8   23 1.000000
   132    8   24 1.000000
   132    8   25 1.000000
   132    8   26 1.000000
   132    8   27 1.000000
   132    9   10 1.000000
   132    9   11 1.000000
   132    9   12 1.000000
   132    9   13 1.000000
   132    9   14 1.000000
   132    9   15 1.000000
   132    9   16 1.000000
   132    9   17 1.000000
   132    9   18 1.000000
   132    9   19 1.000000
   132    9   20 1.000000
   132    9   21 1.000000
   132    9   22 1.000000
   132    9   23 1.000000
   132    9   24 1.000000
   132    9   25 1.000000
   132    9   26 1.000000
   132    9   27 1.000000
   132   10   11 1.000000
   132   10   12 1.000000
   132   10   13 1.000000
   132   10   14 1.000000
   132   10   15 1.000000
   132   10   16 1.000000
   132   10   17 1.000000
   132   10   18 1.000000
   132   10   19 1.000000
   132   10   20 1.000000
   132   10   21 1.000000
   132   10   22 1.000000
   132   10   23 1.000000
   132   10   24 1.000000
   132   10   25 1.000000
   132   10   26 1.000000
   132   10   27 1.000000
   132   11   12 1.000000
   132   11   13 1.000000
   132   11   14 1.000000
   132   11   15 1.000000
   132   11   16 1.000000
   132   11   17 1.000000
   132   11   18 1.000000
   132   11   19 1.000000
   132   11   20 1.000000
   132   11   21 1.000000
   132   11   22 1.000000
   132   11   23 1.000000
   132   11   24 1.000000
   132   11   25 1.000000
   132   11   26 1.000000
   132   11   27 1.000000
   132   12   13 1.000000
   132   12   14 1.000000
   132   12   15 1.000000
   132   12   16 1.000000
   132   12   17 1.000000
   132   12   18 1.000000
   132   12   19 1.000000
   132   12   20 1.000000
   132   12   21 1.000000
   132   12   22 1.000000
   132   12   23 1.000000
   132   12   24 1.000000
   132   12   25 1.000000
   132   12   26 1.000000
   132   12   27 1.000000
   132   13   14 1.000000
   132   13   15 1.000000
   132   13   16 1.000000
   132   13   17 1.000000
   132   13   18 1.000000
   132   13   19 1.000000
   132   13   20 1.000000
   132   13   21 1.000000
   132   13   22 1.000000
   132   13   23 1.000000
   132   13   24 1.000000
   132   13   25 1.000000
   132   13   26 1.000000
   132   13   27 1.000000
   132   14   15 1.000000
   132   14   16 1.000000
   132   14   17 1.000000
   132   14   18 1.000000
   132   14   19 1.000000
   132   14   20 1.000000
   132   14   21 1.000000
   132   14   22 1.000000
   132   14   23 1.000000
   132   14   24 1.000000
   132   14   25 1.000000
   132   14   26 1.000000
   132   14   27 1.000000
   132   15   16 1.000000
   132   15   17 1.000000
   132   15   18 1.000000
   132   15   19 1.000000
   132   15   20 1.000000
   132   15   21 1.000000
   132   15   22 1.000000
   132   15   23 1.000000
   132   15   24 1.000000
   132   15   25 1.000000
   132   15   26 1.000000
   132   15   27 1.000000
   132   16   17 1.000000
   132   16   18 1.000000
   132   16   19 1.000000
   132   16   20 1.000000
   132   16   21 1.000000
   132   16   22 1.000000
   132   16   23 1.000000
   132   16   24 1.000000
   132   16   25 1.000000
   132   16   26 1.000000
   132   16   27 1.000000
   132   17   18 1.000000
   132   17   19 1.000000
   132   17   20 1.000000
   132   17   21 1.000000
   132   17   22 1.000000
   132   17   23 1.000000
   132   17   24 1.000000
   132   17   25 1.000000
   132   17   26 1.000000
   132   17   27 1.000000
   132   18   19 1.000000
   132   18   20 1.000000
   132   18   21 1.000000
   132   18   22 1.000000
   132   18   23 1.000000
   132   18   24 1.000000
   132   18   25 1.000000
   132   18   26 1.000000
   132   18   27 1.000000
   132   19   20 1.000000
   132   19   21 1.000000
   132   19   22 1.000000
   132   19   23 1.000000
   132   19   24 1.000000
   132   19   25 1.000000
   132   19   26 1.000000
   132   19   27 1.000000
   132   20   21 1.000000
   132   20   22 1.000000
   132   20   23 1.000000
   132   20   24 1.000000
   132   20   25 1.000000
   132   20   26 1.000000
   132   20   27 1.000000
   132   21   22 1.000000
   132   21   23 1.000000
   132   21   24 1.000000
   132   21   25 1.000000
   132   21   26 1.000000
   132   21   27 1.000000
   132   22   23 1.000000
   132   22   24 1.000000
   132   22   25 1.000000
   132   22   26 1.000000
   132   22   27 1.000000
   132   23   24 1.000000
   132   23   25 1.000000
   132   23   26 1.000000
   132   23   27 1.000000
   132   24   25 1.000000
   132   24   26 1.000000
   132   24   27 1.000000
   132   25   26 1.000000
   132   25   27 1.000000
   132   26   27 1.000000
   133    1    2 1.000000
   133    1    3 1.000000
   133    1    4 1.000000
   133    1    5 1.000000
   133    1    6 1.000000
   133    1    7 1.000000
   133    1    8 1.000000
   133    1    9 1.000000
   133    1   10 1.000000
   133    1   11 1.000000
   133    1   12 1.000000
   133    1   13 1.000000
   133    1   14 1.000000
   133    1   15 1.000000
   133    1   16 1.000000
   133    1   17 1.000000
   133    1   18 1.000000
   133    1   19 1.000000
   133    1   20 1.000000
   133    1   21 1.000000
   133    1   22 1.000000
   133    1   23 1.000000
   133    1   24 1.000000
   133    1   25 1.000000
   133    1   26 1.000000
   133    1   27 1.000000
   133    2    3 1.000000
   133    2    4 1.000000
   133    2    5 1.000000
   133    2    6 1.000000
   133    2    7 1.000000
   133    2    8 1.000000
   133    2    9 1.000000
   133    2   10 1.000000
   133    2   11 1.000000
   133    2   12 1.000000
   133    2   13 1.000000
   133    2   14 1.000000
   133    2   15 1.000000
   133    2   16 1.000000
   133    2   17 1.000000
   133    2   18 1.000000
   133    2   19 1.000000
   133    2   20 1.000000
   133    2   21 1.000000
   133    2   22 1.000000
   133    2   23 1.000000
   133    2   24 1.000000
   133    2   25 1.000000
   133    2   26 1.000000
   133    2   27 1.000000
   133    3    4 1.000000
   133    3    5 1.000000
   133    3    6 1.000000
   133    3    7 1.000000
   133    3    8 1.000000
   133    3    9 1.000000
   133    3   10 1.000000
   133    3   11 1.000000
   133    3   12 1.000000
   133    3   13 1.000000
   133    3   14 1.000000
   133    3   15 1.000000
   133    3   16 1.000000
   133    3   17 1.000000
   133    3   18 1.000000
   133    3   19 1.000000
   133    3   20 1.000000
   133    3   21 1.000000
   133    3   22 1.000000
   133    3   23 1.000000
   133    3   24 1.000000
   133    3   25 1.000000
   133    3   26 1.000000
   133    3   27 1.000000
   133    4    5 1.000000
   133    4    6 1.000000
   133    4    7 1.000000
   133    4    8 1.000000
   133    4    9 1.000000
   133    4   10 1.000000
   133    4   11 1.000000
   133    4   12 1.000000
   133    4   13 1.000000
   133    4   14 1.000000
   133    4   15 1.000000
   133    4   16 1.000000
   133    4   17 1.000000
   133    4   18 1.000000
   133    4   19 1.000000
   133    4   20 1.000000
   133    4   21 1.000000
   133    4   22 1.000000
   133    4   23 1.000000
   133    4   24 1.000000
   133    4   25 1.000000
   133    4   26 1.000000
   133    4   27 1.000000
   133    5    6 1.000000
   133    5    7 1.000000
   133    5    8 1.000000
   133    5    9 1.000000
   133    5   10 1.000000
   133    5   11 1.000000
   133    5   12 1.000000
   133    5   13 1.000000
   133    5   14 1.000000
   133    5   15 1.000000
   133    5   16 1.000000
   133    5   17 1.000000
   133    5   18 1.000000
   133    5   19 1.000000
   133    5   20 1.000000
   133    5   21 1.000000
   133    5   22 1.000000
   133    5   23 1.000000
   133    5   24 1.000000
   133    5   25 1.000000
   133    5   26 1.000000
   133    5   27 1.000000
   133    6    7 1.000000
   133    6    8 1.000000
   133    6    9 1.000000
   133    6   10 1.000000
   133    6   11 1.000000
   133    6   12 1.000000
   133    6   13 1.000000
   133    6   14 1.000000
   133    6   15 1.000000
   133    6   16 1.000000
   133    6   17 1.000000
   133    6   18 1.000000
   133    6   19 1.000000
   133    6   20 1.000000
   133    6   21 1.000000
   133    6   22 1.000000
   133    6   23 1.000000
   133    6   24 1.000000
   133    6   25 1.000000
   133    6   26 1.000000
   133    6   27 1.000000
   133    7    8 1.000000
   133    7    9 1.000000
   133    7   10 1.000000
   133    7   11 1.000000
   133    7   12 1.000000
   133    7   13 1.000000
   133    7   14 1.000000
   133    7   15 1.000000
   133    7   16 1.000000
   133    7   17 1.000000
   133    7   18 1.000000
   133    7   19 1.000000
   133    7   20 1.000000
   133    7   21 1.000000
   133    7   22 1.000000
   133    7   23 1.000000
   133    7   24 1.000000
   133    7   25 1.000000
   133    7   26 1.000000
   133    7   27 1.000000
   133    8    9 1.000000
   133    8   10 1.000000
   133    8   11 1.000000
   133    8   12 1.000000
   133    8   13 1.000000
   133    8   14 1.000000
   133    8   15 1.000000
   133    8   16 1.000000
   133    8   17 1.000000
   133    8   18 1.000000
   133    8   19 1.000000
   133    8   20 1.000000
   133    8   21 1.000000
   133    8   22 1.000000
   133    8   23 1.000000
   133    8   24 1.000000
   133    8   25 1.000000
   133    8   26 1.000000
   133    8   27 1.000000
   133    9   10 1.000000
   133    9   11 1.000000
   133    9   12 1.000000
   133    9   13 1.000000
   133    9   14 1.000000
   133    9   15 1.000000
   133    9   16 1.000000
   133    9   17 1.000000
   133    9   18 1.000000
   133    9   19 1.000000
   133    9   20 1.000000
   133    9   21 1.000000
   133    9   22 1.000000
   133    9   23 1.000000
   133    9   24 1.000000
   133    9   25 1.000000
   133    9   26 1.000000
   133    9   27 1.000000
   133   10   11 1.000000
   133   10   12 1.000000
   133   10   13 1.000000
   133   10   14 1.000000
   133   10   15 1.000000
   133   10   16 1.000000
   133   10   17 1.000000
   133   10   18 1.000000
   133   10   19 1.000000
   133   10   20 1.000000
   133   10   21 1.000000
   133   10   22 1.000000
   133   10   23 1.000000
   133   10   24 1.000000
   133   10   25 1.000000
   133   10   26 1.000000
   133   10   27 1.000000
   133   11   12 1.000000
   133   11   13 1.000000
   133   11   14 1.000000
   133   11   15 1.000000
   133   11   16 1.000000
   133   11   17 1.000000
   133   11   18 1.000000
   133   11   19 1.000000
   133   11   20 1.000000
   133   11   21 1.000000
   133   11   22 1.000000
   133   11   23 1.000000
   133   11   24 1.000000
   133   11   25 1.000000
   133   11   26 1.000000
   133   11   27 1.000000
   133   12   13 1.000000
   133   12   14 1.000000
   133   12   15 1.000000
   133   12   16 1.000000
   133   12   17 1.000000
   133   12   18 1.000000
   133   12   19 1.000000
   133   12   20 1.000000
   133   12   21 1.000000
   133   12   22 1.000000
   133   12   23 1.000000
   133   12   24 1.000000
   133   12   25 1.000000
   133   12   26 1.000000
   133   12   27 1.000000
   133   13   14 1.000000
   133   13   15 1.000000
   133   13   16 1.000000
   133   13   17 1.000000
   133   13   18 1.000000
   133   13   19 1.000000
   133   13   20 1.000000
   133   13   21 1.000000
   133   13   22 1.000000
   133   13   23 1.000000
   133   13   24 1.000000
   133   13   25 1.000000
   133   13   26 1.000000
   133   13   27 1.000000
   133   14   15 1.000000
   133   14   16 1.000000
   133   14   17 1.000000
   133   14   18 1.000000
   133   14   19 1.000000
   133   14   20 1.000000
   133   14   21 1.000000
   133   14   22 1.000000
   133   14   23 1.000000
   133   14   24 1.000000
   133   14   25 1.000000
   133   14   26 1.000000
   133   14   27 1.000000
   133   15   16 1.000000
   133   15   17 1.000000
   133   15   18 1.000000
   133   15   19 1.000000
   133   15   20 1.000000
   133   15   21 1.000000
   133   15   22 1.000000
   133   15   23 1.000000
   133   15   24 1.000000
   133   15   25 1.000000
   133   15   26 1.000000
   133   15   27 1.000000
   133   16   17 1.000000
   133   16   18 1.000000
   133   16   19 1.000000
   133   16   20 1.000000
   133   16   21 1.000000
   133   16   22 1.000000
   133   16   23 1.000000
   133   16   24 1.000000
   133   16   25 1.000000
   133   16   26 1.000000
   133   16   27 1.000000
   133   17   18 1.000000
   133   17   19 1.000000
   133   17   20 1.000000
   133   17   21 1.000000
   133   17   22 1.000000
   133   17   23 1.000000
   133   17   24 1.000000
   133   17   25 1.000000
   133   17   26 1.000000
   133   17   27 1.000000
   133   18   19 1.000000
   133   18   20 1.000000
   133   18   21 1.000000
   133   18   22 1.000000
   133   18   23 1.000000
   133   18   24 1.000000
   133   18   25 1.000000
   133   18   26 1.000000
   133   18   27 1.000000
   133   19   20 1.000000
   133   19   21 1.000000
   133   19   22 1.000000
   133   19   23 1.000000
   133   19   24 1.000000
   133   19   25 1.000000
   133   19   26 1.000000
   133   19   27 1.000000
   133   20   21 1.000000
   133   20   22 1.000000
   133   20   23 1.000000
   133   20   24 1.000000
   133   20   25 1.000000
   133   20   26 1.000000
   133   20   27 1.000000
   133   21   22 1.000000
   133   21   23 1.000000
   133   21   24 1.000000
   133   21   25 1.000000
   133   21   26 1.000000
   133   21   27 1.000000
   133   22   23 1.000000
   133   22   24 1.000000
   133   22   25 1.000000
   133   22   26 1.000000
   133   22   27 1.000000
   133   23   24 1.000000
   133   23   25 1.000000
   133   23   26 1.000000
   133   23   27 1.000000
   133   24   25 1.000000
   133   24   26 1.000000
   133   24   27 1.000000
   133   25   26 1.000000
   133   25   27 1.000000
   133   26   27 1.000000
   134    1    2 1.000000
   134    1    3 1.000000
   134    1    4 1.000000
   134    1    5 1.000000
   134    1    6 1.000000
   134    1    7 1.000000
   134    1    8 1.000000
   134    1    9 1.000000
   134    1   10 1.000000
   134    1   11 1.000000
   134    1   12 1.000000
   134    1   13 1.000000
   134    1   14 1.000000
   134    1   15 1.000000
   134    1   16 1.000000
   134    1   17 1.000000
   134    1   18 1.000000
   134    1   19 1.000000
   134    1   20 1.000000
   134    1   21 1.000000
   134    1   22 1.000000
   134    1   23 1.000000
   134    1   24 1.000000
   134    1   25 1.000000
   134    1   26 1.000000
   134    1   27 1.000000
   134    2    3 1.000000
   134    2    4 1.000000
   134    2    5 1.000000
   134    2    6 1.000000
   134    2    7 1.000000
   134    2    8 1.000000
   134    2    9 1.000000
   134    2   10 1.000000
   134    2   11 1.000000
   134    2   12 1.000000
   134    2   13 1.000000
   134    2   14 1.000000
   134    2   15 1.000000
   134    2   16 1.000000
   134    2   17 1.000000
   134    2   18 1.000000
   134    2   19 1.000000
   134    2   20 1.000000
   134    2   21 1.000000
   134    2   22 1.000000
   134    2   23 1.000000
   134    2   24 1.000000
   134    2   25 1.000000
   134    2   26 1.000000
   134    2   27 1.000000
   134    3    4 1.000000
   134    3    5 1.000000
   134    3    6 1.000000
   134    3    7 1.000000
   134    3    8 1.000000
   134    3    9 1.000000
   134    3   10 1.000000
   134    3   11 1.000000
   134    3   12 1.000000
   134    3   13 1.000000
   134    3   14 1.000000
   134    3   15 1.000000
   134    3   16 1.000000
   134    3   17 1.000000
   134    3   18 1.000000
   134    3   19 1.000000
   134    3   20 1.000000
   134    3   21 1.000000
   134    3   22 1.000000
   134    3   23 1.000000
   134    3   24 1.000000
   134    3   25 1.000000
   134    3   26 1.000000
   134    3   27 1.000000
   134    4    5 1.000000
   134    4    6 1.000000
   134    4    7 1.000000
   134    4    8 1.000000
   134    4    9 1.000000
   134    4   10 1.000000
   134    4   11 1.000000
   134    4   12 1.000000
   134    4   13 1.000000
   134    4   14 1.000000
   134    4   15 1.000000
   134    4   16 1.000000
   134    4   17 1.000000
   134    4   18 1.000000
   134    4   19 1.000000
   134    4   20 1.000000
   134    4   21 1.000000
   134    4   22 1.000000
   134    4   23 1.000000
   134    4   24 1.000000
   134    4   25 1.000000
   134    4   26 1.000000
   134    4   27 1.000000
   134    5    6 1.000000
   134    5    7 1.000000
   134    5    8 1.000000
   134    5    9 1.000000
   134    5   10 1.000000
   134    5   11 1.000000
   134    5   12 1.000000
   134    5   13 1.000000
   134    5   14 1.000000
   134    5   15 1.000000
   134    5   16 1.000000
   134    5   17 1.000000
   134    5   18 1.000000
   134    5   19 1.000000
   134    5   20 1.000000
   134    5   21 1.000000
   134    5   22 1.000000
   134    5   23 1.000000
   134    5   24 1.000000
   134    5   25 1.000000
   134    5   26 1.000000
   134    5   27 1.000000
   134    6    7 1.000000
   134    6    8 1.000000
   134    6    9 1.000000
   134    6   10 1.000000
   134    6   11 1.000000
   134    6   12 1.000000
   134    6   13 1.000000
   134    6   14 1.000000
   134    6   15 1.000000
   134    6   16 1.000000
   134    6   17 1.000000
   134    6   18 1.000000
   134    6   19 1.000000
   134    6   20 1.000000
   134    6   21 1.000000
   134    6   22 1.000000
   134    6   23 1.000000
   134    6   24 1.000000
   134    6   25 1.000000
   134    6   26 1.000000
   134    6   27 1.000000
   134    7    8 1.000000
   134    7    9 1.000000
   134    7   10 1.000000
   134    7   11 1.000000
   134    7   12 1.000000
   134    7   13 1.000000
   134    7   14 1.000000
   134    7   15 1.000000
   134    7   16 1.000000
   134    7   17 1.000000
   134    7   18 1.000000
   134    7   19 1.000000
   134    7   20 1.000000
   134    7   21 1.000000
   134    7   22 1.000000
   134    7   23 1.000000
   134    7   24 1.000000
   134    7   25 1.000000
   134    7   26 1.000000
   134    7   27 1.000000
   134    8    9 1.000000
   134    8   10 1.000000
   134    8   11 1.000000
   134    8   12 1.000000
   134    8   13 1.000000
   134    8   14 1.000000
   134    8   15 1.000000
   134    8   16 1.000000
   134    8   17 1.000000
   134    8   18 1.000000
   134    8   19 1.000000
   134    8   20 1.000000
   134    8   21 1.000000
   134    8   22 1.000000
   134    8   23 1.000000
   134    8   24 1.000000
   134    8   25 1.000000
   134    8   26 1.000000
   134    8   27 1.000000
   134    9   10 1.000000
   134    9   11 1.000000
   134    9   12 1.000000
   134    9   13 1.000000
   134    9   14 1.000000
   134    9   15 1.000000
   134    9   16 1.000000
   134    9   17 1.000000
   134    9   18 1.000000
   134    9   19 1.000000
   134    9   20 1.000000
   134    9   21 1.000000
   134    9   22 1.000000
   134    9   23 1.000000
   134    9   24 1.000000
   134    9   25 1.000000
   134    9   26 1.000000
   134    9   27 1.000000
   134   10   11 1.000000
   134   10   12 1.000000
   134   10   13 1.000000
   134   10   14 1.000000
   134   10   15 1.000000
   134   10   16 1.000000
   134   10   17 1.000000
   134   10   18 1.000000
   134   10   19 1.000000
   134   10   20 1.000000
   134   10   21 1.000000
   134   10   22 1.000000
   134   10   23 1.000000
   134   10   24 1.000000
   134   10   25 1.000000
   134   10   26 1.000000
   134   10   27 1.000000
   134   11   12 1.000000
   134   11   13 1.000000
   134   11   14 1.000000
   134   11   15 1.000000
   134   11   16 1.000000
   134   11   17 1.000000
   134   11   18 1.000000
   134   11   19 1.000000
   134   11   20 1.000000
   134   11   21 1.000000
   134   11   22 1.000000
   134   11   23 1.000000
   134   11   24 1.000000
   134   11   25 1.000000
   134   11   26 1.000000
   134   11   27 1.000000
   134   12   13 1.000000
   134   12   14 1.000000
   134   12   15 1.000000
   134   12   16 1.000000
   134   12   17 1.000000
   134   12   18 1.000000
   134   12   19 1.000000
   134   12   20 1.000000
   134   12   21 1.000000
   134   12   22 1.000000
   134   12   23 1.000000
   134   12   24 1.000000
   134   12   25 1.000000
   134   12   26 1.000000
   134   12   27 1.000000
   134   13   14 1.000000
   134   13   15 1.000000
   134   13   16 1.000000
   134   13   17 1.000000
   134   13   18 1.000000
   134   13   19 1.000000
   134   13   20 1.000000
   134   13   21 1.000000
   134   13   22 1.000000
   134   13   23 1.000000
   134   13   24 1.000000
   134   13   25 1.000000
   134   13   26 1.000000
   134   13   27 1.000000
   134   14   15 1.000000
   134   14   16 1.000000
   134   14   17 1.000000
   134   14   18 1.000000
   134   14   19 1.000000
   134   14   20 1.000000
   134   14   21 1.000000
   134   14   22 1.000000
   134   14   23 1.000000
   134   14   24 1.000000
   134   14   25 1.000000
   134   14   26 1.000000
   134   14   27 1.000000
   134   15   16 1.000000
   134   15   17 1.000000
   134   15   18 1.000000
   134   15   19 1.000000
   134   15   20 1.000000
   134   15   21 1.000000
   134   15   22 1.000000
   134   15   23 1.000000
   134   15   24 1.000000
   134   15   25 1.000000
   134   15   26 1.000000
   134   15   27 1.000000
   134   16   17 1.000000
   134   16   18 1.000000
   134   16   19 1.000000
   134   16   20 1.000000
   134   16   21 1.000000
   134   16   22 1.000000
   134   16   23 1.000000
   134   16   24 1.000000
   134   16   25 1.000000
   134   16   26 1.000000
   134   16   27 1.000000
   134   17   18 1.000000
   134   17   19 1.000000
   134   17   20 1.000000
   134   17   21 1.000000
   134   17   22 1.000000
   134   17   23 1.000000
   134   17   24 1.000000
   134   17   25 1.000000
   134   17   26 1.000000
   134   17   27 1.000000
   134   18   19 1.000000
   134   18   20 1.000000
   134   18   21 1.000000
   134   18   22 1.000000
   134   18   23 1.000000
   134   18   24 1.000000
   134   18   25 1.000000
   134   18   26 1.000000
   134   18   27 1.000000
   134   19   20 1.000000
   134   19   21 1.000000
   134   19   22 1.000000
   134   19   23 1.000000
   134   19   24 1.000000
   134   19   25 1.000000
   134   19   26 1.000000
   134   19   27 1.000000
   134   20   21 1.000000
   134   20   22 1.000000
   134   20   23 1.000000
   134   20   24 1.000000
   134   20   25 1.000000
   134   20   26 1.000000
   134   20   27 1.000000
   134   21   22 1.000000
   134   21   23 1.000000
   134   21   24 1.000000
   134   21   25 1.000000
   134   21   26 1.000000
   134   21   27 1.000000
   134   22   23 1.000000
   134   22   24 1.000000
   134   22   25 1.000000
   134   22   26 1.000000
   134   22   27 1.000000
   134   23   24 1.000000
   134   23   25 1.000000
   134   23   26 1.000000
   134   23   27 1.000000
   134   24   25 1.000000
   134   24   26 1.000000
   134   24   27 1.000000
   134   25   26 1.000000
   134   25   27 1.000000
   134   26   27 1.000000
   135    1    2 1.000000
   135    1    3 1.000000
   135    1    4 1.000000
   135    1    5 1.000000
   135    1    6 1.000000
   135    1    7 1.000000
   135    1    8 1.000000
   135    1    9 1.000000
   135    1   10 1.000000
   135    1   11 1.000000
   135    1   12 1.000000
   135    1   13 1.000000
   135    1   14 1.000000
   135    1   15 1.000000
   135    1   16 1.000000
   135    1   17 1.000000
   135    1   18 1.000000
   135    1   19 1.000000
   135    1   20 1.000000
   135    1   21 1.000000
   135    1   22 1.000000
   135    1   23 1.000000
   135    1   24 1.000000
   135    1   25 1.000000
   135    1   26 1.000000
   135    1   27 1.000000
   135    2    3 1.000000
   135    2    4 1.000000
   135    2    5 1.000000
   135    2    6 1.000000
   135    2    7 1.000000
   135    2    8 1.000000
   135    2    9 1.000000
   135    2   10 1.000000
   135    2   11 1.000000
   135    2   12 1.000000
   135    2   13 1.000000
   135    2   14 1.000000
   135    2   15 1.000000
   135    2   16 1.000000
   135    2   17 1.000000
   135    2   18 1.000000
   135    2   19 1.000000
   135    2   20 1.000000
   135    2   21 1.000000
   135    2   22 1.000000
   135    2   23 1.000000
   135    2   24 1.000000
   135    2   25 1.000000
   135    2   26 1.000000
   135    2   27 1.000000
   135    3    4 1.000000
   135    3    5 1.000000
   135    3    6 1.000000
   135    3    7 1.000000
   135    3    8 1.000000
   135    3    9 1.000000
   135    3   10 1.000000
   135    3   11 1.000000
   135    3   12 1.000000
   135    3   13 1.000000
   135    3   14 1.000000
   135    3   15 1.000000
   135    3   16 1.000000
   135    3   17 1.000000
   135    3   18 1.000000
   135    3   19 1.000000
   135    3   20 1.000000
   135    3   21 1.000000
   135    3   22 1.000000
   135    3   23 1.000000
   135    3   24 1.000000
   135    3   25 1.000000
   135    3   26 1.000000
   135    3   27 1.000000
   135    4    5 1.000000
   135    4    6 1.000000
   135    4    7 1.000000
   135    4    8 1.000000
   135    4    9 1.000000
   135    4   10 1.000000
   135    4   11 1.000000
   135    4   12 1.000000
   135    4   13 1.000000
   135    4   14 1.000000
   135    4   15 1.000000
   135    4   16 1.000000
   135    4   17 1.000000
   135    4   18 1.000000
   135    4   19 1.000000
   135    4   20 1.000000
   135    4   21 1.000000
   135    4   22 1.000000
   135    4   23 1.000000
   135    4   24 1.000000
   135    4   25 1.000000
   135    4   26 1.000000
   135    4   27 1.000000
   135    5    6 1.000000
   135    5    7 1.000000
   135    5    8 1.000000
   135    5    9 1.000000
   135    5   10 1.000000
   135    5   11 1.000000
   135    5   12 1.000000
   135    5   13 1.000000
   135    5   14 1.000000
   135    5   15 1.000000
   135    5   16 1.000000
   135    5   17 1.000000
   135    5   18 1.000000
   135    5   19 1.000000
   135    5   20 1.000000
   135    5   21 1.000000
   135    5   22 1.000000
   135    5   23 1.000000
   135    5   24 1.000000
   135    5   25 1.000000
   135    5   26 1.000000
   135    5   27 1.000000
   135    6    7 1.000000
   135    6    8 1.000000
   135    6    9 1.000000
   135    6   10 1.000000
   135    6   11 1.000000
   135    6   12 1.000000
   135    6   13 1.000000
   135    6   14 1.000000
   135    6   15 1.000000
   135    6   16 1.000000
   135    6   17 1.000000
   135    6   18 1.000000
   135    6   19 1.000000
   135    6   20 1.000000
   135    6   21 1.000000
   135    6   22 1.000000
   135    6   23 1.000000
   135    6   24 1.000000
   135    6   25 1.000000
   135    6   26 1.000000
   135    6   27 1.000000
   135    7    8 1.000000
   135    7    9 1.000000
   135    7   10 1.000000
   135    7   11 1.000000
   135    7   12 1.000000
   135    7   13 1.000000
   135    7   14 1.000000
   135    7   15 1.000000
   135    7   16 1.000000
   135    7   17 1.000000
   135    7   18 1.000000
   135    7   19 1.000000
   135    7   20 1.000000
   135    7   21 1.000000
   135    7   22 1.000000
   135    7   23 1.000000
   135    7   24 1.000000
   135    7   25 1.000000
   135    7   26 1.000000
   135    7   27 1.000000
   135    8    9 1.000000
   135    8   10 1.000000
   135    8   11 1.000000
   135    8   12 1.000000
   135    8   13 1.000000
   135    8   14 1.000000
   135    8   15 1.000000
   135    8   16 1.000000
   135    8   17 1.000000
   135    8   18 1.000000
   135    8   19 1.000000
   135    8   20 1.000000
   135    8   21 1.000000
   135    8   22 1.000000
   135    8   23 1.000000
   135    8   24 1.000000
   135    8   25 1.000000
   135    8   26 1.000000
   135    8   27 1.000000
   135    9   10 1.000000
   135    9   11 1.000000
   135    9   12 1.000000
   135    9   13 1.000000
   135    9   14 1.000000
   135    9   15 1.000000
   135    9   16 1.000000
   135    9   17 1.000000
   135    9   18 1.000000
   135    9   19 1.000000
   135    9   20 1.000000
   135    9   21 1.000000
   135    9   22 1.000000
   135    9   23 1.000000
   135    9   24 1.000000
   135    9   25 1.000000
   135    9   26 1.000000
   135    9   27 1.000000
   135   10   11 1.000000
   135   10   12 1.000000
   135   10   13 1.000000
   135   10   14 1.000000
   135   10   15 1.000000
   135   10   16 1.000000
   135   10   17 1.000000
   135   10   18 1.000000
   135   10   19 1.000000
   135   10   20 1.000000
   135   10   21 1.000000
   135   10   22 1.000000
   135   10   23 1.000000
   135   10   24 1.000000
   135   10   25 1.000000
   135   10   26 1.000000
   135   10   27 1.000000
   135   11   12 1.000000
   135   11   13 1.000000
   135   11   14 1.000000
   135   11   15 1.000000
   135   11   16 1.000000
   135   11   17 1.000000
   135   11   18 1.000000
   135   11   19 1.000000
   135   11   20 1.000000
   135   11   21 1.000000
   135   11   22 1.000000
   135   11   23 1.000000
   135   11   24 1.000000
   135   11   25 1.000000
   135   11   26 1.000000
   135   11   27 1.000000
   135   12   13 1.000000
   135   12   14 1.000000
   135   12   15 1.000000
   135   12   16 1.000000
   135   12   17 1.000000
   135   12   18 1.000000
   135   12   19 1.000000
   135   12   20 1.000000
   135   12   21 1.000000
   135   12   22 1.000000
   135   12   23 1.000000
   135   12   24 1.000000
   135   12   25 1.000000
   135   12   26 1.000000
   135   12   27 1.000000
   135   13   14 1.000000
   135   13   15 1.000000
   135   13   16 1.000000
   135   13   17 1.000000
   135   13   18 1.000000
   135   13   19 1.000000
   135   13   20 1.000000
   135   13   21 1.000000
   135   13   22 1.000000
   135   13   23 1.000000
   135   13   24 1.000000
   135   13   25 1.000000
   135   13   26 1.000000
   135   13   27 1.000000
   135   14   15 1.000000
   135   14   16 1.000000
   135   14   17 1.000000
   135   14   18 1.000000
   135   14   19 1.000000
   135   14   20 1.000000
   135   14   21 1.000000
   135   14   22 1.000000
   135   14   23 1.000000
   135   14   24 1.000000
   135   14   25 1.000000
   135   14   26 1.000000
   135   14   27 1.000000
   135   15   16 1.000000
   135   15   17 1.000000
   135   15   18 1.000000
   135   15   19 1.000000
   135   15   20 1.000000
   135   15   21 1.000000
   135   15   22 1.000000
   135   15   23 1.000000
   135   15   24 1.000000
   135   15   25 1.000000
   135   15   26 1.000000
   135   15   27 1.000000
   135   16   17 1.000000
   135   16   18 1.000000
   135   16   19 1.000000
   135   16   20 1.000000
   135   16   21 1.000000
   135   16   22 1.000000
   135   16   23 1.000000
   135   16   24 1.000000
   135   16   25 1.000000
   135   16   26 1.000000
   135   16   27 1.000000
   135   17   18 1.000000
   135   17   19 1.000000
   135   17   20 1.000000
   135   17   21 1.000000
   135   17   22 1.000000
   135   17   23 1.000000
   135   17   24 1.000000
   135   17   25 1.000000
   135   17   26 1.000000
   135   17   27 1.000000
   135   18   19 1.000000
   135   18   20 1.000000
   135   18   21 1.000000
   135   18   22 1.000000
   135   18   23 1.000000
   135   18   24 1.000000
   135   18   25 1.000000
   135   18   26 1.000000
   135   18   27 1.000000
   135   19   20 1.000000
   135   19   21 1.000000
   135   19   22 1.000000
   135   19   23 1.000000
   135   19   24 1.000000
   135   19   25 1.000000
   135   19   26 1.000000
   135   19   27 1.000000
   135   20   21 1.000000
   135   20   22 1.000000
   135   20   23 1.000000
   135   20   24 1.000000
   135   20   25 1.000000
   135   20   26 1.000000
   135   20   27 1.000000
   135   21   22 1.000000
   135   21   23 1.000000
   135   21   24 1.000000
   135   21   25 1.000000
   135   21   26 1.000000
   135   21   27 1.000000
   135   22   23 1.000000
   135   22   24 1.000000
   135   22   25 1.000000
   135   22   26 1.000000
   135   22   27 1.000000
   135   23   24 1.000000
   135   23   25 1.000000
   135   23   26 1.000000
   135   23   27 1.000000
   135   24   25 1.000000
   135   24   26 1.000000
   135   24   27 1.000000
   135   25   26 1.000000
   135   25   27 1.000000
   135   26   27 1.000000
   136    1    2 1.000000
   136    1    3 1.000000
   136    1    4 1.000000
   136    1    5 1.000000
   136    1    6 1.000000
   136    1    7 1.000000
   136    1    8 1.000000
   136    1    9 1.000000
   136    1   10 1.000000
   136    1   11 1.000000
   136    1   12 1.000000
   136    1   13 1.000000
   136    1   14 1.000000
   136    1   15 1.000000
   136    1   16 1.000000
   136    1   17 1.000000
   136    1   18 1.000000
   136    1   19 1.000000
   136    1   20 1.000000
   136    1   21 1.000000
   136    1   22 1.000000
   136    1   23 1.000000
   136    1   24 1.000000
   136    1   25 1.000000
   136    1   26 1.000000
   136    1   27 1.000000
   136    2    3 1.000000
   136    2    4 1.000000
   136    2    5 1.000000
   136    2    6 1.000000
   136    2    7 1.000000
   136    2    8 1.000000
   136    2    9 1.000000
   136    2   10 1.000000
   136    2   11 1.000000
   136    2   12 1.000000
   136    2   13 1.000000
   136    2   14 1.000000
   136    2   15 1.000000
   136    2   16 1.000000
   136    2   17 1.000000
   136    2   18 1.000000
   136    2   19 1.000000
   136    2   20 1.000000
   136    2   21 1.000000
   136    2   22 1.000000
   136    2   23 1.000000
   136    2   24 1.000000
   136    2   25 1.000000
   136    2   26 1.000000
   136    2   27 1.000000
   136    3    4 1.000000
   136    3    5 1.000000
   136    3    6 1.000000
   136    3    7 1.000000
   136    3    8 1.000000
   136    3    9 1.000000
   136    3   10 1.000000
   136    3   11 1.000000
   136    3   12 1.000000
   136    3   13 1.000000
   136    3   14 1.000000
   136    3   15 1.000000
   136    3   16 1.000000
   136    3   17 1.000000
   136    3   18 1.000000
   136    3   19 1.000000
   136    3   20 1.000000
   136    3   21 1.000000
   136    3   22 1.000000
   136    3   23 1.000000
   136    3   24 1.000000
   136    3   25 1.000000
   136    3   26 1.000000
   136    3   27 1.000000
   136    4    5 1.000000
   136    4    6 1.000000
   136    4    7 1.000000
   136    4    8 1.000000
   136    4    9 1.000000
   136    4   10 1.000000
   136    4   11 1.000000
   136    4   12 1.000000
   136    4   13 1.000000
   136    4   14 1.000000
   136    4   15 1.000000
   136    4   16 1.000000
   136    4   17 1.000000
   136    4   18 1.000000
   136    4   19 1.000000
   136    4   20 1.000000
   136    4   21 1.000000
   136    4   22 1.000000
   136    4   23 1.000000
   136    4   24 1.000000
   136    4   25 1.000000
   136    4   26 1.000000
   136    4   27 1.000000
   136    5    6 1.000000
   136    5    7 1.000000
   136    5    8 1.000000
   136    5    9 1.000000
   136    5   10 1.000000
   136    5   11 1.000000
   136    5   12 1.000000
   136    5   13 1.000000
   136    5   14 1.000000
   136    5   15 1.000000
   136    5   16 1.000000
   136    5   17 1.000000
   136    5   18 1.000000
   136    5   19 1.000000
   136    5   20 1.000000
   136    5   21 1.000000
   136    5   22 1.000000
   136    5   23 1.000000
   136    5   24 1.000000
   136    5   25 1.000000
   136    5   26 1.000000
   136    5   27 1.000000
   136    6    7 1.000000
   136    6    8 1.000000
   136    6    9 1.000000
   136    6   10 1.000000
   136    6   11 1.000000
   136    6   12 1.000000
   136    6   13 1.000000
   136    6   14 1.000000
   136    6   15 1.000000
   136    6   16 1.000000
   136    6   17 1.000000
   136    6   18 1.000000
   136    6   19 1.000000
   136    6   20 1.000000
   136    6   21 1.000000
   136    6   22 1.000000
   136    6   23 1.000000
   136    6   24 1.000000
   136    6   25 1.000000
   136    6   26 1.000000
   136    6   27 1.000000
   136    7    8 1.000000
   136    7    9 1.000000
   136    7   10 1.000000
   136    7   11 1.000000
   136    7   12 1.000000
   136    7   13 1.000000
   136    7   14 1.000000
   136    7   15 1.000000
   136    7   16 1.000000
   136    7   17 1.000000
   136    7   18 1.000000
   136    7   19 1.000000
   136    7   20 1.000000
   136    7   21 1.000000
   136    7   22 1.000000
   136    7   23 1.000000
   136    7   24 1.000000
   136    7   25 1.000000
   136    7   26 1.000000
   136    7   27 1.000000
   136    8    9 1.000000
   136    8   10 1.000000
   136    8   11 1.000000
   136    8   12 1.000000
   136    8   13 1.000000
   136    8   14 1.000000
   136    8   15 1.000000
   136    8   16 1.000000
   136    8   17 1.000000
   136    8   18 1.000000
   136    8   19 1.000000
   136    8   20 1.000000
   136    8   21 1.000000
   136    8   22 1.000000
   136    8   23 1.000000
   136    8   24 1.000000
   136    8   25 1.000000
   136    8   26 1.000000
   136    8   27 1.000000
   136    9   10 1.000000
   136    9   11 1.000000
   136    9   12 1.000000
   136    9   13 1.000000
   136    9   14 1.000000
   136    9   15 1.000000
   136    9   16 1.000000
   136    9   17 1.000000
   136    9   18 1.000000
   136    9   19 1.000000
   136    9   20 1.000000
   136    9   21 1.000000
   136    9   22 1.000000
   136    9   23 1.000000
   136    9   24 1.000000
   136    9   25 1.000000
   136    9   26 1.000000
   136    9   27 1.000000
   136   10   11 1.000000
   136   10   12 1.000000
   136   10   13 1.000000
   136   10   14 1.000000
   136   10   15 1.000000
   136   10   16 1.000000
   136   10   17 1.000000
   136   10   18 1.000000
   136   10   19 1.000000
   136   10   20 1.000000
   136   10   21 1.000000
   136   10   22 1.000000
   136   10   23 1.000000
   136   10   24 1.000000
   136   10   25 1.000000
   136   10   26 1.000000
   136   10   27 1.000000
   136   11   12 1.000000
   136   11   13 1.000000
   136   11   14 1.000000
   136   11   15 1.000000
   136   11   16 1.000000
   136   11   17 1.000000
   136   11   18 1.000000
   136   11   19 1.000000
   136   11   20 1.000000
   136   11   21 1.000000
   136   11   22 1.000000
   136   11   23 1.000000
   136   11   24 1.000000
   136   11   25 1.000000
   136   11   26 1.000000
   136   11   27 1.000000
   136   12   13 1.000000
   136   12   14 1.000000
   136   12   15 1.000000
   136   12   16 1.000000
   136   12   17 1.000000
   136   12   18 1.000000
   136   12   19 1.000000
   136   12   20 1.000000
   136   12   21 1.000000
   136   12   22 1.000000
   136   12   23 1.000000
   136   12   24 1.000000
   136   12   25 1.000000
   136   12   26 1.000000
   136   12   27 1.000000
   136   13   14 1.000000
   136   13   15 1.000000
   136   13   16 1.000000
   136   13   17 1.000000
   136   13   18 1.000000
   136   13   19 1.000000
   136   13   20 1.000000
   136   13   21 1.000000
   136   13   22 1.000000
   136   13   23 1.000000
   136   13   24 1.000000
   136   13   25 1.000000
   136   13   26 1.000000
   136   13   27 1.000000
   136   14   15 1.000000
   136   14   16 1.000000
   136   14   17 1.000000
   136   14   18 1.000000
   136   14   19 1.000000
   136   14   20 1.000000
   136   14   21 1.000000
   136   14   22 1.000000
   136   14   23 1.000000
   136   14   24 1.000000
   136   14   25 1.000000
   136   14   26 1.000000
   136   14   27 1.000000
   136   15   16 1.000000
   136   15   17 1.000000
   136   15   18 1.000000
   136   15   19 1.000000
   136   15   20 1.000000
   136   15   21 1.000000
   136   15   22 1.000000
   136   15   23 1.000000
   136   15   24 1.000000
   136   15   25 1.000000
   136   15   26 1.000000
   136   15   27 1.000000
   136   16   17 1.000000
   136   16   18 1.000000
   136   16   19 1.000000
   136   16   20 1.000000
   136   16   21 1.000000
   136   16   22 1.000000
   136   16   23 1.000000
   136   16   24 1.000000
   136   16   25 1.000000
   136   16   26 1.000000
   136   16   27 1.000000
   136   17   18 1.000000
   136   17   19 1.000000
   136   17   20 1.000000
   136   17   21 1.000000
   136   17   22 1.000000
   136   17   23 1.000000
   136   17   24 1.000000
   136   17   25 1.000000
   136   17   26 1.000000
   136   17   27 1.000000
   136   18   19 1.000000
   136   18   20 1.000000
   136   18   21 1.000000
   136   18   22 1.000000
   136   18   23 1.000000
   136   18   24 1.000000
   136   18   25 1.000000
   136   18   26 1.000000
   136   18   27 1.000000
   136   19   20 1.000000
   136   19   21 1.000000
   136   19   22 1.000000
   136   19   23 1.000000
   136   19   24 1.000000
   136   19   25 1.000000
   136   19   26 1.000000
   136   19   27 1.000000
   136   20   21 1.000000
   136   20   22 1.000000
   136   20   23 1.000000
   136   20   24 1.000000
   136   20   25 1.000000
   136   20   26 1.000000
   136   20   27 1.000000
   136   21   22 1.000000
   136   21   23 1.000000
   136   21   24 1.000000
   136   21   25 1.000000
   136   21   26 1.000000
   136   21   27 1.000000
   136   22   23 1.000000
   136   22   24 1.000000
   136   22   25 1.000000
   136   22   26 1.000000
   136   22   27 1.000000
   136   23   24 1.000000
   136   23   25 1.000000
   136   23   26 1.000000
   136   23   27 1.000000
   136   24   25 1.000000
   136   24   26 1.000000
   136   24   27 1.000000
   136   25   26 1.000000
   136   25   27 1.000000
   136   26   27 1.000000
   137    1    2 1.000000
   137    1    3 1.000000
   137    1    4 1.000000
   137    1    5 1.000000
   137    1    6 1.000000
   137    1    7 1.000000
   137    1    8 1.000000
   137    1    9 1.000000
   137    1   10 1.000000
   137    1   11 1.000000
   137    1   12 1.000000
   137    1   13 1.000000
   137    1   14 1.000000
   137    1   15 1.000000
   137    1   16 1.000000
   137    1   17 1.000000
   137    1   18 1.000000
   137    1   19 1.000000
   137    1   20 1.000000
   137    1   21 1.000000
   137    1   22 1.000000
   137    1   23 1.000000
   137    1   24 1.000000
   137    1   25 1.000000
   137    1   26 1.000000
   137    1   27 1.000000
   137    2    3 1.000000
   137    2    4 1.000000
   137    2    5 1.000000
   137    2    6 1.000000
   137    2    7 1.000000
   137    2    8 1.000000
   137    2    9 1.000000
   137    2   10 1.000000
   137    2   11 1.000000
   137    2   12 1.000000
   137    2   13 1.000000
   137    2   14 1.000000
   137    2   15 1.000000
   137    2   16 1.000000
   137    2   17 1.000000
   137    2   18 1.000000
   137    2   19 1.000000
   137    2   20 1.000000
   137    2   21 1.000000
   137    2   22 1.000000
   137    2   23 1.000000
   137    2   24 1.000000
   137    2   25 1.000000
   137    2   26 1.000000
   137    2   27 1.000000
   137    3    4 1.000000
   137    3    5 1.000000
   137    3    6 1.000000
   137    3    7 1.000000
   137    3    8 1.000000
   137    3    9 1.000000
   137    3   10 1.000000
   137    3   11 1.000000
   137    3   12 1.000000
   137    3   13 1.000000
   137    3   14 1.000000
   137    3   15 1.000000
   137    3   16 1.000000
   137    3   17 1.000000
   137    3   18 1.000000
   137    3   19 1.000000
   137    3   20 1.000000
   137    3   21 1.000000
   137    3   22 1.000000
   137    3   23 1.000000
   137    3   24 1.000000
   137    3   25 1.000000
   137    3   26 1.000000
   137    3   27 1.000000
   137    4    5 1.000000
   137    4    6 1.000000
   137    4    7 1.000000
   137    4    8 1.000000
   137    4    9 1.000000
   137    4   10 1.000000
   137    4   11 1.000000
   137    4   12 1.000000
   137    4   13 1.000000
   137    4   14 1.000000
   137    4   15 1.000000
   137    4   16 1.000000
   137    4   17 1.000000
   137    4   18 1.000000
   137    4   19 1.000000
   137    4   20 1.000000
   137    4   21 1.000000
   137    4   22 1.000000
   137    4   23 1.000000
   137    4   24 1.000000
   137    4   25 1.000000
   137    4   26 1.000000
   137    4   27 1.000000
   137    5    6 1.000000
   137    5    7 1.000000
   137    5    8 1.000000
   137    5    9 1.000000
   137    5   10 1.000000
   137    5   11 1.000000
   137    5   12 1.000000
   137    5   13 1.000000
   137    5   14 1.000000
   137    5   15 1.000000
   137    5   16 1.000000
   137    5   17 1.000000
   137    5   18 1.000000
   137    5   19 1.000000
   137    5   20 1.000000
   137    5   21 1.000000
   137    5   22 1.000000
   137    5   23 1.000000
   137    5   24 1.000000
   137    5   25 1.000000
   137    5   26 1.000000
   137    5   27 1.000000
   137    6    7 1.000000
   137    6    8 1.000000
   137    6    9 1.000000
   137    6   10 1.000000
   137    6   11 1.000000
   137    6   12 1.000000
   137    6   13 1.000000
   137    6   14 1.000000
   137    6   15 1.000000
   137    6   16 1.000000
   137    6   17 1.000000
   137    6   18 1.000000
   137    6   19 1.000000
   137    6   20 1.000000
   137    6   21 1.000000
   137    6   22 1.000000
   137    6   23 1.000000
   137    6   24 1.000000
   137    6   25 1.000000
   137    6   26 1.000000
   137    6   27 1.000000
   137    7    8 1.000000
   137    7    9 1.000000
   137    7   10 1.000000
   137    7   11 1.000000
   137    7   12 1.000000
   137    7   13 1.000000
   137    7   14 1.000000
   137    7   15 1.000000
   137    7   16 1.000000
   137    7   17 1.000000
   137    7   18 1.000000
   137    7   19 1.000000
   137    7   20 1.000000
   137    7   21 1.000000
   137    7   22 1.000000
   137    7   23 1.000000
   137    7   24 1.000000
   137    7   25 1.000000
   137    7   26 1.000000
   137    7   27 1.000000
   137    8    9 1.000000
   137    8   10 1.000000
   137    8   11 1.000000
   137    8   12 1.000000
   137    8   13 1.000000
   137    8   14 1.000000
   137    8   15 1.000000
   137    8   16 1.000000
   137    8   17 1.000000
   137    8   18 1.000000
   137    8   19 1.000000
   137    8   20 1.000000
   137    8   21 1.000000
   137    8   22 1.000000
   137    8   23 1.000000
   137    8   24 1.000000
   137    8   25 1.000000
   137    8   26 1.000000
   137    8   27 1.000000
   137    9   10 1.000000
   137    9   11 1.000000
   137    9   12 1.000000
   137    9   13 1.000000
   137    9   14 1.000000
   137    9   15 1.000000
   137    9   16 1.000000
   137    9   17 1.000000
   137    9   18 1.000000
   137    9   19 1.000000
   137    9   20 1.000000
   137    9   21 1.000000
   137    9   22 1.000000
   137    9   23 1.000000
   137    9   24 1.000000
   137    9   25 1.000000
   137    9   26 1.000000
   137    9   27 1.000000
   137   10   11 1.000000
   137   10   12 1.000000
   137   10   13 1.000000
   137   10   14 1.000000
   137   10   15 1.000000
   137   10   16 1.000000
   137   10   17 1.000000
   137   10   18 1.000000
   137   10   19 1.000000
   137   10   20 1.000000
   137   10   21 1.000000
   137   10   22 1.000000
   137   10   23 1.000000
   137   10   24 1.000000
   137   10   25 1.000000
   137   10   26 1.000000
   137   10   27 1.000000
   137   11   12 1.000000
   137   11   13 1.000000
   137   11   14 1.000000
   137   11   15 1.000000
   137   11   16 1.000000
   137   11   17 1.000000
   137   11   18 1.000000
   137   11   19 1.000000
   137   11   20 1.000000
   137   11   21 1.000000
   137   11   22 1.000000
   137   11   23 1.000000
   137   11   24 1.000000
   137   11   25 1.000000
   137   11   26 1.000000
   137   11   27 1.000000
   137   12   13 1.000000
   137   12   14 1.000000
   137   12   15 1.000000
   137   12   16 1.000000
   137   12   17 1.000000
   137   12   18 1.000000
   137   12   19 1.000000
   137   12   20 1.000000
   137   12   21 1.000000
   137   12   22 1.000000
   137   12   23 1.000000
   137   12   24 1.000000
   137   12   25 1.000000
   137   12   26 1.000000
   137   12   27 1.000000
   137   13   14 1.000000
   137   13   15 1.000000
   137   13   16 1.000000
   137   13   17 1.000000
   137   13   18 1.000000
   137   13   19 1.000000
   137   13   20 1.000000
   137   13   21 1.000000
   137   13   22 1.000000
   137   13   23 1.000000
   137   13   24 1.000000
   137   13   25 1.000000
   137   13   26 1.000000
   137   13   27 1.000000
   137   14   15 1.000000
   137   14   16 1.000000
   137   14   17 1.000000
   137   14   18 1.000000
   137   14   19 1.000000
   137   14   20 1.000000
   137   14   21 1.000000
   137   14   22 1.000000
   137   14   23 1.000000
   137   14   24 1.000000
   137   14   25 1.000000
   137   14   26 1.000000
   137   14   27 1.000000
   137   15   16 1.000000
   137   15   17 1.000000
   137   15   18 1.000000
   137   15   19 1.000000
   137   15   20 1.000000
   137   15   21 1.000000
   137   15   22 1.000000
   137   15   23 1.000000
   137   15   24 1.000000
   137   15   25 1.000000
   137   15   26 1.000000
   137   15   27 1.000000
   137   16   17 1.000000
   137   16   18 1.000000
   137   16   19 1.000000
   137   16   20 1.000000
   137   16   21 1.000000
   137   16   22 1.000000
   137   16   23 1.000000
   137   16   24 1.000000
   137   16   25 1.000000
   137   16   26 1.000000
   137   16   27 1.000000
   137   17   18 1.000000
   137   17   19 1.000000
   137   17   20 1.000000
   137   17   21 1.000000
   137   17   22 1.000000
   137   17   23 1.000000
   137   17   24 1.000000
   137   17   25 1.000000
   137   17   26 1.000000
   137   17   27 1.000000
   137   18   19 1.000000
   137   18   20 1.000000
   137   18   21 1.000000
   137   18   22 1.000000
   137   18   23 1.000000
   137   18   24 1.000000
   137   18   25 1.000000
   137   18   26 1.000000
   137   18   27 1.000000
   137   19   20 1.000000
   137   19   21 1.000000
   137   19   22 1.000000
   137   19   23 1.000000
   137   19   24 1.000000
   137   19   25 1.000000
   137   19   26 1.000000
   137   19   27 1.000000
   137   20   21 1.000000
   137   20   22 1.000000
   137   20   23 1.000000
   137   20   24 1.000000
   137   20   25 1.000000
   137   20   26 1.000000
   137   20   27 1.000000
   137   21   22 1.000000
   137   21   23 1.000000
   137   21   24 1.000000
   137   21   25 1.000000
   137   21   26 1.000000
   137   21   27 1.000000
   137   22   23 1.000000
   137   22   24 1.000000
   137   22   25 1.000000
   137   22   26 1.000000
   137   22   27 1.000000
   137   23   24 1.000000
   137   23   25 1.000000
   137   23   26 1.000000
   137   23   27 1.000000
   137   24   25 1.000000
   137   24   26 1.000000
   137   24   27 1.000000
   137   25   26 1.000000
   137   25   27 1.000000
   137   26   27 1.000000
   138    1    2 1.000000
   138    1    3 1.000000
   138    1    4 1.000000
   138    1    5 1.000000
   138    1    6 1.000000
   138    1    7 1.000000
   138    1    8 1.000000
   138    1    9 1.000000
   138    1   10 1.000000
   138    1   11 1.000000
   138    1   12 1.000000
   138    1   13 1.000000
   138    1   14 1.000000
   138    1   15 1.000000
   138    1   16 1.000000
   138    1   17 1.000000
   138    1   18 1.000000
   138    1   19 1.000000
   138    1   20 1.000000
   138    1   21 1.000000
   138    1   22 1.000000
   138    1   23 1.000000
   138    1   24 1.000000
   138    1   25 1.000000
   138    1   26 1.000000
   138    1   27 1.000000
   138    2    3 1.000000
   138    2    4 1.000000
   138    2    5 1.000000
   138    2    6 1.000000
   138    2    7 1.000000
   138    2    8 1.000000
   138    2    9 1.000000
   138    2   10 1.000000
   138    2   11 1.000000
   138    2   12 1.000000
   138    2   13 1.000000
   138    2   14 1.000000
   138    2   15 1.000000
   138    2   16 1.000000
   138    2   17 1.000000
   138    2   18 1.000000
   138    2   19 1.000000
   138    2   20 1.000000
   138    2   21 1.000000
   138    2   22 1.000000
   138    2   23 1.000000
   138    2   24 1.000000
   138    2   25 1.000000
   138    2   26 1.000000
   138    2   27 1.000000
   138    3    4 1.000000
   138    3    5 1.000000
   138    3    6 1.000000
   138    3    7 1.000000
   138    3    8 1.000000
   138    3    9 1.000000
   138    3   10 1.000000
   138    3   11 1.000000
   138    3   12 1.000000
   138    3   13 1.000000
   138    3   14 1.000000
   138    3   15 1.000000
   138    3   16 1.000000
   138    3   17 1.000000
   138    3   18 1.000000
   138    3   19 1.000000
   138    3   20 1.000000
   138    3   21 1.000000
   138    3   22 1.000000
   138    3   23 1.000000
   138    3   24 1.000000
   138    3   25 1.000000
   138    3   26 1.000000
   138    3   27 1.000000
   138    4    5 1.000000
   138    4    6 1.000000
   138    4    7 1.000000
   138    4    8 1.000000
   138    4    9 1.000000
   138    4   10 1.000000
   138    4   11 1.000000
   138    4   12 1.000000
   138    4   13 1.000000
   138    4   14 1.000000
   138    4   15 1.000000
   138    4   16 1.000000
   138    4   17 1.000000
   138    4   18 1.000000
   138    4   19 1.000000
   138    4   20 1.000000
   138    4   21 1.000000
   138    4   22 1.000000
   138    4   23 1.000000
   138    4   24 1.000000
   138    4   25 1.000000
   138    4   26 1.000000
   138    4   27 1.000000
   138    5    6 1.000000
   138    5    7 1.000000
   138    5    8 1.000000
   138    5    9 1.000000
   138    5   10 1.000000
   138    5   11 1.000000
   138    5   12 1.000000
   138    5   13 1.000000
   138    5   14 1.000000
   138    5   15 1.000000
   138    5   16 1.000000
   138    5   17 1.000000
   138    5   18 1.000000
   138    5   19 1.000000
   138    5   20 1.000000
   138    5   21 1.000000
   138    5   22 1.000000
   138    5   23 1.000000
   138    5   24 1.000000
   138    5   25 1.000000
   138    5   26 1.000000
   138    5   27 1.000000
   138    6    7 1.000000
   138    6    8 1.000000
   138    6    9 1.000000
   138    6   10 1.000000
   138    6   11 1.000000
   138    6   12 1.000000
   138    6   13 1.000000
   138    6   14 1.000000
   138    6   15 1.000000
   138    6   16 1.000000
   138    6   17 1.000000
   138    6   18 1.000000
   138    6   19 1.000000
   138    6   20 1.000000
   138    6   21 1.000000
   138    6   22 1.000000
   138    6   23 1.000000
   138    6   24 1.000000
   138    6   25 1.000000
   138    6   26 1.000000
   138    6   27 1.000000
   138    7    8 1.000000
   138    7    9 1.000000
   138    7   10 1.000000
   138    7   11 1.000000
   138    7   12 1.000000
   138    7   13 1.000000
   138    7   14 1.000000
   138    7   15 1.000000
   138    7   16 1.000000
   138    7   17 1.000000
   138    7   18 1.000000
   138    7   19 1.000000
   138    7   20 1.000000
   138    7   21 1.000000
   138    7   22 1.000000
   138    7   23 1.000000
   138    7   24 1.000000
   138    7   25 1.000000
   138    7   26 1.000000
   138    7   27 1.000000
   138    8    9 1.000000
   138    8   10 1.000000
   138    8   11 1.000000
   138    8   12 1.000000
   138    8   13 1.000000
   138    8   14 1.000000
   138    8   15 1.000000
   138    8   16 1.000000
   138    8   17 1.000000
   138    8   18 1.000000
   138    8   19 1.000000
   138    8   20 1.000000
   138    8   21 1.000000
   138    8   22 1.000000
   138    8   23 1.000000
   138    8   24 1.000000
   138    8   25 1.000000
   138    8   26 1.000000
   138    8   27 1.000000
   138    9   10 1.000000
   138    9   11 1.000000
   138    9   12 1.000000
   138    9   13 1.000000
   138    9   14 1.000000
   138    9   15 1.000000
   138    9   16 1.000000
   138    9   17 1.000000
   138    9   18 1.000000
   138    9   19 1.000000
   138    9   20 1.000000
   138    9   21 1.000000
   138    9   22 1.000000
   138    9   23 1.000000
   138    9   24 1.000000
   138    9   25 1.000000
   138    9   26 1.000000
   138    9   27 1.000000
   138   10   11 1.000000
   138   10   12 1.000000
   138   10   13 1.000000
   138   10   14 1.000000
   138   10   15 1.000000
   138   10   16 1.000000
   138   10   17 1.000000
   138   10   18 1.000000
   138   10   19 1.000000
   138   10   20 1.000000
   138   10   21 1.000000
   138   10   22 1.000000
   138   10   23 1.000000
   138   10   24 1.000000
   138   10   25 1.000000
   138   10   26 1.000000
   138   10   27 1.000000
   138   11   12 1.000000
   138   11   13 1.000000
   138   11   14 1.000000
   138   11   15 1.000000
   138   11   16 1.000000
   138   11   17 1.000000
   138   11   18 1.000000
   138   11   19 1.000000
   138   11   20 1.000000
   138   11   21 1.000000
   138   11   22 1.000000
   138   11   23 1.000000
   138   11   24 1.000000
   138   11   25 1.000000
   138   11   26 1.000000
   138   11   27 1.000000
   138   12   13 1.000000
   138   12   14 1.000000
   138   12   15 1.000000
   138   12   16 1.000000
   138   12   17 1.000000
   138   12   18 1.000000
   138   12   19 1.000000
   138   12   20 1.000000
   138   12   21 1.000000
   138   12   22 1.000000
   138   12   23 1.000000
   138   12   24 1.000000
   138   12   25 1.000000
   138   12   26 1.000000
   138   12   27 1.000000
   138   13   14 1.000000
   138   13   15 1.000000
   138   13   16 1.000000
   138   13   17 1.000000
   138   13   18 1.000000
   138   13   19 1.000000
   138   13   20 1.000000
   138   13   21 1.000000
   138   13   22 1.000000
   138   13   23 1.000000
   138   13   24 1.000000
   138   13   25 1.000000
   138   13   26 1.000000
   138   13   27 1.000000
   138   14   15 1.000000
   138   14   16 1.000000
   138   14   17 1.000000
   138   14   18 1.000000
   138   14   19 1.000000
   138   14   20 1.000000
   138   14   21 1.000000
   138   14   22 1.000000
   138   14   23 1.000000
   138   14   24 1.000000
   138   14   25 1.000000
   138   14   26 1.000000
   138   14   27 1.000000
   138   15   16 1.000000
   138   15   17 1.000000
   138   15   18 1.000000
   138   15   19 1.000000
   138   15   20 1.000000
   138   15   21 1.000000
   138   15   22 1.000000
   138   15   23 1.000000
   138   15   24 1.000000
   138   15   25 1.000000
   138   15   26 1.000000
   138   15   27 1.000000
   138   16   17 1.000000
   138   16   18 1.000000
   138   16   19 1.000000
   138   16   20 1.000000
   138   16   21 1.000000
   138   16   22 1.000000
   138   16   23 1.000000
   138   16   24 1.000000
   138   16   25 1.000000
   138   16   26 1.000000
   138   16   27 1.000000
   138   17   18 1.000000
   138   17   19 1.000000
   138   17   20 1.000000
   138   17   21 1.000000
   138   17   22 1.000000
   138   17   23 1.000000
   138   17   24 1.000000
   138   17   25 1.000000
   138   17   26 1.000000
   138   17   27 1.000000
   138   18   19 1.000000
   138   18   20 1.000000
   138   18   21 1.000000
   138   18   22 1.000000
   138   18   23 1.000000
   138   18   24 1.000000
   138   18   25 1.000000
   138   18   26 1.000000
   138   18   27 1.000000
   138   19   20 1.000000
   138   19   21 1.000000
   138   19   22 1.000000
   138   19   23 1.000000
   138   19   24 1.000000
   138   19   25 1.000000
   138   19   26 1.000000
   138   19   27 1.000000
   138   20   21 1.000000
   138   20   22 1.000000
   138   20   23 1.000000
   138   20   24 1.000000
   138   20   25 1.000000
   138   20   26 1.000000
   138   20   27 1.000000
   138   21   22 1.000000
   138   21   23 1.000000
   138   21   24 1.000000
   138   21   25 1.000000
   138   21   26 1.000000
   138   21   27 1.000000
   138   22   23 1.000000
   138   22   24 1.000000
   138   22   25 1.000000
   138   22   26 1.000000
   138   22   27 1.000000
   138   23   24 1.000000
   138   23   25 1.000000
   138   23   26 1.000000
   138   23   27 1.000000
   138   24   25 1.000000
   138   24   26 1.000000
   138   24   27 1.000000
   138   25   26 1.000000
   138   25   27 1.000000
   138   26   27 1.000000
   139    1    2 1.000000
   139    1    3 1.000000
   139    1    4 1.000000
   139    1    5 1.000000
   139    1    6 1.000000
   139    1    7 1.000000
   139    1    8 1.000000
   139    1    9 1.000000
   139    1   10 1.000000
   139    1   11 1.000000
   139    1   12 1.000000
   139    1   13 1.000000
   139    1   14 1.000000
   139    1   15 1.000000
   139    1   16 1.000000
   139    1   17 1.000000
   139    1   18 1.000000
   139    1   19 1.000000
   139    1   20 1.000000
   139    1   21 1.000000
   139    1   22 1.000000
   139    1   23 1.000000
   139    1   24 1.000000
   139    1   25 1.000000
   139    1   26 1.000000
   139    1   27 1.000000
   139    2    3 1.000000
   139    2    4 1.000000
   139    2    5 1.000000
   139    2    6 1.000000
   139    2    7 1.000000
   139    2    8 1.000000
   139    2    9 1.000000
   139    2   10 1.000000
   139    2   11 1.000000
   139    2   12 1.000000
   139    2   13 1.000000
   139    2   14 1.000000
   139    2   15 1.000000
   139    2   16 1.000000
   139    2   17 1.000000
   139    2   18 1.000000
   139    2   19 1.000000
   139    2   20 1.000000
   139    2   21 1.000000
   139    2   22 1.000000
   139    2   23 1.000000
   139    2   24 1.000000
   139    2   25 1.000000
   139    2   26 1.000000
   139    2   27 1.000000
   139    3    4 1.000000
   139    3    5 1.000000
   139    3    6 1.000000
   139    3    7 1.000000
   139    3    8 1.000000
   139    3    9 1.000000
   139    3   10 1.000000
   139    3   11 1.000000
   139    3   12 1.000000
   139    3   13 1.000000
   139    3   14 1.000000
   139    3   15 1.000000
   139    3   16 1.000000
   139    3   17 1.000000
   139    3   18 1.000000
   139    3   19 1.000000
   139    3   20 1.000000
   139    3   21 1.000000
   139    3   22 1.000000
   139    3   23 1.000000
   139    3   24 1.000000
   139    3   25 1.000000
   139    3   26 1.000000
   139    3   27 1.000000
   139    4    5 1.000000
   139    4    6 1.000000
   139    4    7 1.000000
   139    4    8 1.000000
   139    4    9 1.000000
   139    4   10 1.000000
   139    4   11 1.000000
   139    4   12 1.000000
   139    4   13 1.000000
   139    4   14 1.000000
   139    4   15 1.000000
   139    4   16 1.000000
   139    4   17 1.000000
   139    4   18 1.000000
   139    4   19 1.000000
   139    4   20 1.000000
   139    4   21 1.000000
   139    4   22 1.000000
   139    4   23 1.000000
   139    4   24 1.000000
   139    4   25 1.000000
   139    4   26 1.000000
   139    4   27 1.000000
   139    5    6 1.000000
   139    5    7 1.000000
   139    5    8 1.000000
   139    5    9 1.000000
   139    5   10 1.000000
   139    5   11 1.000000
   139    5   12 1.000000
   139    5   13 1.000000
   139    5   14 1.000000
   139    5   15 1.000000
   139    5   16 1.000000
   139    5   17 1.000000
   139    5   18 1.000000
   139    5   19 1.000000
   139    5   20 1.000000
   139    5   21 1.000000
   139    5   22 1.000000
   139    5   23 1.000000
   139    5   24 1.000000
   139    5   25 1.000000
   139    5   26 1.000000
   139    5   27 1.000000
   139    6    7 1.000000
   139    6    8 1.000000
   139    6    9 1.000000
   139    6   10 1.000000
   139    6   11 1.000000
   139    6   12 1.000000
   139    6   13 1.000000
   139    6   14 1.000000
   139    6   15 1.000000
   139    6   16 1.000000
   139    6   17 1.000000
   139    6   18 1.000000
   139    6   19 1.000000
   139    6   20 1.000000
   139    6   21 1.000000
   139    6   22 1.000000
   139    6   23 1.000000
   139    6   24 1.000000
   139    6   25 1.000000
   139    6   26 1.000000
   139    6   27 1.000000
   139    7    8 1.000000
   139    7    9 1.000000
   139    7   10 1.000000
   139    7   11 1.000000
   139    7   12 1.000000
   139    7   13 1.000000
   139    7   14 1.000000
   139    7   15 1.000000
   139    7   16 1.000000
   139    7   17 1.000000
   139    7   18 1.000000
   139    7   19 1.000000
   139    7   20 1.000000
   139    7   21 1.000000
   139    7   22 1.000000
   139    7   23 1.000000
   139    7   24 1.000000
   139    7   25 1.000000
   139    7   26 1.000000
   139    7   27 1.000000
   139    8    9 1.000000
   139    8   10 1.000000
   139    8   11 1.000000
   139    8   12 1.000000
   139    8   13 1.000000
   139    8   14 1.000000
   139    8   15 1.000000
   139    8   16 1.000000
   139    8   17 1.000000
   139    8   18 1.000000
   139    8   19 1.000000
   139    8   20 1.000000
   139    8   21 1.000000
   139    8   22 1.000000
   139    8   23 1.000000
   139    8   24 1.000000
   139    8   25 1.000000
   139    8   26 1.000000
   139    8   27 1.000000
   139    9   10 1.000000
   139    9   11 1.000000
   139    9   12 1.000000
   139    9   13 1.000000
   139    9   14 1.000000
   139    9   15 1.000000
   139    9   16 1.000000
   139    9   17 1.000000
   139    9   18 1.000000
   139    9   19 1.000000
   139    9   20 1.000000
   139    9   21 1.000000
   139    9   22 1.000000
   139    9   23 1.000000
   139    9   24 1.000000
   139    9   25 1.000000
   139    9   26 1.000000
   139    9   27 1.000000
   139   10   11 1.000000
   139   10   12 1.000000
   139   10   13 1.000000
   139   10   14 1.000000
   139   10   15 1.000000
   139   10   16 1.000000
   139   10   17 1.000000
   139   10   18 1.000000
   139   10   19 1.000000
   139   10   20 1.000000
   139   10   21 1.000000
   139   10   22 1.000000
   139   10   23 1.000000
   139   10   24 1.000000
   139   10   25 1.000000
   139   10   26 1.000000
   139   10   27 1.000000
   139   11   12 1.000000
   139   11   13 1.000000
   139   11   14 1.000000
   139   11   15 1.000000
   139   11   16 1.000000
   139   11   17 1.000000
   139   11   18 1.000000
   139   11   19 1.000000
   139   11   20 1.000000
   139   11   21 1.000000
   139   11   22 1.000000
   139   11   23 1.000000
   139   11   24 1.000000
   139   11   25 1.000000
   139   11   26 1.000000
   139   11   27 1.000000
   139   12   13 1.000000
   139   12   14 1.000000
   139   12   15 1.000000
   139   12   16 1.000000
   139   12   17 1.000000
   139   12   18 1.000000
   139   12   19 1.000000
   139   12   20 1.000000
   139   12   21 1.000000
   139   12   22 1.000000
   139   12   23 1.000000
   139   12   24 1.000000
   139   12   25 1.000000
   139   12   26 1.000000
   139   12   27 1.000000
   139   13   14 1.000000
   139   13   15 1.000000
   139   13   16 1.000000
   139   13   17 1.000000
   139   13   18 1.000000
   139   13   19 1.000000
   139   13   20 1.000000
   139   13   21 1.000000
   139   13   22 1.000000
   139   13   23 1.000000
   139   13   24 1.000000
   139   13   25 1.000000
   139   13   26 1.000000
   139   13   27 1.000000
   139   14   15 1.000000
   139   14   16 1.000000
   139   14   17 1.000000
   139   14   18 1.000000
   139   14   19 1.000000
   139   14   20 1.000000
   139   14   21 1.000000
   139   14   22 1.000000
   139   14   23 1.000000
   139   14   24 1.000000
   139   14   25 1.000000
   139   14   26 1.000000
   139   14   27 1.000000
   139   15   16 1.000000
   139   15   17 1.000000
   139   15   18 1.000000
   139   15   19 1.000000
   139   15   20 1.000000
   139   15   21 1.000000
   139   15   22 1.000000
   139   15   23 1.000000
   139   15   24 1.000000
   139   15   25 1.000000
   139   15   26 1.000000
   139   15   27 1.000000
   139   16   17 1.000000
   139   16   18 1.000000
   139   16   19 1.000000
   139   16   20 1.000000
   139   16   21 1.000000
   139   16   22 1.000000
   139   16   23 1.000000
   139   16   24 1.000000
   139   16   25 1.000000
   139   16   26 1.000000
   139   16   27 1.000000
   139   17   18 1.000000
   139   17   19 1.000000
   139   17   20 1.000000
   139   17   21 1.000000
   139   17   22 1.000000
   139   17   23 1.000000
   139   17   24 1.000000
   139   17   25 1.000000
   139   17   26 1.000000
   139   17   27 1.000000
   139   18   19 1.000000
   139   18   20 1.000000
   139   18   21 1.000000
   139   18   22 1.000000
   139   18   23 1.000000
   139   18   24 1.000000
   139   18   25 1.000000
   139   18   26 1.000000
   139   18   27 1.000000
   139   19   20 1.000000
   139   19   21 1.000000
   139   19   22 1.000000
   139   19   23 1.000000
   139   19   24 1.000000
   139   19   25 1.000000
   139   19   26 1.000000
   139   19   27 1.000000
   139   20   21 1.000000
   139   20   22 1.000000
   139   20   23 1.000000
   139   20   24 1.000000
   139   20   25 1.000000
   139   20   26 1.000000
   139   20   27 1.000000
   139   21   22 1.000000
   139   21   23 1.000000
   139   21   24 1.000000
   139   21   25 1.000000
   139   21   26 1.000000
   139   21   27 1.000000
   139   22   23 1.000000
   139   22   24 1.000000
   139   22   25 1.000000
   139   22   26 1.000000
   139   22   27 1.000000
   139   23   24 1.000000
   139   23   25 1.000000
   139   23   26 1.000000
   139   23   27 1.000000
   139   24   25 1.000000
   139   24   26 1.000000
   139   24   27 1.000000
   139   25   26 1.000000
   139   25   27 1.000000
   139   26   27 1.000000
   140    1    2 1.000000
   140    1    3 1.000000
   140    1    4 1.000000
   140    1    5 1.000000
   140    1    6 1.000000
   140    1    7 1.000000
   140    1    8 1.000000
   140    1    9 1.000000
   140    1   10 1.000000
   140    1   11 1.000000
   140    1   12 1.000000
   140    1   13 1.000000
   140    1   14 1.000000
   140    1   15 1.000000
   140    1   16 1.000000
   140    1   17 1.000000
   140    1   18 1.000000
   140    1   19 1.000000
   140    1   20 1.000000
   140    1   21 1.000000
   140    1   22 1.000000
   140    1   23 1.000000
   140    1   24 1.000000
   140    1   25 1.000000
   140    1   26 1.000000
   140    1   27 1.000000
   140    2    3 1.000000
   140    2    4 1.000000
   140    2    5 1.000000
   140    2    6 1.000000
   140    2    7 1.000000
   140    2    8 1.000000
   140    2    9 1.000000
   140    2   10 1.000000
   140    2   11 1.000000
   140    2   12 1.000000
   140    2   13 1.000000
   140    2   14 1.000000
   140    2   15 1.000000
   140    2   16 1.000000
   140    2   17 1.000000
   140    2   18 1.000000
   140    2   19 1.000000
   140    2   20 1.000000
   140    2   21 1.000000
   140    2   22 1.000000
   140    2   23 1.000000
   140    2   24 1.000000
   140    2   25 1.000000
   140    2   26 1.000000
   140    2   27 1.000000
   140    3    4 1.000000
   140    3    5 1.000000
   140    3    6 1.000000
   140    3    7 1.000000
   140    3    8 1.000000
   140    3    9 1.000000
   140    3   10 1.000000
   140    3   11 1.000000
   140    3   12 1.000000
   140    3   13 1.000000
   140    3   14 1.000000
   140    3   15 1.000000
   140    3   16 1.000000
   140    3   17 1.000000
   140    3   18 1.000000
   140    3   19 1.000000
   140    3   20 1.000000
   140    3   21 1.000000
   140    3   22 1.000000
   140    3   23 1.000000
   140    3   24 1.000000
   140    3   25 1.000000
   140    3   26 1.000000
   140    3   27 1.000000
   140    4    5 1.000000
   140    4    6 1.000000
   140    4    7 1.000000
   140    4    8 1.000000
   140    4    9 1.000000
   140    4   10 1.000000
   140    4   11 1.000000
   140    4   12 1.000000
   140    4   13 1.000000
   140    4   14 1.000000
   140    4   15 1.000000
   140    4   16 1.000000
   140    4   17 1.000000
   140    4   18 1.000000
   140    4   19 1.000000
   140    4   20 1.000000
   140    4   21 1.000000
   140    4   22 1.000000
   140    4   23 1.000000
   140    4   24 1.000000
   140    4   25 1.000000
   140    4   26 1.000000
   140    4   27 1.000000
   140    5    6 1.000000
   140    5    7 1.000000
   140    5    8 1.000000
   140    5    9 1.000000
   140    5   10 1.000000
   140    5   11 1.000000
   140    5   12 1.000000
   140    5   13 1.000000
   140    5   14 1.000000
   140    5   15 1.000000
   140    5   16 1.000000
   140    5   17 1.000000
   140    5   18 1.000000
   140    5   19 1.000000
   140    5   20 1.000000
   140    5   21 1.000000
   140    5   22 1.000000
   140    5   23 1.000000
   140    5   24 1.000000
   140    5   25 1.000000
   140    5   26 1.000000
   140    5   27 1.000000
   140    6    7 1.000000
   140    6    8 1.000000
   140    6    9 1.000000
   140    6   10 1.000000
   140    6   11 1.000000
   140    6   12 1.000000
   140    6   13 1.000000
   140    6   14 1.000000
   140    6   15 1.000000
   140    6   16 1.000000
   140    6   17 1.000000
   140    6   18 1.000000
   140    6   19 1.000000
   140    6   20 1.000000
   140    6   21 1.000000
   140    6   22 1.000000
   140    6   23 1.000000
   140    6   24 1.000000
   140    6   25 1.000000
   140    6   26 1.000000
   140    6   27 1.000000
   140    7    8 1.000000
   140    7    9 1.000000
   140    7   10 1.000000
   140    7   11 1.000000
   140    7   12 1.000000
   140    7   13 1.000000
   140    7   14 1.000000
   140    7   15 1.000000
   140    7   16 1.000000
   140    7   17 1.000000
   140    7   18 1.000000
   140    7   19 1.000000
   140    7   20 1.000000
   140    7   21 1.000000
   140    7   22 1.000000
   140    7   23 1.000000
   140    7   24 1.000000
   140    7   25 1.000000
   140    7   26 1.000000
   140    7   27 1.000000
   140    8    9 1.000000
   140    8   10 1.000000
   140    8   11 1.000000
   140    8   12 1.000000
   140    8   13 1.000000
   140    8   14 1.000000
   140    8   15 1.000000
   140    8   16 1.000000
   140    8   17 1.000000
   140    8   18 1.000000
   140    8   19 1.000000
   140    8   20 1.000000
   140    8   21 1.000000
   140    8   22 1.000000
   140    8   23 1.000000
   140    8   24 1.000000
   140    8   25 1.000000
   140    8   26 1.000000
   140    8   27 1.000000
   140    9   10 1.000000
   140    9   11 1.000000
   140    9   12 1.000000
   140    9   13 1.000000
   140    9   14 1.000000
   140    9   15 1.000000
   140    9   16 1.000000
   140    9   17 1.000000
   140    9   18 1.000000
   140    9   19 1.000000
   140    9   20 1.000000
   140    9   21 1.000000
   140    9   22 1.000000
   140    9   23 1.000000
   140    9   24 1.000000
   140    9   25 1.000000
   140    9   26 1.000000
   140    9   27 1.000000
   140   10   11 1.000000
   140   10   12 1.000000
   140   10   13 1.000000
   140   10   14 1.000000
   140   10   15 1.000000
   140   10   16 1.000000
   140   10   17 1.000000
   140   10   18 1.000000
   140   10   19 1.000000
   140   10   20 1.000000
   140   10   21 1.000000
   140   10   22 1.000000
   140   10   23 1.000000
   140   10   24 1.000000
   140   10   25 1.000000
   140   10   26 1.000000
   140   10   27 1.000000
   140   11   12 1.000000
   140   11   13 1.000000
   140   11   14 1.000000
   140   11   15 1.000000
   140   11   16 1.000000
   140   11   17 1.000000
   140   11   18 1.000000
   140   11   19 1.000000
   140   11   20 1.000000
   140   11   21 1.000000
   140   11   22 1.000000
   140   11   23 1.000000
   140   11   24 1.000000
   140   11   25 1.000000
   140   11   26 1.000000
   140   11   27 1.000000
   140   12   13 1.000000
   140   12   14 1.000000
   140   12   15 1.000000
   140   12   16 1.000000
   140   12   17 1.000000
   140   12   18 1.000000
   140   12   19 1.000000
   140   12   20 1.000000
   140   12   21 1.000000
   140   12   22 1.000000
   140   12   23 1.000000
   140   12   24 1.000000
   140   12   25 1.000000
   140   12   26 1.000000
   140   12   27 1.000000
   140   13   14 1.000000
   140   13   15 1.000000
   140   13   16 1.000000
   140   13   17 1.000000
   140   13   18 1.000000
   140   13   19 1.000000
   140   13   20 1.000000
   140   13   21 1.000000
   140   13   22 1.000000
   140   13   23 1.000000
   140   13   24 1.000000
   140   13   25 1.000000
   140   13   26 1.000000
   140   13   27 1.000000
   140   14   15 1.000000
   140   14   16 1.000000
   140   14   17 1.000000
   140   14   18 1.000000
   140   14   19 1.000000
   140   14   20 1.000000
   140   14   21 1.000000
   140   14   22 1.000000
   140   14   23 1.000000
   140   14   24 1.000000
   140   14   25 1.000000
   140   14   26 1.000000
   140   14   27 1.000000
   140   15   16 1.000000
   140   15   17 1.000000
   140   15   18 1.000000
   140   15   19 1.000000
   140   15   20 1.000000
   140   15   21 1.000000
   140   15   22 1.000000
   140   15   23 1.000000
   140   15   24 1.000000
   140   15   25 1.000000
   140   15   26 1.000000
   140   15   27 1.000000
   140   16   17 1.000000
   140   16   18 1.000000
   140   16   19 1.000000
   140   16   20 1.000000
   140   16   21 1.000000
   140   16   22 1.000000
   140   16   23 1.000000
   140   16   24 1.000000
   140   16   25 1.000000
   140   16   26 1.000000
   140   16   27 1.000000
   140   17   18 1.000000
   140   17   19 1.000000
   140   17   20 1.000000
   140   17   21 1.000000
   140   17   22 1.000000
   140   17   23 1.000000
   140   17   24 1.000000
   140   17   25 1.000000
   140   17   26 1.000000
   140   17   27 1.000000
   140   18   19 1.000000
   140   18   20 1.000000
   140   18   21 1.000000
   140   18   22 1.000000
   140   18   23 1.000000
   140   18   24 1.000000
   140   18   25 1.000000
   140   18   26 1.000000
   140   18   27 1.000000
   140   19   20 1.000000
   140   19   21 1.000000
   140   19   22 1.000000
   140   19   23 1.000000
   140   19   24 1.000000
   140   19   25 1.000000
   140   19   26 1.000000
   140   19   27 1.000000
   140   20   21 1.000000
   140   20   22 1.000000
   140   20   23 1.000000
   140   20   24 1.000000
   140   20   25 1.000000
   140   20   26 1.000000
   140   20   27 1.000000
   140   21   22 1.000000
   140   21   23 1.000000
   140   21   24 1.000000
   140   21   25 1.000000
   140   21   26 1.000000
   140   21   27 1.000000
   140   22   23 1.000000
   140   22   24 1.000000
   140   22   25 1.000000
   140   22   26 1.000000
   140   22   27 1.000000
   140   23   24 1.000000
   140   23   25 1.000000
   140   23   26 1.000000
   140   23   27 1.000000
   140   24   25 1.000000
   140   24   26 1.000000
   140   24   27 1.000000
   140   25   26 1.000000
   140   25   27 1.000000
   140   26   27 1.000000
   141    1    2 1.000000
   141    1    3 1.000000
   141    1    4 1.000000
   141    1    5 1.000000
   141    1    6 1.000000
   141    1    7 1.000000
   141    1    8 1.000000
   141    1    9 1.000000
   141    1   10 1.000000
   141    1   11 1.000000
   141    1   12 1.000000
   141    1   13 0.250000
   141    1   15 1.000000
   141    1   16 1.000000
   141    1   17 0.875000
   141    1   18 1.000000
   141    1   19 1.000000
   141    1   20 1.000000
   141    1   21 1.000000
   141    1   22 1.000000
   141    1   23 1.000000
   141    1   24 1.000000
   141    1   25 1.000000
   141    1   26 1.000000
   141    1   27 1.000000
   141    2    3 1.000000
   141    2    4 1.000000
   141    2    5 1.000000
   141    2    6 1.000000
   141    2    7 1.000000
   141    2    8 1.000000
   141    2    9 1.000000
   141    2   10 1.000000
   141    2   11 1.000000
   141    2   12 1.000000
   141    2   13 0.250000
   141    2   15 1.000000
   141    2   16 1.000000
   141    2   17 0.875000
   141    2   18 1.000000
   141    2   19 1.000000
   141    2   20 1.000000
   141    2   21 1.000000
   141    2   22 1.000000
   141    2   23 1.000000
   141    2   24 1.000000
   141    2   25 1.000000
   141    2   26 1.000000
   141    2   27 1.000000
   141    3    4 1.000000
   141    3    5 1.000000
   141    3    6 1.000000
   141    3    7 1.000000
   141    3    8 1.000000
   141    3    9 1.000000
   141    3   10 1.000000
   141    3   11 1.000000
   141    3   12 1.000000
   141    3   13 0.250000
   141    3   15 1.000000
   141    3   16 1.000000
   141    3   17 0.875000
   141    3   18 1.000000
   141    3   19 1.000000
   141    3   20 1.000000
   141    3   21 1.000000
   141    3   22 1.000000
   141    3   23 1.000000
   141    3   24 1.000000
   141    3   25 1.000000
   141    3   26 1.000000
   141    3   27 1.000000
   141    4    5 1.000000
   141    4    6 1.000000
   141    4    7 1.000000
   141    4    8 1.000000
   141    4    9 1.000000
   141    4   10 1.000000
   141    4   11 1.000000
   141    4   12 1.000000
   141    4   13 0.250000
   141    4   15 1.000000
   141    4   16 1.000000
   141    4   17 0.875000
   141    4   18 1.000000
   141    4   19 1.000000
   141    4   20 1.000000
   141    4   21 1.000000
   141    4   22 1.000000
   141    4   23 1.000000
   141    4   24 1.000000
   141    4   25 1.000000
   141    4   26 1.000000
   141    4   27 1.000000
   141    5    6 1.000000
   141    5    7 1.000000
   141    5    8 1.000000
   141    5    9 1.000000
   141    5   10 1.000000
   141    5   11 1.000000
   141    5   12 1.000000
   141    5   13 0.250000
   141    5   15 1.000000
   141    5   16 1.000000
   141    5   17 0.875000
   141    5   18 1.000000
   141    5   19 1.000000
   141    5   20 1.000000
   141    5   21 1.000000
   141    5   22 1.000000
   141    5   23 1.000000
   141    5   24 1.000000
   141    5   25 1.000000
   141    5   26 1.000000
   141    5   27 1.000000
   141    6    7 1.000000
   141    6    8 1.000000
   141    6    9 1.000000
   141    6   10 1.000000
   141    6   11 1.000000
   141    6   12 1.000000
   141    6   13 0.250000
   141    6   15 1.000000
   141    6   16 1.000000
   141    6   17 0.875000
   141    6   18 1.000000
   141    6   19 1.000000
   141    6   20 1.000000
   141    6   21 1.000000
   141    6   22 1.000000
   141    6   23 1.000000
   141    6   24 1.000000
   141    6   25 1.000000
   141    6   26 1.000000
   141    6   27 1.000000
   141    7    8 1.000000
   141    7    9 1.000000
   141    7   10 1.000000
   141    7   11 1.000000
   141    7   12 1.000000
   141    7   13 0.250000
   141    7   15 1.000000
   141    7   16 1.000000
   141    7   17 0.875000
   141    7   18 1.000000
   141    7   19 1.000000
   141    7   20 1.000000
   141    7   21 1.000000
   141    7   22 1.000000
   141    7   23 1.000000
   141    7   24 1.000000
   141    7   25 1.000000
   141    7   26 1.000000
   141    7   27 1.000000
   141    8    9 1.000000
   141    8   10 1.000000
   141    8   11 1.000000
   141    8   12 1.000000
   141    8   13 0.250000
   141    8   15 1.000000
   141    8   16 1.000000
   141    8   17 0.875000
   141    8   18 1.000000
   141    8   19 1.000000
   141    8   20 1.000000
   141    8   21 1.000000
   141    8   22 1.000000
   141    8   23 1.000000
   141    8   24 1.000000
   141    8   25 1.000000
   141    8   26 1.000000
   141    8   27 1.000000
   141    9   10 1.000000
   141    9   11 1.000000
   141    9   12 1.000000
   141    9   13 0.250000
   141    9   15 1.000000
   141    9   16 1.000000
   141    9   17 0.875000
   141    9   18 1.000000
   141    9   19 1.000000
   141    9   20 1.000000
   141    9   21 1.000000
   141    9   22 1.000000
   141    9   23 1.000000
   141    9   24 1.000000
   141    9   25 1.000000
   141    9   26 1.000000
   141    9   27 1.000000
   141   10   11 1.000000
   141   10   12 1.000000
   141   10   13 0.250000
   141   10   15 1.000000
   141   10   16 1.000000
   141   10   17 0.875000
   141   10   18 1.000000
   141   10   19 1.000000
   141   10   20 1.000000
   141   10   21 1.000000
   141   10   22 1.000000
   141   10   23 1.000000
   141   10   24 1.000000
   141   10   25 1.000000
   141   10   26 1.000000
   141   10   27 1.000000
   141   11   12 1.000000
   141   11   13 0.250000
   141   11   15 1.000000
   141   11   16 1.000000
   141   11   17 0.875000
   141   11   18 1.000000
   141   11   19 1.000000
   141   11   20 1.000000
   141   11   21 1.000000
   141   11   22 1.000000
   141   11   23 1.000000
   141   11   24 1.000000
   141   11   25 1.000000
   141   11   26 1.000000
   141   11   27 1.000000
   141   12   13 0.250000
   141   12   15 1.000000
   141   12   16 1.000000
   141   12   17 0.875000
   141   12   18 1.000000
   141   12   19 1.000000
   141   12   20 1.000000
   141   12   21 1.000000
   141   12   22 1.000000
   141   12   23 1.000000
   141   12   24 1.000000
   141   12   25 1.000000
   141   12   26 1.000000
   141   12   27 1.000000
   141   13   15 0.250000
   141   13   16 0.250000
   141   13   17 0.375000
   141   13   18 0.250000
   141   13   19 0.250000
   141   13   20 0.250000
   141   13   21 0.250000
   141   13   22 0.250000
   141   13   23 0.250000
   141   13   24 0.250000
   141   13   25 0.250000
   141   13   26 0.250000
   141   13   27 0.250000
   141   15   16 1.000000
   141   15   17 0.875000
   141   15   18 1.000000
   141   15   19 1.000000
   141   15   20 1.000000
   141   15   21 1.000000
   141   15   22 1.000000
   141   15   23 1.000000
   141   15   24 1.000000
   141   15   25 1.000000
   141   15   26 1.000000
   141   15   27 1.000000
   141   16   17 0.875000
   141   16   18 1.000000
   141   16   19 1.000000
   141   16   20 1.000000
   141   16   21 1.000000
   141   16   22 1.000000
   141   16   23 1.000000
   141   16   24 1.000000
   141   16   25 1.000000
   141   16   26 1.000000
   141   16   27 1.000000
   141   17   18 0.875000
   141   17   19 0.875000
   141   17   20 0.875000
   141   17   21 0.875000
   141   17   22 0.875000
   141   17   23 0.875000
   141   17   24 0.875000
   141   17   25 0.875000
   141   17   26 0.875000
   141   17   27 0.875000
   141   18   19 1.000000
   141   18   20 1.000000
   141   18   21 1.000000
   141   18   22 1.000000
   141   18   23 1.000000
   141   18   24 1.000000
   141   18   25 1.000000
   141   18   26 1.000000
   141   18   27 1.000000
   141   19   20 1.000000
   141   19   21 1.000000
   141   19   22 1.000000
   141   19   23 1.000000
   141   19   24 1.000000
   141   19   25 1.000000
   141   19   26 1.000000
   141   19   27 1.000000
   141   20   21 1.000000
   141   20   22 1.000000
   141   20   23 1.000000
   141   20   24 1.000000
   141   20   25 1.000000
   141   20   26 1.000000
   141   20   27 1.000000
   141   21   22 1.000000
   141   21   23 1.000000
   141   21   24 1.000000
   141   21   25 1.000000
   141   21   26 1.000000
   141   21   27 1.000000
   141   22   23 1.000000
   141   22   24 1.000000
   141   22   25 1.000000
   141   22   26 1.000000
   141   22   27 1.000000
   141   23   24 1.000000
   141   23   25 1.000000
   141   23   26 1.000000
   141   23   27 1.000000
   141   24   25 1.000000
   141   24   26 1.000000
   141   24   27 1.000000
   141   25   26 1.000000
   141   25   27 1.000000
   141   26   27 1.000000
   142    1    2 1.000000
   142    1    3 1.000000
   142    1    4 1.000000
   142    1    5 1.000000
   142    1    6 1.000000
   142    1    7 1.000000
   142    1    8 1.000000
   142    1    9 1.000000
   142    1   10 1.000000
   142    1   11 1.000000
   142    1   12 1.000000
   142    1   13 0.250000
   142    1   15 1.000000
   142    1   16 1.000000
   142    1   17 0.875000
   142    1   18 1.000000
   142    1   19 1.000000
   142    1   20 1.000000
   142    1   21 1.000000
   142    1   22 1.000000
   142    1   23 1.000000
   142    1   24 1.000000
   142    1   25 1.000000
   142    1   26 1.000000
   142    1   27 1.000000
   142    2    3 1.000000
   142    2    4 1.000000
   142    2    5 1.000000
   142    2    6 1.000000
   142    2    7 1.000000
   142    2    8 1.000000
   142    2    9 1.000000
   142    2   10 1.000000
   142    2   11 1.000000
   142    2   12 1.000000
   142    2   13 0.250000
   142    2   15 1.000000
   142    2   16 1.000000
   142    2   17 0.875000
   142    2   18 1.000000
   142    2   19 1.000000
   142    2   20 1.000000
   142    2   21 1.000000
   142    2   22 1.000000
   142    2   23 1.000000
   142    2   24 1.000000
   142    2   25 1.000000
   142    2   26 1.000000
   142    2   27 1.000000
   142    3    4 1.000000
   142    3    5 1.000000
   142    3    6 1.000000
   142    3    7 1.000000
   142    3    8 1.000000
   142    3    9 1.000000
   142    3   10 1.000000
   142    3   11 1.000000
   142    3   12 1.000000
   142    3   13 0.250000
   142    3   15 1.000000
   142    3   16 1.000000
   142    3   17 0.875000
   142    3   18 1.000000
   142    3   19 1.000000
   142    3   20 1.000000
   142    3   21 1.000000
   142    3   22 1.000000
   142    3   23 1.000000
   142    3   24 1.000000
   142    3   25 1.000000
   142    3   26 1.000000
   142    3   27 1.000000
   142    4    5 1.000000
   142    4    6 1.000000
   142    4    7 1.000000
   142    4    8 1.000000
   142    4    9 1.000000
   142    4   10 1.000000
   142    4   11 1.000000
   142    4   12 1.000000
   142    4   13 0.250000
   142    4   15 1.000000
   142    4   16 1.000000
   142    4   17 0.875000
   142    4   18 1.000000
   142    4   19 1.000000
   142    4   20 1.000000
   142    4   21 1.000000
   142    4   22 1.000000
   142    4   23 1.000000
   142    4   24 1.000000
   142    4   25 1.000000
   142    4   26 1.000000
   142    4   27 1.000000
   142    5    6 1.000000
   142    5    7 1.000000
   142    5    8 1.000000
   142    5    9 1.000000
   142    5   10 1.000000
   142    5   11 1.000000
   142    5   12 1.000000
   142    5   13 0.250000
   142    5   15 1.000000
   142    5   16 1.000000
   142    5   17 0.875000
   142    5   18 1.000000
   142    5   19 1.000000
   142    5   20 1.000000
   142    5   21 1.000000
   142    5   22 1.000000
   142    5   23 1.000000
   142    5   24 1.000000
   142    5   25 1.000000
   142    5   26 1.000000
   142    5   27 1.000000
   142    6    7 1.000000
   142    6    8 1.000000
   142    6    9 1.000000
   142    6   10 1.000000
   142    6   11 1.000000
   142    6   12 1.000000
   142    6   13 0.250000
   142    6   15 1.000000
   142    6   16 1.000000
   142    6   17 0.875000
   142    6   18 1.000000
   142    6   19 1.000000
   142    6   20 1.000000
   142    6   21 1.000000
   142    6   22 1.000000
   142    6   23 1.000000
   142    6   24 1.000000
   142    6   25 1.000000
   142    6   26 1.000000
   142    6   27 1.000000
   142    7    8 1.000000
   142    7    9 1.000000
   142    7   10 1.000000
   142    7   11 1.000000
   142    7   12 1.000000
   142    7   13 0.250000
   142    7   15 1.000000
   142    7   16 1.000000
   142    7   17 0.875000
   142    7   18 1.000000
   142    7   19 1.000000
   142    7   20 1.000000
   142    7   21 1.000000
   142    7   22 1.000000
   142    7   23 1.000000
   142    7   24 1.000000
   142    7   25 1.000000
   142    7   26 1.000000
   142    7   27 1.000000
   142    8    9 1.000000
   142    8   10 1.000000
   142    8   11 1.000000
   142    8   12 1.000000
   142    8   13 0.250000
   142    8   15 1.000000
   142    8   16 1.000000
   142    8   17 0.875000
   142    8   18 1.000000
   142    8   19 1.000000
   142    8   20 1.000000
   142    8   21 1.000000
   142    8   22 1.000000
   142    8   23 1.000000
   142    8   24 1.000000
   142    8   25 1.000000
   142    8   26 1.000000
   142    8   27 1.000000
   142    9   10 1.000000
   142    9   11 1.000000
   142    9   12 1.000000
   142    9   13 0.250000
   142    9   15 1.000000
   142    9   16 1.000000
   142    9   17 0.875000
   142    9   18 1.000000
   142    9   19 1.000000
   142    9   20 1.000000
   142    9   21 1.000000
   142    9   22 1.000000
   142    9   23 1.000000
   142    9   24 1.000000
   142    9   25 1.000000
   142    9   26 1.000000
   142    9   27 1.000000
   142   10   11 1.000000
   142   10   12 1.000000
   142   10   13 0.250000
   142   10   15 1.000000
   142   10   16 1.000000
   142   10   17 0.875000
   142   10   18 1.000000
   142   10   19 1.000000
   142   10   20 1.000000
   142   10   21 1.000000
   142   10   22 1.000000
   142   10   23 1.000000
   142   10   24 1.000000
   142   10   25 1.000000
   142   10   26 1.000000
   142   10   27 1.000000
   142   11   12 1.000000
   142   11   13 0.250000
   142   11   15 1.000000
   142   11   16 1.000000
   142   11   17 0.875000
   142   11   18 1.000000
   142   11   19 1.000000
   142   11   20 1.000000
   142   11   21 1.000000
   142   11   22 1.000000
   142   11   23 1.000000
   142   11   24 1.000000
   142   11   25 1.000000
   142   11   26 1.000000
   142   11   27 1.000000
   142   12   13 0.250000
   142   12   15 1.000000
   142   12   16 1.000000
   142   12   17 0.875000
   142   12   18 1.000000
   142   12   19 1.000000
   142   12   20 1.000000
   142   12   21 1.000000
   142   12   22 1.000000
   142   12   23 1.000000
   142   12   24 1.000000
   142   12   25 1.000000
   142   12   26 1.000000
   142   12   27 1.000000
   142   13   15 0.250000
   142   13   16 0.250000
   142   13   17 0.375000
   142   13   18 0.250000
   142   13   19 0.250000
   142   13   20 0.250000
   142   13   21 0.250000
   142   13   22 0.250000
   142   13   23 0.250000
   142   13   24 0.250000
   142   13   25 0.250000
   142   13   26 0.250000
   142   13   27 0.250000
   142   15   16 1.000000
   142   15   17 0.875000
   142   15   18 1.000000
   142   15   19 1.000000
   142   15   20 1.000000
   142   15   21 1.000000
   142   15   22 1.000000
   142   15   23 1.000000
   142   15   24 1.000000
   142   15   25 1.000000
   142   15   26 1.000000
   142   15   27 1.000000
   142   16   17 0.875000
   142   16   18 1.000000
   142   16   19 1.000000
   142   16   20 1.000000
   142   16   21 1.000000
   142   16   22 1.000000
   142   16   23 1.000000
   142   16   24 1.000000
   142   16   25 1.000000
   142   16   26 1.000000
   142   16   27 1.000000
   142   17   18 0.875000
   142   17   19 0.875000
   142   17   20 0.875000
   142   17   21 0.875000
   142   17   22 0.875000
   142   17   23 0.875000
   142   17   24 0.875000
   142   17   25 0.875000
   142   17   26 0.875000
   142   17   27 0.875000
   142   18   19 1.000000
   142   18   20 1.000000
   142   18   21 1.000000
   142   18   22 1.000000
   142   18   23 1.000000
   142   18   24 1.000000
   142   18   25 1.000000
   142   18   26 1.000000
   142   18   27 1.000000
   142   19   20 1.000000
   142   19   21 1.000000
   142   19   22 1.000000
   142   19   23 1.000000
   142   19   24 1.000000
   142   19   25 1.000000
   142   19   26 1.000000
   142   19   27 1.000000
   142   20   21 1.000000
   142   20   22 1.000000
   142   20   23 1.000000
   142   20   24 1.000000
   142   20   25 1.000000
   142   20   26 1.000000
   142   20   27 1.000000
   142   21   22 1.000000
   142   21   23 1.000000
   142   21   24 1.000000
   142   21   25 1.000000
   142   21   26 1.000000
   142   21   27 1.000000
   142   22   23 1.000000
   142   22   24 1.000000
   142   22   25 1.000000
   142   22   26 1.000000
   142   22   27 1.000000
   142   23   24 1.000000
   142   23   25 1.000000
   142   23   26 1.000000
   142   23   27 1.000000
   142   24   25 1.000000
   142   24   26 1.000000
   142   24   27 1.000000
   142   25   26 1.000000
   142   25   27 1.000000
   142   26   27 1.000000
   143    1    2 1.000000
   143    1    3 1.000000
   143    1    4 1.000000
   143    1    5 1.000000
   143    1    6 1.000000
   143    1    7 1.000000
   143    1    8 1.000000
   143    1    9 1.000000
   143    1   10 1.000000
   143    1   11 1.000000
   143    1   12 1.000000
   143    1   13 0.250000
   143    1   15 1.000000
   143    1   16 1.000000
   143    1   17 0.875000
   143    1   18 1.000000
   143    1   19 1.000000
   143    1   20 1.000000
   143    1   21 1.000000
   143    1   22 1.000000
   143    1   23 1.000000
   143    1   24 1.000000
   143    1   25 1.000000
   143    1   26 1.000000
   143    1   27 1.000000
   143    2    3 1.000000
   143    2    4 1.000000
   143    2    5 1.000000
   143    2    6 1.000000
   143    2    7 1.000000
   143    2    8 1.000000
   143    2    9 1.000000
   143    2   10 1.000000
   143    2   11 1.000000
   143    2   12 1.000000
   143    2   13 0.250000
   143    2   15 1.000000
   143    2   16 1.000000
   143    2   17 0.875000
   143    2   18 1.000000
   143    2   19 1.000000
   143    2   20 1.000000
   143    2   21 1.000000
   143    2   22 1.000000
   143    2   23 1.000000
   143    2   24 1.000000
   143    2   25 1.000000
   143    2   26 1.000000
   143    2   27 1.000000
   143    3    4 1.000000
   143    3    5 1.000000
   143    3    6 1.000000
   143    3    7 1.000000
   143    3    8 1.000000
   143    3    9 1.000000
   143    3   10 1.000000
   143    3   11 1.000000
   143    3   12 1.000000
   143    3   13 0.250000
   143    3   15 1.000000
   143    3   16 1.000000
   143    3   17 0.875000
   143    3   18 1.000000
   143    3   19 1.000000
   143    3   20 1.000000
   143    3   21 1.000000
   143    3   22 1.000000
   143    3   23 1.000000
   143    3   24 1.000000
   143    3   25 1.000000
   143    3   26 1.000000
   143    3   27 1.000000
   143    4    5 1.000000
   143    4    6 1.000000
   143    4    7 1.000000
   143    4    8 1.000000
   143    4    9 1.000000
   143    4   10 1.000000
   143    4   11 1.000000
   143    4   12 1.000000
   143    4   13 0.250000
   143    4   15 1.000000
   143    4   16 1.000000
   143    4   17 0.875000
   143    4   18 1.000000
   143    4   19 1.000000
   143    4   20 1.000000
   143    4   21 1.000000
   143    4   22 1.000000
   143    4   23 1.000000
   143    4   24 1.000000
   143    4   25 1.000000
   143    4   26 1.000000
   143    4   27 1.000000
   143    5    6 1.000000
   143    5    7 1.000000
   143    5    8 1.000000
   143    5    9 1.000000
   143    5   10 1.000000
   143    5   11 1.000000
   143    5   12 1.000000
   143    5   13 0.250000
   143    5   15 1.000000
   143    5   16 1.000000
   143    5   17 0.875000
   143    5   18 1.000000
   143    5   19 1.000000
   143    5   20 1.000000
   143    5   21 1.000000
   143    5   22 1.000000
   143    5   23 1.000000
   143    5   24 1.000000
   143    5   25 1.000000
   143    5   26 1.000000
   143    5   27 1.000000
   143    6    7 1.000000
   143    6    8 1.000000
   143    6    9 1.000000
   143    6   10 1.000000
   143    6   11 1.000000
   143    6   12 1.000000
   143    6   13 0.250000
   143    6   15 1.000000
   143    6   16 1.000000
   143    6   17 0.875000
   143    6   18 1.000000
   143    6   19 1.000000
   143    6   20 1.000000
   143    6   21 1.000000
   143    6   22 1.000000
   143    6   23 1.000000
   143    6   24 1.000000
   143    6   25 1.000000
   143    6   26 1.000000
   143    6   27 1.000000
   143    7    8 1.000000
   143    7    9 1.000000
   143    7   10 1.000000
   143    7   11 1.000000
   143    7   12 1.000000
   143    7   13 0.250000
   143    7   15 1.000000
   143    7   16 1.000000
   143    7   17 0.875000
   143    7   18 1.000000
   143    7   19 1.000000
   143    7   20 1.000000
   143    7   21 1.000000
   143    7   22 1.000000
   143    7   23 1.000000
   143    7   24 1.000000
   143    7   25 1.000000
   143    7   26 1.000000
   143    7   27 1.000000
   143    8    9 1.000000
   143    8   10 1.000000
   143    8   11 1.000000
   143    8   12 1.000000
   143    8   13 0.250000
   143    8   15 1.000000
   143    8   16 1.000000
   143    8   17 0.875000
   143    8   18 1.000000
   143    8   19 1.000000
   143    8   20 1.000000
   143    8   21 1.000000
   143    8   22 1.000000
   143    8   23 1.000000
   143    8   24 1.000000
   143    8   25 1.000000
   143    8   26 1.000000
   143    8   27 1.000000
   143    9   10 1.000000
   143    9   11 1.000000
   143    9   12 1.000000
   143    9   13 0.250000
   143    9   15 1.000000
   143    9   16 1.000000
   143    9   17 0.875000
   143    9   18 1.000000
   143    9   19 1.000000
   143    9   20 1.000000
   143    9   21 1.000000
   143    9   22 1.000000
   143    9   23 1.000000
   143    9   24 1.000000
   143    9   25 1.000000
   143    9   26 1.000000
   143    9   27 1.000000
   143   10   11 1.000000
   143   10   12 1.000000
   143   10   13 0.250000
   143   10   15 1.000000
   143   10   16 1.000000
   143   10   17 0.875000
   143   10   18 1.000000
   143   10   19 1.000000
   143   10   20 1.000000
   143   10   21 1.000000
   143   10   22 1.000000
   143   10   23 1.000000
   143   10   24 1.000000
   143   10   25 1.000000
   143   10   26 1.000000
   143   10   27 1.000000
   143   11   12 1.000000
   143   11   13 0.250000
   143   11   15 1.000000
   143   11   16 1.000000
   143   11   17 0.875000
   143   11   18 1.000000
   143   11   19 1.000000
   143   11   20 1.000000
   143   11   21 1.000000
   143   11   22 1.000000
   143   11   23 1.000000
   143   11   24 1.000000
   143   11   25 1.000000
   143   11   26 1.000000
   143   11   27 1.000000
   143   12   13 0.250000
   143   12   15 1.000000
   143   12   16 1.000000
   143   12   17 0.875000
   143   12   18 1.000000
   143   12   19 1.000000
   143   12   20 1.000000
   143   12   21 1.000000
   143   12   22 1.000000
   143   12   23 1.000000
   143   12   24 1.000000
   143   12   25 1.000000
   143   12   26 1.000000
   143   12   27 1.000000
   143   13   15 0.250000
   143   13   16 0.250000
   143   13   17 0.375000
   143   13   18 0.250000
   143   13   19 0.250000
   143   13   20 0.250000
   143   13   21 0.250000
   143   13   22 0.250000
   143   13   23 0.250000
   143   13   24 0.250000
   143   13   25 0.250000
   143   13   26 0.250000
   143   13   27 0.250000
   143   15   16 1.000000
   143   15   17 0.875000
   143   15   18 1.000000
   143   15   19 1.000000
   143   15   20 1.000000
   143   15   21 1.000000
   143   15   22 1.000000
   143   15   23 1.000000
   143   15   24 1.000000
   143   15   25 1.000000
   143   15   26 1.000000
   143   15   27 1.000000
   143   16   17 0.875000
   143   16   18 1.000000
   143   16   19 1.000000
   143   16   20 1.000000
   143   16   21 1.000000
   143   16   22 1.000000
   143   16   23 1.000000
   143   16   24 1.000000
   143   16   25 1.000000
   143   16   26 1.000000
   143   16   27 1.000000
   143   17   18 0.875000
   143   17   19 0.875000
   143   17   20 0.875000
   143   17   21 0.875000
   143   17   22 0.875000
   143   17   23 0.875000
   143   17   24 0.875000
   143   17   25 0.875000
   143   17   26 0.875000
   143   17   27 0.875000
   143   18   19 1.000000
   143   18   20 1.000000
   143   18   21 1.000000
   143   18   22 1.000000
   143   18   23 1.000000
   143   18   24 1.000000
   143   18   25 1.000000
   143   18   26 1.000000
   143   18   27 1.000000
   143   19   20 1.000000
   143   19   21 1.000000
   143   19   22 1.000000
   143   19   23 1.000000
   143   19   24 1.000000
   143   19   25 1.000000
   143   19   26 1.000000
   143   19   27 1.000000
   143   20   21 1.000000
   143   20   22 1.000000
   143   20   23 1.000000
   143   20   24 1.000000
   143   20   25 1.000000
   143   20   26 1.000000
   143   20   27 1.000000
   143   21   22 1.000000
   143   21   23 1.000000
   143   21   24 1.000000
   143   21   25 1.000000
   143   21   26 1.000000
   143   21   27 1.000000
   143   22   23 1.000000
   143   22   24 1.000000
   143   22   25 1.000000
   143   22   26 1.000000
   143   22   27 1.000000
   143   23   24 1.000000
   143   23   25 1.000000
   143   23   26 1.000000
   143   23   27 1.000000
   143   24   25 1.000000
   143   24   26 1.000000
   143   24   27 1.000000
   143   25   26 1.000000
   143   25   27 1.000000
   143   26   27 1.000000
   144    1    2 1.000000
   144    1    3 1.000000
   144    1    4 1.000000
   144    1    5 1.000000
   144    1    6 1.000000
   144    1    7 1.000000
   144    1    8 1.000000
   144    1    9 1.000000
   144    1   10 1.000000
   144    1   11 1.000000
   144    1   12 1.000000
   144    1   13 0.250000
   144    1   15 1.000000
   144    1   16 1.000000
   144    1   17 0.875000
   144    1   18 1.000000
   144    1   19 1.000000
   144    1   20 1.000000
   144    1   21 1.000000
   144    1   22 1.000000
   144    1   23 1.000000
   144    1   24 1.000000
   144    1   25 1.000000
   144    1   26 1.000000
   144    1   27 1.000000
   144    2    3 1.000000
   144    2    4 1.000000
   144    2    5 1.000000
   144    2    6 1.000000
   144    2    7 1.000000
   144    2    8 1.000000
   144    2    9 1.000000
   144    2   10 1.000000
   144    2   11 1.000000
   144    2   12 1.000000
   144    2   13 0.250000
   144    2   15 1.000000
   144    2   16 1.000000
   144    2   17 0.875000
   144    2   18 1.000000
   144    2   19 1.000000
   144    2   20 1.000000
   144    2   21 1.000000
   144    2   22 1.000000
   144    2   23 1.000000
   144    2   24 1.000000
   144    2   25 1.000000
   144    2   26 1.000000
   144    2   27 1.000000
   144    3    4 1.000000
   144    3    5 1.000000
   144    3    6 1.000000
   144    3    7 1.000000
   144    3    8 1.000000
   144    3    9 1.000000
   144    3   10 1.000000
   144    3   11 1.000000
   144    3   12 1.000000
   144    3   13 0.250000
   144    3   15 1.000000
   144    3   16 1.000000
   144    3   17 0.875000
   144    3   18 1.000000
   144    3   19 1.000000
   144    3   20 1.000000
   144    3   21 1.000000
   144    3   22 1.000000
   144    3   23 1.000000
   144    3   24 1.000000
   144    3   25 1.000000
   144    3   26 1.000000
   144    3   27 1.000000
   144    4    5 1.000000
   144    4    6 1.000000
   144    4    7 1.000000
   144    4    8 1.000000
   144    4    9 1.000000
   144    4   10 1.000000
   144    4   11 1.000000
   144    4   12 1.000000
   144    4   13 0.250000
   144    4   15 1.000000
   144    4   16 1.000000
   144    4   17 0.875000
   144    4   18 1.000000
   144    4   19 1.000000
   144    4   20 1.000000
   144    4   21 1.000000
   144    4   22 1.000000
   144    4   23 1.000000
   144    4   24 1.000000
   144    4   25 1.000000
   144    4   26 1.000000
   144    4   27 1.000000
   144    5    6 1.000000
   144    5    7 1.000000
   144    5    8 1.000000
   144    5    9 1.000000
   144    5   10 1.000000
   144    5   11 1.000000
   144    5   12 1.000000
   144    5   13 0.250000
   144    5   15 1.000000
   144    5   16 1.000000
   144    5   17 0.875000
   144    5   18 1.000000
   144    5   19 1.000000
   144    5   20 1.000000
   144    5   21 1.000000
   144    5   22 1.000000
   144    5   23 1.000000
   144    5   24 1.000000
   144    5   25 1.000000
   144    5   26 1.000000
   144    5   27 1.000000
   144    6    7 1.000000
   144    6    8 1.000000
   144    6    9 1.000000
   144    6   10 1.000000
   144    6   11 1.000000
   144    6   12 1.000000
   144    6   13 0.250000
   144    6   15 1.000000
   144    6   16 1.000000
   144    6   17 0.875000
   144    6   18 1.000000
   144    6   19 1.000000
   144    6   20 1.000000
   144    6   21 1.000000
   144    6   22 1.000000
   144    6   23 1.000000
   144    6   24 1.000000
   144    6   25 1.000000
   144    6   26 1.000000
   144    6   27 1.000000
   144    7    8 1.000000
   144    7    9 1.000000
   144    7   10 1.000000
   144    7   11 1.000000
   144    7   12 1.000000
   144    7   13 0.250000
   144    7   15 1.000000
   144    7   16 1.000000
   144    7   17 0.875000
   144    7   18 1.000000
   144    7   19 1.000000
   144    7   20 1.000000
   144    7   21 1.000000
   144    7   22 1.000000
   144    7   23 1.000000
   144    7   24 1.000000
   144    7   25 1.000000
   144    7   26 1.000000
   144    7   27 1.000000
   144    8    9 1.000000
   144    8   10 1.000000
   144    8   11 1.000000
   144    8   12 1.000000
   144    8   13 0.250000
   144    8   15 1.000000
   144    8   16 1.000000
   144    8   17 0.875000
   144    8   18 1.000000
   144    8   19 1.000000
   144    8   20 1.000000
   144    8   21 1.000000
   144    8   22 1.000000
   144    8   23 1.000000
   144    8   24 1.000000
   144    8   25 1.000000
   144    8   26 1.000000
   144    8   27 1.000000
   144    9   10 1.000000
   144    9   11 1.000000
   144    9   12 1.000000
   144    9   13 0.250000
   144    9   15 1.000000
   144    9   16 1.000000
   144    9   17 0.875000
   144    9   18 1.000000
   144    9   19 1.000000
   144    9   20 1.000000
   144    9   21 1.000000
   144    9   22 1.000000
   144    9   23 1.000000
   144    9   24 1.000000
   144    9   25 1.000000
   144    9   26 1.000000
   144    9   27 1.000000
   144   10   11 1.000000
   144   10   12 1.000000
   144   10   13 0.250000
   144   10   15 1.000000
   144   10   16 1.000000
   144   10   17 0.875000
   144   10   18 1.000000
   144   10   19 1.000000
   144   10   20 1.000000
   144   10   21 1.000000
   144   10   22 1.000000
   144   10   23 1.000000
   144   10   24 1.000000
   144   10   25 1.000000
   144   10   26 1.000000
   144   10   27 1.000000
   144   11   12 1.000000
   144   11   13 0.250000
   144   11   15 1.000000
   144   11   16 1.000000
   144   11   17 0.875000
   144   11   18 1.000000
   144   11   19 1.000000
   144   11   20 1.000000
   144   11   21 1.000000
   144   11   22 1.000000
   144   11   23 1.000000
   144   11   24 1.000000
   144   11   25 1.000000
   144   11   26 1.000000
   144   11   27 1.000000
   144   12   13 0.250000
   144   12   15 1.000000
   144   12   16 1.000000
   144   12   17 0.875000
   144   12   18 1.000000
   144   12   19 1.000000
   144   12   20 1.000000
   144   12   21 1.000000
   144   12   22 1.000000
   144   12   23 1.000000
   144   12   24 1.000000
   144   12   25 1.000000
   144   12   26 1.000000
   144   12   27 1.000000
   144   13   15 0.250000
   144   13   16 0.250000
   144   13   17 0.375000
   144   13   18 0.250000
   144   13   19 0.250000
   144   13   20 0.250000
   144   13   21 0.250000
   144   13   22 0.250000
   144   13   23 0.250000
   144   13   24 0.250000
   144   13   25 0.250000
   144   13   26 0.250000
   144   13   27 0.250000
   144   15   16 1.000000
   144   15   17 0.875000
   144   15   18 1.000000
   144   15   19 1.000000
   144   15   20 1.000000
   144   15   21 1.000000
   144   15   22 1.000000
   144   15   23 1.000000
   144   15   24 1.000000
   144   15   25 1.000000
   144   15   26 1.000000
   144   15   27 1.000000
   144   16   17 0.875000
   144   16   18 1.000000
   144   16   19 1.000000
   144   16   20 1.000000
   144   16   21 1.000000
   144   16   22 1.000000
   144   16   23 1.000000
   144   16   24 1.000000
   144   16   25 1.000000
   144   16   26 1.000000
   144   16   27 1.000000
   144   17   18 0.875000
   144   17   19 0.875000
   144   17   20 0.875000
   144   17   21 0.875000
   144   17   22 0.875000
   144   17   23 0.875000
   144   17   24 0.875000
   144   17   25 0.875000
   144   17   26 0.875000
   144   17   27 0.875000
   144   18   19 1.000000
   144   18   20 1.000000
   144   18   21 1.000000
   144   18   22 1.000000
   144   18   23 1.000000
   144   18   24 1.000000
   144   18   25 1.000000
   144   18   26 1.000000
   144   18   27 1.000000
   144   19   20 1.000000
   144   19   21 1.000000
   144   19   22 1.000000
   144   19   23 1.000000
   144   19   24 1.000000
   144   19   25 1.000000
   144   19   26 1.000000
   144   19   27 1.000000
   144   20   21 1.000000
   144   20   22 1.000000
   144   20   23 1.000000
   144   20   24 1.000000
   144   20   25 1.000000
   144   20   26 1.000000
   144   20   27 1.000000
   144   21   22 1.000000
   144   21   23 1.000000
   144   21   24 1.000000
   144   21   25 1.000000
   144   21   26 1.000000
   144   21   27 1.000000
   144   22   23 1.000000
   144   22   24 1.000000
   144   22   25 1.000000
   144   22   26 1.000000
   144   22   27 1.000000
   144   23   24 1.000000
   144   23   25 1.000000
   144   23   26 1.000000
   144   23   27 1.000000
   144   24   25 1.000000
   144   24   26 1.000000
   144   24   27 1.000000
   144   25   26 1.000000
   144   25   27 1.000000
   144   26   27 1.000000
   145   13   17 0.375000
   146    1    2 1.000000
   146    1    3 1.000000
   146    1    4 1.000000
   146    1    5 1.000000
   146    1    6 1.000000
   146    1    7 1.000000
   146    1    8 1.000000
   146    1    9 1.000000
   146    1   10 1.000000
   146    1   11 1.000000
   146    1   12 1.000000
   146    1   13 1.000000
   146    1   14 1.000000
   146    1   15 1.000000
   146    1   16 1.000000
   146    1   17 1.000000
   146    1   18 1.000000
   146    1   19 1.000000
   146    1   20 1.000000
   146    1   21 1.000000
   146    1   22 1.000000
   146    1   23 1.000000
   146    1   24 1.000000
   146    1   25 1.000000
   146    1   26 1.000000
   146    1   27 1.000000
   146    2    3 1.000000
   146    2    4 1.000000
   146    2    5 1.000000
   146    2    6 1.000000
   146    2    7 1.000000
   146    2    8 1.000000
   146    2    9 1.000000
   146    2   10 1.000000
   146    2   11 1.000000
   146    2   12 1.000000
   146    2   13 1.000000
   146    2   14 1.000000
   146    2   15 1.000000
   146    2   16 1.000000
   146    2   17 1.000000
   146    2   18 1.000000
   146    2   19 1.000000
   146    2   20 1.000000
   146    2   21 1.000000
   146    2   22 1.000000
   146    2   23 1.000000
   146    2   24 1.000000
   146    2   25 1.000000
   146    2   26 1.000000
   146    2   27 1.000000
   146    3    4 1.000000
   146    3    5 1.000000
   146    3    6 1.000000
   146    3    7 1.000000
   146    3    8 1.000000
   146    3    9 1.000000
   146    3   10 1.000000
   146    3   11 1.000000
   146    3   12 1.000000
   146    3   13 1.000000
   146    3   14 1.000000
   146    3   15 1.000000
   146    3   16 1.000000
   146    3   17 1.000000
   146    3   18 1.000000
   146    3   19 1.000000
   146    3   20 1.000000
   146    3   21 1.000000
   146    3   22 1.000000
   146    3   23 1.000000
   146    3   24 1.000000
   146    3   25 1.000000
   146    3   26 1.000000
   146    3   27 1.000000
   146    4    5 1.000000
   146    4    6 1.000000
   146    4    7 1.000000
   146    4    8 1.000000
   146    4    9 1.000000
   146    4   10 1.000000
   146    4   11 1.000000
   146    4   12 1.000000
   146    4   13 1.000000
   146    4   14 1.000000
   146    4   15 1.000000
   146    4   16 1.000000
   146    4   17 1.000000
   146    4   18 1.000000
   146    4   19 1.000000
   146    4   20 1.000000
   146    4   21 1.000000
   146    4   22 1.000000
   146    4   23 1.000000
   146    4   24 1.000000
   146    4   25 1.000000
   146    4   26 1.000000
   146    4   27 1.000000
   146    5    6 1.000000
   146    5    7 1.000000
   146    5    8 1.000000
   146    5    9 1.000000
   146    5   10 1.000000
   146    5   11 1.000000
   146    5   12 1.000000
   146    5   13 1.000000
   146    5   14 1.000000
   146    5   15 1.000000
   146    5   16 1.000000
   146    5   17 1.000000
   146    5   18 1.000000
   146    5   19 1.000000
   146    5   20 1.000000
   146    5   21 1.000000
   146    5   22 1.000000
   146    5   23 1.000000
   146    5   24 1.000000
   146    5   25 1.000000
   146    5   26 1.000000
   146    5   27 1.000000
   146    6    7 1.000000
   146    6    8 1.000000
   146    6    9 1.000000
   146    6   10 1.000000
   146    6   11 1.000000
   146    6   12 1.000000
   146    6   13 1.000000
   146    6   14 1.000000
   146    6   15 1.000000
   146    6   16 1.000000
   146    6   17 1.000000
   146    6   18 1.000000
   146    6   19 1.000000
   146    6   20 1.000000
   146    6   21 1.000000
   146    6   22 1.000000
   146    6   23 1.000000
   146    6   24 1.000000
   146    6   25 1.000000
   146    6   26 1.000000
   146    6   27 1.000000
   146    7    8 1.000000
   146    7    9 1.000000
   146    7   10 1.000000
   146    7   11 1.000000
   146    7   12 1.000000
   146    7   13 1.000000
   146    7   14 1.000000
   146    7   15 1.000000
   146    7   16 1.000000
   146    7   17 1.000000
   146    7   18 1.000000
   146    7   19 1.000000
   146    7   20 1.000000
   146    7   21 1.000000
   146    7   22 1.000000
   146    7   23 1.000000
   146    7   24 1.000000
   146    7   25 1.000000
   146    7   26 1.000000
   146    7   27 1.000000
   146    8    9 1.000000
   146    8   10 1.000000
   146    8   11 1.000000
   146    8   12 1.000000
   146    8   13 1.000000
   146    8   14 1.000000
   146    8   15 1.000000
   146    8   16 1.000000
   146    8   17 1.000000
   146    8   18 1.000000
   146    8   19 1.000000
   146    8   20 1.000000
   146    8   21 1.000000
   146    8   22 1.000000
   146    8   23 1.000000
   146    8   24 1.000000
   146    8   25 1.000000
   146    8   26 1.000000
   146    8   27 1.000000
   146    9   10 1.000000
   146    9   11 1.000000
   146    9   12 1.000000
   146    9   13 1.000000
   146    9   14 1.000000
   146    9   15 1.000000
   146    9   16 1.000000
   146    9   17 1.000000
   146    9   18 1.000000
   146    9   19 1.000000
   146    9   20 1.000000
   146    9   21 1.000000
   146    9   22 1.000000
   146    9   23 1.000000
   146    9   24 1.000000
   146    9   25 1.000000
   146    9   26 1.000000
   146    9   27 1.000000
   146   10   11 1.000000
   146   10   12 1.000000
   146   10   13 1.000000
   146   10   14 1.000000
   146   10   15 1.000000
   146   10   16 1.000000
   146   10   17 1.000000
   146   10   18 1.000000
   146   10   19 1.000000
   146   10   20 1.000000
   146   10   21 1.000000
   146   10   22 1.000000
   146   10   23 1.000000
   146   10   24 1.000000
   146   10   25 1.000000
   146   10   26 1.000000
   146   10   27 1.000000
   146   11   12 1.000000
   146   11   13 1.000000
   146   11   14 1.000000
   146   11   15 1.000000
   146   11   16 1.000000
   146   11   17 1.000000
   146   11   18 1.000000
   146   11   19 1.000000
   146   11   20 1.000000
   146   11   21 1.000000
   146   11   22 1.000000
   146   11   23 1.000000
   146   11   24 1.000000
   146   11   25 1.000000
   146   11   26 1.000000
   146   11   27 1.000000
   146   12   13 1.000000
   146   12   14 1.000000
   146   12   15 1.000000
   146   12   16 1.000000
   146   12   17 1.000000
   146   12   18 1.000000
   146   12   19 1.000000
   146   12   20 1.000000
   146   12   21 1.000000
   146   12   22 1.000000
   146   12   23 1.000000
   146   12   24 1.000000
   146   12   25 1.000000
   146   12   26 1.000000
   146   12   27 1.000000
   146   13   14 1.000000
   146   13   15 1.000000
   146   13   16 1.000000
   146   13   17 1.000000
   146   13   18 1.000000
   146   13   19 1.000000
   146   13   20 1.000000
   146   13   21 1.000000
   146   13   22 1.000000
   146   13   23 1.000000
   146   13   24 1.000000
   146   13   25 1.000000
   146   13   26 1.000000
   146   13   27 1.000000
   146   14   15 1.000000
   146   14   16 1.000000
   146   14   17 1.000000
   146   14   18 1.000000
   146   14   19 1.000000
   146   14   20 1.000000
   146   14   21 1.000000
   146   14   22 1.000000
   146   14   23 1.000000
   146   14   24 1.000000
   146   14   25 1.000000
   146   14   26 1.000000
   146   14   27 1.000000
   146   15   16 1.000000
   146   15   17 1.000000
   146   15   18 1.000000
   146   15   19 1.000000
   146   15   20 1.000000
   146   15   21 1.000000
   146   15   22 1.000000
   146   15   23 1.000000
   146   15   24 1.000000
   146   15   25 1.000000
   146   15   26 1.000000
   146   15   27 1.000000
   146   16   17 1.000000
   146   16   18 1.000000
   146   16   19 1.000000
   146   16   20 1.000000
   146   16   21 1.000000
   146   16   22 1.000000
   146   16   23 1.000000
   146   16   24 1.000000
   146   16   25 1.000000
   146   16   26 1.000000
   146   16   27 1.000000
   146   17   18 1.000000
   146   17   19 1.000000
   146   17   20 1.000000
   146   17   21 1.000000
   146   17   22 1.000000
   146   17   23 1.000000
   146   17   24 1.000000
   146   17   25 1.000000
   146   17   26 1.000000
   146   17   27 1.000000
   146   18   19 1.000000
   146   18   20 1.000000
   146   18   21 1.000000
   146   18   22 1.000000
   146   18   23 1.000000
   146   18   24 1.000000
   146   18   25 1.000000
   146   18   26 1.000000
   146   18   27 1.000000
   146   19   20 1.000000
   146   19   21 1.000000
   146   19   22 1.000000
   146   19   23 1.000000
   146   19   24 1.000000
   146   19   25 1.000000
   146   19   26 1.000000
   146   19   27 1.000000
   146   20   21 1.000000
   146   20   22 1.000000
   146   20   23 1.000000
   146   20   24 1.000000
   146   20   25 1.000000
   146   20   26 1.000000
   146   20   27 1.000000
   146   21   22 1.000000
   146   21   23 1.000000
   146   21   24 1.000000
   146   21   25 1.000000
   146   21   26 1.000000
   146   21   27 1.000000
   146   22   23 1.000000
   146   22   24 1.000000
   146   22   25 1.000000
   146   22   26 1.000000
   146   22   27 1.000000
   146   23   24 1.000000
   146   23   25 1.000000
   146   23   26 1.000000
   146   23   27 1.000000
   146   24   25 1.000000
   146   24   26 1.000000
   146   24   27 1.000000
   146   25   26 1.000000
   146   25   27 1.000000
   146   26   27 1.000000
   147    1    2 1.000000
   147    1    3 1.000000
   147    1    4 1.000000
   147    1    5 1.000000
   147    1    6 1.000000
   147    1    7 1.000000
   147    1    8 1.000000
   147    1    9 1.000000
   147    1   10 1.000000
   147    1   11 1.000000
   147    1   12 1.000000
   147    1   13 1.000000
   147    1   14 1.000000
   147    1   15 1.000000
   147    1   16 1.000000
   147    1   17 1.000000
   147    1   18 1.000000
   147    1   19 1.000000
   147    1   20 1.000000
   147    1   21 1.000000
   147    1   22 1.000000
   147    1   23 1.000000
   147    1   24 1.000000
   147    1   25 1.000000
   147    1   26 1.000000
   147    1   27 1.000000
   147    2    3 1.000000
   147    2    4 1.000000
   147    2    5 1.000000
   147    2    6 1.000000
   147    2    7 1.000000
   147    2    8 1.000000
   147    2    9 1.000000
   147    2   10 1.000000
   147    2   11 1.000000
   147    2   12 1.000000
   147    2   13 1.000000
   147    2   14 1.000000
   147    2   15 1.000000
   147    2   16 1.000000
   147    2   17 1.000000
   147    2   18 1.000000
   147    2   19 1.000000
   147    2   20 1.000000
   147    2   21 1.000000
   147    2   22 1.000000
   147    2   23 1.000000
   147    2   24 1.000000
   147    2   25 1.000000
   147    2   26 1.000000
   147    2   27 1.000000
   147    3    4 1.000000
   147    3    5 1.000000
   147    3    6 1.000000
   147    3    7 1.000000
   147    3    8 1.000000
   147    3    9 1.000000
   147    3   10 1.000000
   147    3   11 1.000000
   147    3   12 1.000000
   147    3   13 1.000000
   147    3   14 1.000000
   147    3   15 1.000000
   147    3   16 1.000000
   147    3   17 1.000000
   147    3   18 1.000000
   147    3   19 1.000000
   147    3   20 1.000000
   147    3   21 1.000000
   147    3   22 1.000000
   147    3   23 1.000000
   147    3   24 1.000000
   147    3   25 1.000000
   147    3   26 1.000000
   147    3   27 1.000000
   147    4    5 1.000000
   147    4    6 1.000000
   147    4    7 1.000000
   147    4    8 1.000000
   147    4    9 1.000000
   147    4   10 1.000000
   147    4   11 1.000000
   147    4   12 1.000000
   147    4   13 1.000000
   147    4   14 1.000000
   147    4   15 1.000000
   147    4   16 1.000000
   147    4   17 1.000000
   147    4   18 1.000000
   147    4   19 1.000000
   147    4   20 1.000000
   147    4   21 1.000000
   147    4   22 1.000000
   147    4   23 1.000000
   147    4   24 1.000000
   147    4   25 1.000000
   147    4   26 1.000000
   147    4   27 1.000000
   147    5    6 1.000000
   147    5    7 1.000000
   147    5    8 1.000000
   147    5    9 1.000000
   147    5   10 1.000000
   147    5   11 1.000000
   147    5   12 1.000000
   147    5   13 1.000000
   147    5   14 1.000000
   147    5   15 1.000000
   147    5   16 1.000000
   147    5   17 1.000000
   147    5   18 1.000000
   147    5   19 1.000000
   147    5   20 1.000000
   147    5   21 1.000000
   147    5   22 1.000000
   147    5   23 1.000000
   147    5   24 1.000000
   147    5   25 1.000000
   147    5   26 1.000000
   147    5   27 1.000000
   147    6    7 1.000000
   147    6    8 1.000000
   147    6    9 1.000000
   147    6   10 1.000000
   147    6   11 1.000000
   147    6   12 1.000000
   147    6   13 1.000000
   147    6   14 1.000000
   147    6   15 1.000000
   147    6   16 1.000000
   147    6   17 1.000000
   147    6   18 1.000000
   147    6   19 1.000000
   147    6   20 1.000000
   147    6   21 1.000000
   147    6   22 1.000000
   147    6   23 1.000000
   147    6   24 1.000000
   147    6   25 1.000000
   147    6   26 1.000000
   147    6   27 1.000000
   147    7    8 1.000000
   147    7    9 1.000000
   147    7   10 1.000000
   147    7   11 1.000000
   147    7   12 1.000000
   147    7   13 1.000000
   147    7   14 1.000000
   147    7   15 1.000000
   147    7   16 1.000000
   147    7   17 1.000000
   147    7   18 1.000000
   147    7   19 1.000000
   147    7   20 1.000000
   147    7   21 1.000000
   147    7   22 1.000000
   147    7   23 1.000000
   147    7   24 1.000000
   147    7   25 1.000000
   147    7   26 1.000000
   147    7   27 1.000000
   147    8    9 1.000000
   147    8   10 1.000000
   147    8   11 1.000000
   147    8   12 1.000000
   147    8   13 1.000000
   147    8   14 1.000000
   147    8   15 1.000000
   147    8   16 1.000000
   147    8   17 1.000000
   147    8   18 1.000000
   147    8   19 1.000000
   147    8   20 1.000000
   147    8   21 1.000000
   147    8   22 1.000000
   147    8   23 1.000000
   147    8   24 1.000000
   147    8   25 1.000000
   147    8   26 1.000000
   147    8   27 1.000000
   147    9   10 1.000000
   147    9   11 1.000000
   147    9   12 1.000000
   147    9   13 1.000000
   147    9   14 1.000000
   147    9   15 1.000000
   147    9   16 1.000000
   147    9   17 1.000000
   147    9   18 1.000000
   147    9   19 1.000000
   147    9   20 1.000000
   147    9   21 1.000000
   147    9   22 1.000000
   147    9   23 1.000000
   147    9   24 1.000000
   147    9   25 1.000000
   147    9   26 1.000000
   147    9   27 1.000000
   147   10   11 1.000000
   147   10   12 1.000000
   147   10   13 1.000000
   147   10   14 1.000000
   147   10   15 1.000000
   147   10   16 1.000000
   147   10   17 1.000000
   147   10   18 1.000000
   147   10   19 1.000000
   147   10   20 1.000000
   147   10   21 1.000000
   147   10   22 1.000000
   147   10   23 1.000000
   147   10   24 1.000000
   147   10   25 1.000000
   147   10   26 1.000000
   147   10   27 1.000000
   147   11   12 1.000000
   147   11   13 1.000000
   147   11   14 1.000000
   147   11   15 1.000000
   147   11   16 1.000000
   147   11   17 1.000000
   147   11   18 1.000000
   147   11   19 1.000000
   147   11   20 1.000000
   147   11   21 1.000000
   147   11   22 1.000000
   147   11   23 1.000000
   147   11   24 1.000000
   147   11   25 1.000000
   147   11   26 1.000000
   147   11   27 1.000000
   147   12   13 1.000000
   147   12   14 1.000000
   147   12   15 1.000000
   147   12   16 1.000000
   147   12   17 1.000000
   147   12   18 1.000000
   147   12   19 1.000000
   147   12   20 1.000000
   147   12   21 1.000000
   147   12   22 1.000000
   147   12   23 1.000000
   147   12   24 1.000000
   147   12   25 1.000000
   147   12   26 1.000000
   147   12   27 1.000000
   147   13   14 1.000000
   147   13   15 1.000000
   147   13   16 1.000000
   147   13   17 1.000000
   147   13   18 1.000000
   147   13   19 1.000000
   147   13   20 1.000000
   147   13   21 1.000000
   147   13   22 1.000000
   147   13   23 1.000000
   147   13   24 1.000000
   147   13   25 1.000000
   147   13   26 1.000000
   147   13   27 1.000000
   147   14   15 1.000000
   147   14   16 1.000000
   147   14   17 1.000000
   147   14   18 1.000000
   147   14   19 1.000000
   147   14   20 1.000000
   147   14   21 1.000000
   147   14   22 1.000000
   147   14   23 1.000000
   147   14   24 1.000000
   147   14   25 1.000000
   147   14   26 1.000000
   147   14   27 1.000000
   147   15   16 1.000000
   147   15   17 1.000000
   147   15   18 1.000000
   147   15   19 1.000000
   147   15   20 1.000000
   147   15   21 1.000000
   147   15   22 1.000000
   147   15   23 1.000000
   147   15   24 1.000000
   147   15   25 1.000000
   147   15   26 1.000000
   147   15   27 1.000000
   147   16   17 1.000000
   147   16   18 1.000000
   147   16   19 1.000000
   147   16   20 1.000000
   147   16   21 1.000000
   147   16   22 1.000000
   147   16   23 1.000000
   147   16   24 1.000000
   147   16   25 1.000000
   147   16   26 1.000000
   147   16   27 1.000000
   147   17   18 1.000000
   147   17   19 1.000000
   147   17   20 1.000000
   147   17   21 1.000000
   147   17   22 1.000000
   147   17   23 1.000000
   147   17   24 1.000000
   147   17   25 1.000000
   147   17   26 1.000000
   147   17   27 1.000000
   147   18   19 1.000000
   147   18   20 1.000000
   147   18   21 1.000000
   147   18   22 1.000000
   147   18   23 1.000000
   147   18   24 1.000000
   147   18   25 1.000000
   147   18   26 1.000000
   147   18   27 1.000000
   147   19   20 1.000000
   147   19   21 1.000000
   147   19   22 1.000000
   147   19   23 1.000000
   147   19   24 1.000000
   147   19   25 1.000000
   147   19   26 1.000000
   147   19   27 1.000000
   147   20   21 1.000000
   147   20   22 1.000000
   147   20   23 1.000000
   147   20   24 1.000000
   147   20   25 1.000000
   147   20   26 1.000000
   147   20   27 1.000000
   147   21   22 1.000000
   147   21   23 1.000000
   147   21   24 1.000000
   147   21   25 1.000000
   147   21   26 1.000000
   147   21   27 1.000000
   147   22   23 1.000000
   147   22   24 1.000000
   147   22   25 1.000000
   147   22   26 1.000000
   147   22   27 1.000000
   147   23   24 1.000000
   147   23   25 1.000000
   147   23   26 1.000000
   147   23   27 1.000000
   147   24   25 1.000000
   147   24   26 1.000000
   147   24   27 1.000000
   147   25   26 1.000000
   147   25   27 1.000000
   147   26   27 1.000000
   148    1    2 1.000000
   148    1    3 1.000000
   148    1    4 1.000000
   148    1    5 1.000000
   148    1    6 1.000000
   148    1    7 1.000000
   148    1    8 1.000000
   148    1    9 1.000000
   148    1   10 1.000000
   148    1   11 1.000000
   148    1   12 1.000000
   148    1   13 1.000000
   148    1   14 1.000000
   148    1   15 1.000000
   148    1   16 1.000000
   148    1   17 1.000000
   148    1   18 1.000000
   148    1   19 1.000000
   148    1   20 1.000000
   148    1   21 1.000000
   148    1   22 1.000000
   148    1   23 1.000000
   148    1   24 1.000000
   148    1   25 1.000000
   148    1   26 1.000000
   148    1   27 1.000000
   148    2    3 1.000000
   148    2    4 1.000000
   148    2    5 1.000000
   148    2    6 1.000000
   148    2    7 1.000000
   148    2    8 1.000000
   148    2    9 1.000000
   148    2   10 1.000000
   148    2   11 1.000000
   148    2   12 1.000000
   148    2   13 1.000000
   148    2   14 1.000000
   148    2   15 1.000000
   148    2   16 1.000000
   148    2   17 1.000000
   148    2   18 1.000000
   148    2   19 1.000000
   148    2   20 1.000000
   148    2   21 1.000000
   148    2   22 1.000000
   148    2   23 1.000000
   148    2   24 1.000000
   148    2   25 1.000000
   148    2   26 1.000000
   148    2   27 1.000000
   148    3    4 1.000000
   148    3    5 1.000000
   148    3    6 1.000000
   148    3    7 1.000000
   148    3    8 1.000000
   148    3    9 1.000000
   148    3   10 1.000000
   148    3   11 1.000000
   148    3   12 1.000000
   148    3   13 1.000000
   148    3   14 1.000000
   148    3   15 1.000000
   148    3   16 1.000000
   148    3   17 1.000000
   148    3   18 1.000000
   148    3   19 1.000000
   148    3   20 1.000000
   148    3   21 1.000000
   148    3   22 1.000000
   148    3   23 1.000000
   148    3   24 1.000000
   148    3   25 1.000000
   148    3   26 1.000000
   148    3   27 1.000000
   148    4    5 1.000000
   148    4    6 1.000000
   148    4    7 1.000000
   148    4    8 1.000000
   148    4    9 1.000000
   148    4   10 1.000000
   148    4   11 1.000000
   148    4   12 1.000000
   148    4   13 1.000000
   148    4   14 1.000000
   148    4   15 1.000000
   148    4   16 1.000000
   148    4   17 1.000000
   148    4   18 1.000000
   148    4   19 1.000000
   148    4   20 1.000000
   148    4   21 1.000000
   148    4   22 1.000000
   148    4   23 1.000000
   148    4   24 1.000000
   148    4   25 1.000000
   148    4   26 1.000000
   148    4   27 1.000000
   148    5    6 1.000000
   148    5    7 1.000000
   148    5    8 1.000000
   148    5    9 1.000000
   148    5   10 1.000000
   148    5   11 1.000000
   148    5   12 1.000000
   148    5   13 1.000000
   148    5   14 1.000000
   148    5   15 1.000000
   148    5   16 1.000000
   148    5   17 1.000000
   148    5   18 1.000000
   148    5   19 1.000000
   148    5   20 1.000000
   148    5   21 1.000000
   148    5   22 1.000000
   148    5   23 1.000000
   148    5   24 1.000000
   148    5   25 1.000000
   148    5   26 1.000000
   148    5   27 1.000000
   148    6    7 1.000000
   148    6    8 1.000000
   148    6    9 1.000000
   148    6   10 1.000000
   148    6   11 1.000000
   148    6   12 1.000000
   148    6   13 1.000000
   148    6   14 1.000000
   148    6   15 1.000000
   148    6   16 1.000000
   148    6   17 1.000000
   148    6   18 1.000000
   148    6   19 1.000000
   148    6   20 1.000000
   148    6   21 1.000000
   148    6   22 1.000000
   148    6   23 1.000000
   148    6   24 1.000000
   148    6   25 1.000000
   148    6   26 1.000000
   148    6   27 1.000000
   148    7    8 1.000000
   148    7    9 1.000000
   148    7   10 1.000000
   148    7   11 1.000000
   148    7   12 1.000000
   148    7   13 1.000000
   148    7   14 1.000000
   148    7   15 1.000000
   148    7   16 1.000000
   148    7   17 1.000000
   148    7   18 1.000000
   148    7   19 1.000000
   148    7   20 1.000000
   148    7   21 1.000000
   148    7   22 1.000000
   148    7   23 1.000000
   148    7   24 1.000000
   148    7   25 1.000000
   148    7   26 1.000000
   148    7   27 1.000000
   148    8    9 1.000000
   148    8   10 1.000000
   148    8   11 1.000000
   148    8   12 1.000000
   148    8   13 1.000000
   148    8   14 1.000000
   148    8   15 1.000000
   148    8   16 1.000000
   148    8   17 1.000000
   148    8   18 1.000000
   148    8   19 1.000000
   148    8   20 1.000000
   148    8   21 1.000000
   148    8   22 1.000000
   148    8   23 1.000000
   148    8   24 1.000000
   148    8   25 1.000000
   148    8   26 1.000000
   148    8   27 1.000000
   148    9   10 1.000000
   148    9   11 1.000000
   148    9   12 1.000000
   148    9   13 1.000000
   148    9   14 1.000000
   148    9   15 1.000000
   148    9   16 1.000000
   148    9   17 1.000000
   148    9   18 1.000000
   148    9   19 1.000000
   148    9   20 1.000000
   148    9   21 1.000000
   148    9   22 1.000000
   148    9   23 1.000000
   148    9   24 1.000000
   148    9   25 1.000000
   148    9   26 1.000000
   148    9   27 1.000000
   148   10   11 1.000000
   148   10   12 1.000000
   148   10   13 1.000000
   148   10   14 1.000000
   148   10   15 1.000000
   148   10   16 1.000000
   148   10   17 1.000000
   148   10   18 1.000000
   148   10   19 1.000000
   148   10   20 1.000000
   148   10   21 1.000000
   148   10   22 1.000000
   148   10   23 1.000000
   148   10   24 1.000000
   148   10   25 1.000000
   148   10   26 1.000000
   148   10   27 1.000000
   148   11   12 1.000000
   148   11   13 1.000000
   148   11   14 1.000000
   148   11   15 1.000000
   148   11   16 1.000000
   148   11   17 1.000000
   148   11   18 1.000000
   148   11   19 1.000000
   148   11   20 1.000000
   148   11   21 1.000000
   148   11   22 1.000000
   148   11   23 1.000000
   148   11   24 1.000000
   148   11   25 1.000000
   148   11   26 1.000000
   148   11   27 1.000000
   148   12   13 1.000000
   148   12   14 1.000000
   148   12   15 1.000000
   148   12   16 1.000000
   148   12   17 1.000000
   148   12   18 1.000000
   148   12   19 1.000000
   148   12   20 1.000000
   148   12   21 1.000000
   148   12   22 1.000000
   148   12   23 1.000000
   148   12   24 1.000000
   148   12   25 1.000000
   148   12   26 1.000000
   148   12   27 1.000000
   148   13   14 1.000000
   148   13   15 1.000000
   148   13   16 1.000000
   148   13   17 1.000000
   148   13   18 1.000000
   148   13   19 1.000000
   148   13   20 1.000000
   148   13   21 1.000000
   148   13   22 1.000000
   148   13   23 1.000000
   148   13   24 1.000000
   148   13   25 1.000000
   148   13   26 1.000000
   148   13   27 1.000000
   148   14   15 1.000000
   148   14   16 1.000000
   148   14   17 1.000000
   148   14   18 1.000000
   148   14   19 1.000000
   148   14   20 1.000000
   148   14   21 1.000000
   148   14   22 1.000000
   148   14   23 1.000000
   148   14   24 1.000000
   148   14   25 1.000000
   148   14   26 1.000000
   148   14   27 1.000000
   148   15   16 1.000000
   148   15   17 1.000000
   148   15   18 1.000000
   148   15   19 1.000000
   148   15   20 1.000000
   148   15   21 1.000000
   148   15   22 1.000000
   148   15   23 1.000000
   148   15   24 1.000000
   148   15   25 1.000000
   148   15   26 1.000000
   148   15   27 1.000000
   148   16   17 1.000000
   148   16   18 1.000000
   148   16   19 1.000000
   148   16   20 1.000000
   148   16   21 1.000000
   148   16   22 1.000000
   148   16   23 1.000000
   148   16   24 1.000000
   148   16   25 1.000000
   148   16   26 1.000000
   148   16   27 1.000000
   148   17   18 1.000000
   148   17   19 1.000000
   148   17   20 1.000000
   148   17   21 1.000000
   148   17   22 1.000000
   148   17   23 1.000000
   148   17   24 1.000000
   148   17   25 1.000000
   148   17   26 1.000000
   148   17   27 1.000000
   148   18   19 1.000000
   148   18   20 1.000000
   148   18   21 1.000000
   148   18   22 1.000000
   148   18   23 1.000000
   148   18   24 1.000000
   148   18   25 1.000000
   148   18   26 1.000000
   148   18   27 1.000000
   148   19   20 1.000000
   148   19   21 1.000000
   148   19   22 1.000000
   148   19   23 1.000000
   148   19   24 1.000000
   148   19   25 1.000000
   148   19   26 1.000000
   148   19   27 1.000000
   148   20   21 1.000000
   148   20   22 1.000000
   148   20   23 1.000000
   148   20   24 1.000000
   148   20   25 1.000000
   148   20   26 1.000000
   148   20   27 1.000000
   148   21   22 1.000000
   148   21   23 1.000000
   148   21   24 1.000000
   148   21   25 1.000000
   148   21   26 1.000000
   148   21   27 1.000000
   148   22   23 1.000000
   148   22   24 1.000000
   148   22   25 1.000000
   148   22   26 1.000000
   148   22   27 1.000000
   148   23   24 1.000000
   148   23   25 1.000000
   148   23   26 1.000000
   148   23   27 1.000000
   148   24   25 1.000000
   148   24   26 1.000000
   148   24   27 1.000000
   148   25   26 1.000000
   148   25   27 1.000000
   148   26   27 1.000000
   149    1    2 1.000000
   149    1    3 1.000000
   149    1    4 1.000000
   149    1    5 1.000000
   149    1    6 1.000000
   149    1    7 1.000000
   149    1    8 1.000000
   149    1    9 1.000000
   149    1   10 1.000000
   149    1   11 1.000000
   149    1   12 1.000000
   149    1   13 1.000000
   149    1   14 1.000000
   149    1   15 1.000000
   149    1   16 1.000000
   149    1   17 1.000000
   149    1   18 1.000000
   149    1   19 1.000000
   149    1   20 1.000000
   149    1   21 1.000000
   149    1   22 1.000000
   149    1   23 1.000000
   149    1   24 1.000000
   149    1   25 1.000000
   149    1   26 1.000000
   149    1   27 1.000000
   149    2    3 1.000000
   149    2    4 1.000000
   149    2    5 1.000000
   149    2    6 1.000000
   149    2    7 1.000000
   149    2    8 1.000000
   149    2    9 1.000000
   149    2   10 1.000000
   149    2   11 1.000000
   149    2   12 1.000000
   149    2   13 1.000000
   149    2   14 1.000000
   149    2   15 1.000000
   149    2   16 1.000000
   149    2   17 1.000000
   149    2   18 1.000000
   149    2   19 1.000000
   149    2   20 1.000000
   149    2   21 1.000000
   149    2   22 1.000000
   149    2   23 1.000000
   149    2   24 1.000000
   149    2   25 1.000000
   149    2   26 1.000000
   149    2   27 1.000000
   149    3    4 1.000000
   149    3    5 1.000000
   149    3    6 1.000000
   149    3    7 1.000000
   149    3    8 1.000000
   149    3    9 1.000000
   149    3   10 1.000000
   149    3   11 1.000000
   149    3   12 1.000000
   149    3   13 1.000000
   149    3   14 1.000000
   149    3   15 1.000000
   149    3   16 1.000000
   149    3   17 1.000000
   149    3   18 1.000000
   149    3   19 1.000000
   149    3   20 1.000000
   149    3   21 1.000000
   149    3   22 1.000000
   149    3   23 1.000000
   149    3   24 1.000000
   149    3   25 1.000000
   149    3   26 1.000000
   149    3   27 1.000000
   149    4    5 1.000000
   149    4    6 1.000000
   149    4    7 1.000000
   149    4    8 1.000000
   149    4    9 1.000000
   149    4   10 1.000000
   149    4   11 1.000000
   149    4   12 1.000000
   149    4   13 1.000000
   149    4   14 1.000000
   149    4   15 1.000000
   149    4   16 1.000000
   149    4   17 1.000000
   149    4   18 1.000000
   149    4   19 1.000000
   149    4   20 1.000000
   149    4   21 1.000000
   149    4   22 1.000000
   149    4   23 1.000000
   149    4   24 1.000000
   149    4   25 1.000000
   149    4   26 1.000000
   149    4   27 1.000000
   149    5    6 1.000000
   149    5    7 1.000000
   149    5    8 1.000000
   149    5    9 1.000000
   149    5   10 1.000000
   149    5   11 1.000000
   149    5   12 1.000000
   149    5   13 1.000000
   149    5   14 1.000000
   149    5   15 1.000000
   149    5   16 1.000000
   149    5   17 1.000000
   149    5   18 1.000000
   149    5   19 1.000000
   149    5   20 1.000000
   149    5   21 1.000000
   149    5   22 1.000000
   149    5   23 1.000000
   149    5   24 1.000000
   149    5   25 1.000000
   149    5   26 1.000000
   149    5   27 1.000000
   149    6    7 1.000000
   149    6    8 1.000000
   149    6    9 1.000000
   149    6   10 1.000000
   149    6   11 1.000000
   149    6   12 1.000000
   149    6   13 1.000000
   149    6   14 1.000000
   149    6   15 1.000000
   149    6   16 1.000000
   149    6   17 1.000000
   149    6   18 1.000000
   149    6   19 1.000000
   149    6   20 1.000000
   149    6   21 1.000000
   149    6   22 1.000000
   149    6   23 1.000000
   149    6   24 1.000000
   149    6   25 1.000000
   149    6   26 1.000000
   149    6   27 1.000000
   149    7    8 1.000000
   149    7    9 1.000000
   149    7   10 1.000000
   149    7   11 1.000000
   149    7   12 1.000000
   149    7   13 1.000000
   149    7   14 1.000000
   149    7   15 1.000000
   149    7   16 1.000000
   149    7   17 1.000000
   149    7   18 1.000000
   149    7   19 1.000000
   149    7   20 1.000000
   149    7   21 1.000000
   149    7   22 1.000000
   149    7   23 1.000000
   149    7   24 1.000000
   149    7   25 1.000000
   149    7   26 1.000000
   149    7   27 1.000000
   149    8    9 1.000000
   149    8   10 1.000000
   149    8   11 1.000000
   149    8   12 1.000000
   149    8   13 1.000000
   149    8   14 1.000000
   149    8   15 1.000000
   149    8   16 1.000000
   149    8   17 1.000000
   149    8   18 1.000000
   149    8   19 1.000000
   149    8   20 1.000000
   149    8   21 1.000000
   149    8   22 1.000000
   149    8   23 1.000000
   149    8   24 1.000000
   149    8   25 1.000000
   149    8   26 1.000000
   149    8   27 1.000000
   149    9   10 1.000000
   149    9   11 1.000000
   149    9   12 1.000000
   149    9   13 1.000000
   149    9   14 1.000000
   149    9   15 1.000000
   149    9   16 1.000000
   149    9   17 1.000000
   149    9   18 1.000000
   149    9   19 1.000000
   149    9   20 1.000000
   149    9   21 1.000000
   149    9   22 1.000000
   149    9   23 1.000000
   149    9   24 1.000000
   149    9   25 1.000000
   149    9   26 1.000000
   149    9   27 1.000000
   149   10   11 1.000000
   149   10   12 1.000000
   149   10   13 1.000000
   149   10   14 1.000000
   149   10   15 1.000000
   149   10   16 1.000000
   149   10   17 1.000000
   149   10   18 1.000000
   149   10   19 1.000000
   149   10   20 1.000000
   149   10   21 1.000000
   149   10   22 1.000000
   149   10   23 1.000000
   149   10   24 1.000000
   149   10   25 1.000000
   149   10   26 1.000000
   149   10   27 1.000000
   149   11   12 1.000000
   149   11   13 1.000000
   149   11   14 1.000000
   149   11   15 1.000000
   149   11   16 1.000000
   149   11   17 1.000000
   149   11   18 1.000000
   149   11   19 1.000000
   149   11   20 1.000000
   149   11   21 1.000000
   149   11   22 1.000000
   149   11   23 1.000000
   149   11   24 1.000000
   149   11   25 1.000000
   149   11   26 1.000000
   149   11   27 1.000000
   149   12   13 1.000000
   149   12   14 1.000000
   149   12   15 1.000000
   149   12   16 1.000000
   149   12   17 1.000000
   149   12   18 1.000000
   149   12   19 1.000000
   149   12   20 1.000000
   149   12   21 1.000000
   149   12   22 1.000000
   149   12   23 1.000000
   149   12   24 1.000000
   149   12   25 1.000000
   149   12   26 1.000000
   149   12   27 1.000000
   149   13   14 1.000000
   149   13   15 1.000000
   149   13   16 1.000000
   149   13   17 1.000000
   149   13   18 1.000000
   149   13   19 1.000000
   149   13   20 1.000000
   149   13   21 1.000000
   149   13   22 1.000000
   149   13   23 1.000000
   149   13   24 1.000000
   149   13   25 1.000000
   149   13   26 1.000000
   149   13   27 1.000000
   149   14   15 1.000000
   149   14   16 1.000000
   149   14   17 1.000000
   149   14   18 1.000000
   149   14   19 1.000000
   149   14   20 1.000000
   149   14   21 1.000000
   149   14   22 1.000000
   149   14   23 1.000000
   149   14   24 1.000000
   149   14   25 1.000000
   149   14   26 1.000000
   149   14   27 1.000000
   149   15   16 1.000000
   149   15   17 1.000000
   149   15   18 1.000000
   149   15   19 1.000000
   149   15   20 1.000000
   149   15   21 1.000000
   149   15   22 1.000000
   149   15   23 1.000000
   149   15   24 1.000000
   149   15   25 1.000000
   149   15   26 1.000000
   149   15   27 1.000000
   149   16   17 1.000000
   149   16   18 1.000000
   149   16   19 1.000000
   149   16   20 1.000000
   149   16   21 1.000000
   149   16   22 1.000000
   149   16   23 1.000000
   149   16   24 1.000000
   149   16   25 1.000000
   149   16   26 1.000000
   149   16   27 1.000000
   149   17   18 1.000000
   149   17   19 1.000000
   149   17   20 1.000000
   149   17   21 1.000000
   149   17   22 1.000000
   149   17   23 1.000000
   149   17   24 1.000000
   149   17   25 1.000000
   149   17   26 1.000000
   149   17   27 1.000000
   149   18   19 1.000000
   149   18   20 1.000000
   149   18   21 1.000000
   149   18   22 1.000000
   149   18   23 1.000000
   149   18   24 1.000000
   149   18   25 1.000000
   149   18   26 1.000000
   149   18   27 1.000000
   149   19   20 1.000000
   149   19   21 1.000000
   149   19   22 1.000000
   149   19   23 1.000000
   149   19   24 1.000000
   149   19   25 1.000000
   149   19   26 1.000000
   149   19   27 1.000000
   149   20   21 1.000000
   149   20   22 1.000000
   149   20   23 1.000000
   149   20   24 1.000000
   149   20   25 1.000000
   149   20   26 1.000000
   149   20   27 1.000000
   149   21   22 1.000000
   149   21   23 1.000000
   149   21   24 1.000000
   149   21   25 1.000000
   149   21   26 1.000000
   149   21   27 1.000000
   149   22   23 1.000000
   149   22   24 1.000000
   149   22   25 1.000000
   149   22   26 1.000000
   149   22   27 1.000000
   149   23   24 1.000000
   149   23   25 1.000000
   149   23   26 1.000000
   149   23   27 1.000000
   149   24   25 1.000000
   149   24   26 1.000000
   149   24   27 1.000000
   149   25   26 1.000000
   149   25   27 1.000000
   149   26   27 1.000000
   150    1    2 1.000000
   150    1    3 1.000000
   150    1    4 1.000000
   150    1    5 1.000000
   150    1    6 1.000000
   150    1    7 1.000000
   150    1    8 1.000000
   150    1    9 1.000000
   150    1   10 1.000000
   150    1   11 1.000000
   150    1   12 1.000000
   150    1   14 1.000000
   150    1   15 1.000000
   150    1   16 1.000000
   150    1   17 1.000000
   150    1   18 1.000000
   150    1   19 1.000000
   150    1   20 1.000000
   150    1   21 1.000000
   150    1   22 1.000000
   150    1   23 1.000000
   150    1   24 1.000000
   150    1   25 1.000000
   150    1   26 1.000000
   150    1   27 1.000000
   150    2    3 1.000000
   150    2    4 1.000000
   150    2    5 1.000000
   150    2    6 1.000000
   150    2    7 1.000000
   150    2    8 1.000000
   150    2    9 1.000000
   150    2   10 1.000000
   150    2   11 1.000000
   150    2   12 1.000000
   150    2   14 1.000000
   150    2   15 1.000000
   150    2   16 1.000000
   150    2   17 1.000000
   150    2   18 1.000000
   150    2   19 1.000000
   150    2   20 1.000000
   150    2   21 1.000000
   150    2   22 1.000000
   150    2   23 1.000000
   150    2   24 1.000000
   150    2   25 1.000000
   150    2   26 1.000000
   150    2   27 1.000000
   150    3    4 1.000000
   150    3    5 1.000000
   150    3    6 1.000000
   150    3    7 1.000000
   150    3    8 1.000000
   150    3    9 1.000000
   150    3   10 1.000000
   150    3   11 1.000000
   150    3   12 1.000000
   150    3   14 1.000000
   150    3   15 1.000000
   150    3   16 1.000000
   150    3   17 1.000000
   150    3   18 1.000000
   150    3   19 1.000000
   150    3   20 1.000000
   150    3   21 1.000000
   150    3   22 1.000000
   150    3   23 1.000000
   150    3   24 1.000000
   150    3   25 1.000000
   150    3   26 1.000000
   150    3   27 1.000000
   150    4    5 1.000000
   150    4    6 1.000000
   150    4    7 1.000000
   150    4    8 1.000000
   150    4    9 1.000000
   150    4   10 1.000000
   150    4   11 1.000000
   150    4   12 1.000000
   150    4   14 1.000000
   150    4   15 1.000000
   150    4   16 1.000000
   150    4   17 1.000000
   150    4   18 1.000000
   150    4   19 1.000000
   150    4   20 1.000000
   150    4   21 1.000000
   150    4   22 1.000000
   150    4   23 1.000000
   150    4   24 1.000000
   150    4   25 1.000000
   150    4   26 1.000000
   150    4   27 1.000000
   150    5    6 1.000000
   150    5    7 1.000000
   150    5    8 1.000000
   150    5    9 1.000000
   150    5   10 1.000000
   150    5   11 1.000000
   150    5   12 1.000000
   150    5   14 1.000000
   150    5   15 1.000000
   150    5   16 1.000000
   150    5   17 1.000000
   150    5   18 1.000000
   150    5   19 1.000000
   150    5   20 1.000000
   150    5   21 1.000000
   150    5   22 1.000000
   150    5   23 1.000000
   150    5   24 1.000000
   150    5   25 1.000000
   150    5   26 1.000000
   150    5   27 1.000000
   150    6    7 1.000000
   150    6    8 1.000000
   150    6    9 1.000000
   150    6   10 1.000000
   150    6   11 1.000000
   150    6   12 1.000000
   150    6   14 1.000000
   150    6   15 1.000000
   150    6   16 1.000000
   150    6   17 1.000000
   150    6   18 1.000000
   150    6   19 1.000000
   150    6   20 1.000000
   150    6   21 1.000000
   150    6   22 1.000000
   150    6   23 1.000000
   150    6   24 1.000000
   150    6   25 1.000000
   150    6   26 1.000000
   150    6   27 1.000000
   150    7    8 1.000000
   150    7    9 1.000000
   150    7   10 1.000000
   150    7   11 1.000000
   150    7   12 1.000000
   150    7   14 1.000000
   150    7   15 1.000000
   150    7   16 1.000000
   150    7   17 1.000000
   150    7   18 1.000000
   150    7   19 1.000000
   150    7   20 1.000000
   150    7   21 1.000000
   150    7   22 1.000000
   150    7   23 1.000000
   150    7   24 1.000000
   150    7   25 1.000000
   150    7   26 1.000000
   150    7   27 1.000000
   150    8    9 1.000000
   150    8   10 1.000000
   150    8   11 1.000000
   150    8   12 1.000000
   150    8   14 1.000000
   150    8   15 1.000000
   150    8   16 1.000000
   150    8   17 1.000000
   150    8   18 1.000000
   150    8   19 1.000000
   150    8   20 1.000000
   150    8   21 1.000000
   150    8   22 1.000000
   150    8   23 1.000000
   150    8   24 1.000000
   150    8   25 1.000000
   150    8   26 1.000000
   150    8   27 1.000000
   150    9   10 1.000000
   150    9   11 1.000000
   150    9   12 1.000000
   150    9   14 1.000000
   150    9   15 1.000000
   150    9   16 1.000000
   150    9   17 1.000000
   150    9   18 1.000000
   150    9   19 1.000000
   150    9   20 1.000000
   150    9   21 1.000000
   150    9   22 1.000000
   150    9   23 1.000000
   150    9   24 1.000000
   150    9   25 1.000000
   150    9   26 1.000000
   150    9   27 1.000000
   150   10   11 1.000000
   150   10   12 1.000000
   150   10   14 1.000000
   150   10   15 1.000000
   150   10   16 1.000000
   150   10   17 1.000000
   150   10   18 1.000000
   150   10   19 1.000000
   150   10   20 1.000000
   150   10   21 1.000000
   150   10   22 1.000000
   150   10   23 1.000000
   150   10   24 1.000000
   150   10   25 1.000000
   150   10   26 1.000000
   150   10   27 1.000000
   150   11   12 1.000000
   150   11   14 1.000000
   150   11   15 1.000000
   150   11   16 1.000000
   150   11   17 1.000000
   150   11   18 1.000000
   150   11   19 1.000000
   150   11   20 1.000000
   150   11   21 1.000000
   150   11   22 1.000000
   150   11   23 1.000000
   150   11   24 1.000000
   150   11   25 1.000000
   150   11   26 1.000000
   150   11   27 1.000000
   150   12   14 1.000000
   150   12   15 1.000000
   150   12   16 1.000000
   150   12   17 1.000000
   150   12   18 1.000000
   150   12   19 1.000000
   150   12   20 1.000000
   150   12   21 1.000000
   150   12   22 1.000000
   150   12   23 1.000000
   150   12   24 1.000000
   150   12   25 1.000000
   150   12   26 1.000000
   150   12   27 1.000000
   150   14   15 1.000000
   150   14   16 1.000000
   150   14   17 1.000000
   150   14   18 1.000000
   150   14   19 1.000000
   150   14   20 1.000000
   150   14   21 1.000000
   150   14   22 1.000000
   150   14   23 1.000000
   150   14   24 1.000000
   150   14   25 1.000000
   150   14   26 1.000000
   150   14   27 1.000000
   150   15   16 1.000000
   150   15   17 1.000000
   150   15   18 1.000000
   150   15   19 1.000000
   150   15   20 1.000000
   150   15   21 1.000000
   150   15   22 1.000000
   150   15   23 1.000000
   150   15   24 1.000000
   150   15   25 1.000000
   150   15   26 1.000000
   150   15   27 1.000000
   150   16   17 1.000000
   150   16   18 1.000000
   150   16   19 1.000000
   150   16   20 1.000000
   150   16   21 1.000000
   150   16   22 1.000000
   150   16   23 1.000000
   150   16   24 1.000000
   150   16   25 1.000000
   150   16   26 1.000000
   150   16   27 1.000000
   150   17   18 1.000000
   150   17   19 1.000000
   150   17   20 1.000000
   150   17   21 1.000000
   150   17   22 1.000000
   150   17   23 1.000000
   150   17   24 1.000000
   150   17   25 1.000000
   150   17   26 1.000000
   150   17   27 1.000000
   150   18   19 1.000000
   150   18   20 1.000000
   150   18   21 1.000000
   150   18   22 1.000000
   150   18   23 1.000000
   150   18   24 1.000000
   150   18   25 1.000000
   150   18   26 1.000000
   150   18   27 1.000000
   150   19   20 1.000000
   150   19   21 1.000000
   150   19   22 1.000000
   150   19   23 1.000000
   150   19   24 1.000000
   150   19   25 1.000000
   150   19   26 1.000000
   150   19   27 1.000000
   150   20   21 1.000000
   150   20   22 1.000000
   150   20   23 1.000000
   150   20   24 1.000000
   150   20   25 1.000000
   150   20   26 1.000000
   150   20   27 1.000000
   150   21   22 1.000000
   150   21   23 1.000000
   150   21   24 1.000000
   150   21   25 1.000000
   150   21   26 1.000000
   150   21   27 1.000000
   150   22   23 1.000000
   150   22   24 1.000000
   150   22   25 1.000000
   150   22   26 1.000000
   150   22   27 1.000000
   150   23   24 1.000000
   150   23   25 1.000000
   150   23   26 1.000000
   150   23   27 1.000000
   150   24   25 1.000000
   150   24   26 1.000000
   150   24   27 1.000000
   150   25   26 1.000000
   150   25   27 1.000000
   150   26   27 1.000000
   151    1    2 1.000000
   151    1    3 1.000000
   151    1    4 1.000000
   151    1    5 1.000000
   151    1    6 1.000000
   151    1    7 1.000000
   151    1    8 1.000000
   151    1    9 1.000000
   151    1   10 1.000000
   151    1   11 1.000000
   151    1   12 1.000000
   151    1   14 1.000000
   151    1   15 1.000000
   151    1   16 1.000000
   151    1   17 1.000000
   151    1   18 1.000000
   151    1   19 1.000000
   151    1   20 1.000000
   151    1   21 1.000000
   151    1   22 1.000000
   151    1   23 1.000000
   151    1   24 1.000000
   151    1   25 1.000000
   151    1   26 1.000000
   151    1   27 1.000000
   151    2    3 1.000000
   151    2    4 1.000000
   151    2    5 1.000000
   151    2    6 1.000000
   151    2    7 1.000000
   151    2    8 1.000000
   151    2    9 1.000000
   151    2   10 1.000000
   151    2   11 1.000000
   151    2   12 1.000000
   151    2   14 1.000000
   151    2   15 1.000000
   151    2   16 1.000000
   151    2   17 1.000000
   151    2   18 1.000000
   151    2   19 1.000000
   151    2   20 1.000000
   151    2   21 1.000000
   151    2   22 1.000000
   151    2   23 1.000000
   151    2   24 1.000000
   151    2   25 1.000000
   151    2   26 1.000000
   151    2   27 1.000000
   151    3    4 1.000000
   151    3    5 1.000000
   151    3    6 1.000000
   151    3    7 1.000000
   151    3    8 1.000000
   151    3    9 1.000000
   151    3   10 1.000000
   151    3   11 1.000000
   151    3   12 1.000000
   151    3   14 1.000000
   151    3   15 1.000000
   151    3   16 1.000000
   151    3   17 1.000000
   151    3   18 1.000000
   151    3   19 1.000000
   151    3   20 1.000000
   151    3   21 1.000000
   151    3   22 1.000000
   151    3   23 1.000000
   151    3   24 1.000000
   151    3   25 1.000000
   151    3   26 1.000000
   151    3   27 1.000000
   151    4    5 1.000000
   151    4    6 1.000000
   151    4    7 1.000000
   151    4    8 1.000000
   151    4    9 1.000000
   151    4   10 1.000000
   151    4   11 1.000000
   151    4   12 1.000000
   151    4   14 1.000000
   151    4   15 1.000000
   151    4   16 1.000000
   151    4   17 1.000000
   151    4   18 1.000000
   151    4   19 1.000000
   151    4   20 1.000000
   151    4   21 1.000000
   151    4   22 1.000000
   151    4   23 1.000000
   151    4   24 1.000000
   151    4   25 1.000000
   151    4   26 1.000000
   151    4   27 1.000000
   151    5    6 1.000000
   151    5    7 1.000000
   151    5    8 1.000000
   151    5    9 1.000000
   151    5   10 1.000000
   151    5   11 1.000000
   151    5   12 1.000000
   151    5   14 1.000000
   151    5   15 1.000000
   151    5   16 1.000000
   151    5   17 1.000000
   151    5   18 1.000000
   151    5   19 1.000000
   151    5   20 1.000000
   151    5   21 1.000000
   151    5   22 1.000000
   151    5   23 1.000000
   151    5   24 1.000000
   151    5   25 1.000000
   151    5   26 1.000000
   151    5   27 1.000000
   151    6    7 1.000000
   151    6    8 1.000000
   151    6    9 1.000000
   151    6   10 1.000000
   151    6   11 1.000000
   151    6   12 1.000000
   151    6   14 1.000000
   151    6   15 1.000000
   151    6   16 1.000000
   151    6   17 1.000000
   151    6   18 1.000000
   151    6   19 1.000000
   151    6   20 1.000000
   151    6   21 1.000000
   151    6   22 1.000000
   151    6   23 1.000000
   151    6   24 1.000000
   151    6   25 1.000000
   151    6   26 1.000000
   151    6   27 1.000000
   151    7    8 1.000000
   151    7    9 1.000000
   151    7   10 1.000000
   151    7   11 1.000000
   151    7   12 1.000000
   151    7   14 1.000000
   151    7   15 1.000000
   151    7   16 1.000000
   151    7   17 1.000000
   151    7   18 1.000000
   151    7   19 1.000000
   151    7   20 1.000000
   151    7   21 1.000000
   151    7   22 1.000000
   151    7   23 1.000000
   151    7   24 1.000000
   151    7   25 1.000000
   151    7   26 1.000000
   151    7   27 1.000000
   151    8    9 1.000000
   151    8   10 1.000000
   151    8   11 1.000000
   151    8   12 1.000000
   151    8   14 1.000000
   151    8   15 1.000000
   151    8   16 1.000000
   151    8   17 1.000000
   151    8   18 1.000000
   151    8   19 1.000000
   151    8   20 1.000000
   151    8   21 1.000000
   151    8   22 1.000000
   151    8   23 1.000000
   151    8   24 1.000000
   151    8   25 1.000000
   151    8   26 1.000000
   151    8   27 1.000000
   151    9   10 1.000000
   151    9   11 1.000000
   151    9   12 1.000000
   151    9   14 1.000000
   151    9   15 1.000000
   151    9   16 1.000000
   151    9   17 1.000000
   151    9   18 1.000000
   151    9   19 1.000000
   151    9   20 1.000000
   151    9   21 1.000000
   151    9   22 1.000000
   151    9   23 1.000000
   151    9   24 1.000000
   151    9   25 1.000000
   151    9   26 1.000000
   151    9   27 1.000000
   151   10   11 1.000000
   151   10   12 1.000000
   151   10   14 1.000000
   151   10   15 1.000000
   151   10   16 1.000000
   151   10   17 1.000000
   151   10   18 1.000000
   151   10   19 1.000000
   151   10   20 1.000000
   151   10   21 1.000000
   151   10   22 1.000000
   151   10   23 1.000000
   151   10   24 1.000000
   151   10   25 1.000000
   151   10   26 1.000000
   151   10   27 1.000000
   151   11   12 1.000000
   151   11   14 1.000000
   151   11   15 1.000000
   151   11   16 1.000000
   151   11   17 1.000000
   151   11   18 1.000000
   151   11   19 1.000000
   151   11   20 1.000000
   151   11   21 1.000000
   151   11   22 1.000000
   151   11   23 1.000000
   151   11   24 1.000000
   151   11   25 1.000000
   151   11   26 1.000000
   151   11   27 1.000000
   151   12   14 1.000000
   151   12   15 1.000000
   151   12   16 1.000000
   151   12   17 1.000000
   151   12   18 1.000000
   151   12   19 1.000000
   151   12   20 1.000000
   151   12   21 1.000000
   151   12   22 1.000000
   151   12   23 1.000000
   151   12   24 1.000000
   151   12   25 1.000000
   151   12   26 1.000000
   151   12   27 1.000000
   151   14   15 1.000000
   151   14   16 1.000000
   151   14   17 1.000000
   151   14   18 1.000000
   151   14   19 1.000000
   151   14   20 1.000000
   151   14   21 1.000000
   151   14   22 1.000000
   151   14   23 1.000000
   151   14   24 1.000000
   151   14   25 1.000000
   151   14   26 1.000000
   151   14   27 1.000000
   151   15   16 1.000000
   151   15   17 1.000000
   151   15   18 1.000000
   151   15   19 1.000000
   151   15   20 1.000000
   151   15   21 1.000000
   151   15   22 1.000000
   151   15   23 1.000000
   151   15   24 1.000000
   151   15   25 1.000000
   151   15   26 1.000000
   151   15   27 1.000000
   151   16   17 1.000000
   151   16   18 1.000000
   151   16   19 1.000000
   151   16   20 1.000000
   151   16   21 1.000000
   151   16   22 1.000000
   151   16   23 1.000000
   151   16   24 1.000000
   151   16   25 1.000000
   151   16   26 1.000000
   151   16   27 1.000000
   151   17   18 1.000000
   151   17   19 1.000000
   151   17   20 1.000000
   151   17   21 1.000000
   151   17   22 1.000000
   151   17   23 1.000000
   151   17   24 1.000000
   151   17   25 1.000000
   151   17   26 1.000000
   151   17   27 1.000000
   151   18   19 1.000000
   151   18   20 1.000000
   151   18   21 1.000000
   151   18   22 1.000000
   151   18   23 1.000000
   151   18   24 1.000000
   151   18   25 1.000000
   151   18   26 1.000000
   151   18   27 1.000000
   151   19   20 1.000000
   151   19   21 1.000000
   151   19   22 1.000000
   151   19   23 1.000000
   151   19   24 1.000000
   151   19   25 1.000000
   151   19   26 1.000000
   151   19   27 1.000000
   151   20   21 1.000000
   151   20   22 1.000000
   151   20   23 1.000000
   151   20   24 1.000000
   151   20   25 1.000000
   151   20   26 1.000000
   151   20   27 1.000000
   151   21   22 1.000000
   151   21   23 1.000000
   151   21   24 1.000000
   151   21   25 1.000000
   151   21   26 1.000000
   151   21   27 1.000000
   151   22   23 1.000000
   151   22   24 1.000000
   151   22   25 1.000000
   151   22   26 1.000000
   151   22   27 1.000000
   151   23   24 1.000000
   151   23   25 1.000000
   151   23   26 1.000000
   151   23   27 1.000000
   151   24   25 1.000000
   151   24   26 1.000000
   151   24   27 1.000000
   151   25   26 1.000000
   151   25   27 1.000000
   151   26   27 1.000000
   152    1    2 1.000000
   152    1    3 1.000000
   152    1    4 1.000000
   152    1    5 1.000000
   152    1    6 1.000000
   152    1    7 1.000000
   152    1    8 1.000000
   152    1    9 1.000000
   152    1   10 1.000000
   152    1   11 1.000000
   152    1   12 1.000000
   152    1   14 1.000000
   152    1   15 1.000000
   152    1   16 1.000000
   152    1   17 1.000000
   152    1   18 1.000000
   152    1   19 1.000000
   152    1   20 1.000000
   152    1   21 1.000000
   152    1   22 1.000000
   152    1   23 1.000000
   152    1   24 1.000000
   152    1   25 1.000000
   152    1   26 1.000000
   152    1   27 1.000000
   152    2    3 1.000000
   152    2    4 1.000000
   152    2    5 1.000000
   152    2    6 1.000000
   152    2    7 1.000000
   152    2    8 1.000000
   152    2    9 1.000000
   152    2   10 1.000000
   152    2   11 1.000000
   152    2   12 1.000000
   152    2   14 1.000000
   152    2   15 1.000000
   152    2   16 1.000000
   152    2   17 1.000000
   152    2   18 1.000000
   152    2   19 1.000000
   152    2   20 1.000000
   152    2   21 1.000000
   152    2   22 1.000000
   152    2   23 1.000000
   152    2   24 1.000000
   152    2   25 1.000000
   152    2   26 1.000000
   152    2   27 1.000000
   152    3    4 1.000000
   152    3    5 1.000000
   152    3    6 1.000000
   152    3    7 1.000000
   152    3    8 1.000000
   152    3    9 1.000000
   152    3   10 1.000000
   152    3   11 1.000000
   152    3   12 1.000000
   152    3   14 1.000000
   152    3   15 1.000000
   152    3   16 1.000000
   152    3   17 1.000000
   152    3   18 1.000000
   152    3   19 1.000000
   152    3   20 1.000000
   152    3   21 1.000000
   152    3   22 1.000000
   152    3   23 1.000000
   152    3   24 1.000000
   152    3   25 1.000000
   152    3   26 1.000000
   152    3   27 1.000000
   152    4    5 1.000000
   152    4    6 1.000000
   152    4    7 1.000000
   152    4    8 1.000000
   152    4    9 1.000000
   152    4   10 1.000000
   152    4   11 1.000000
   152    4   12 1.000000
   152    4   14 1.000000
   152    4   15 1.000000
   152    4   16 1.000000
   152    4   17 1.000000
   152    4   18 1.000000
   152    4   19 1.000000
   152    4   20 1.000000
   152    4   21 1.000000
   152    4   22 1.000000
   152    4   23 1.000000
   152    4   24 1.000000
   152    4   25 1.000000
   152    4   26 1.000000
   152    4   27 1.000000
   152    5    6 1.000000
   152    5    7 1.000000
   152    5    8 1.000000
   152    5    9 1.000000
   152    5   10 1.000000
   152    5   11 1.000000
   152    5   12 1.000000
   152    5   14 1.000000
   152    5   15 1.000000
   152    5   16 1.000000
   152    5   17 1.000000
   152    5   18 1.000000
   152    5   19 1.000000
   152    5   20 1.000000
   152    5   21 1.000000
   152    5   22 1.000000
   152    5   23 1.000000
   152    5   24 1.000000
   152    5   25 1.000000
   152    5   26 1.000000
   152    5   27 1.000000
   152    6    7 1.000000
   152    6    8 1.000000
   152    6    9 1.000000
   152    6   10 1.000000
   152    6   11 1.000000
   152    6   12 1.000000
   152    6   14 1.000000
   152    6   15 1.000000
   152    6   16 1.000000
   152    6   17 1.000000
   152    6   18 1.000000
   152    6   19 1.000000
   152    6   20 1.000000
   152    6   21 1.000000
   152    6   22 1.000000
   152    6   23 1.000000
   152    6   24 1.000000
   152    6   25 1.000000
   152    6   26 1.000000
   152    6   27 1.000000
   152    7    8 1.000000
   152    7    9 1.000000
   152    7   10 1.000000
   152    7   11 1.000000
   152    7   12 1.000000
   152    7   14 1.000000
   152    7   15 1.000000
   152    7   16 1.000000
   152    7   17 1.000000
   152    7   18 1.000000
   152    7   19 1.000000
   152    7   20 1.000000
   152    7   21 1.000000
   152    7   22 1.000000
   152    7   23 1.000000
   152    7   24 1.000000
   152    7   25 1.000000
   152    7   26 1.000000
   152    7   27 1.000000
   152    8    9 1.000000
   152    8   10 1.000000
   152    8   11 1.000000
   152    8   12 1.000000
   152    8   14 1.000000
   152    8   15 1.000000
   152    8   16 1.000000
   152    8   17 1.000000
   152    8   18 1.000000
   152    8   19 1.000000
   152    8   20 1.000000
   152    8   21 1.000000
   152    8   22 1.000000
   152    8   23 1.000000
   152    8   24 1.000000
   152    8   25 1.000000
   152    8   26 1.000000
   152    8   27 1.000000
   152    9   10 1.000000
   152    9   11 1.000000
   152    9   12 1.000000
   152    9   14 1.000000
   152    9   15 1.000000
   152    9   16 1.000000
   152    9   17 1.000000
   152    9   18 1.000000
   152    9   19 1.000000
   152    9   20 1.000000
   152    9   21 1.000000
   152    9   22 1.000000
   152    9   23 1.000000
   152    9   24 1.000000
   152    9   25 1.000000
   152    9   26 1.000000
   152    9   27 1.000000
   152   10   11 1.000000
   152   10   12 1.000000
   152   10   14 1.000000
   152   10   15 1.000000
   152   10   16 1.000000
   152   10   17 1.000000
   152   10   18 1.000000
   152   10   19 1.000000
   152   10   20 1.000000
   152   10   21 1.000000
   152   10   22 1.000000
   152   10   23 1.000000
   152   10   24 1.000000
   152   10   25 1.000000
   152   10   26 1.000000
   152   10   27 1.000000
   152   11   12 1.000000
   152   11   14 1.000000
   152   11   15 1.000000
   152   11   16 1.000000
   152   11   17 1.000000
   152   11   18 1.000000
   152   11   19 1.000000
   152   11   20 1.000000
   152   11   21 1.000000
   152   11   22 1.000000
   152   11   23 1.000000
   152   11   24 1.000000
   152   11   25 1.000000
   152   11   26 1.000000
   152   11   27 1.000000
   152   12   14 1.000000
   152   12   15 1.000000
   152   12   16 1.000000
   152   12   17 1.000000
   152   12   18 1.000000
   152   12   19 1.000000
   152   12   20 1.000000
   152   12   21 1.000000
   152   12   22 1.000000
   152   12   23 1.000000
   152   12   24 1.000000
   152   12   25 1.000000
   152   12   26 1.000000
   152   12   27 1.000000
   152   14   15 1.000000
   152   14   16 1.000000
   152   14   17 1.000000
   152   14   18 1.000000
   152   14   19 1.000000
   152   14   20 1.000000
   152   14   21 1.000000
   152   14   22 1.000000
   152   14   23 1.000000
   152   14   24 1.000000
   152   14   25 1.000000
   152   14   26 1.000000
   152   14   27 1.000000
   152   15   16 1.000000
   152   15   17 1.000000
   152   15   18 1.000000
   152   15   19 1.000000
   152   15   20 1.000000
   152   15   21 1.000000
   152   15   22 1.000000
   152   15   23 1.000000
   152   15   24 1.000000
   152   15   25 1.000000
   152   15   26 1.000000
   152   15   27 1.000000
   152   16   17 1.000000
   152   16   18 1.000000
   152   16   19 1.000000
   152   16   20 1.000000
   152   16   21 1.000000
   152   16   22 1.000000
   152   16   23 1.000000
   152   16   24 1.000000
   152   16   25 1.000000
   152   16   26 1.000000
   152   16   27 1.000000
   152   17   18 1.000000
   152   17   19 1.000000
   152   17   20 1.000000
   152   17   21 1.000000
   152   17   22 1.000000
   152   17   23 1.000000
   152   17   24 1.000000
   152   17   25 1.000000
   152   17   26 1.000000
   152   17   27 1.000000
   152   18   19 1.000000
   152   18   20 1.000000
   152   18   21 1.000000
   152   18   22 1.000000
   152   18   23 1.000000
   152   18   24 1.000000
   152   18   25 1.000000
   152   18   26 1.000000
   152   18   27 1.000000
   152   19   20 1.000000
   152   19   21 1.000000
   152   19   22 1.000000
   152   19   23 1.000000
   152   19   24 1.000000
   152   19   25 1.000000
   152   19   26 1.000000
   152   19   27 1.000000
   152   20   21 1.000000
   152   20   22 1.000000
   152   20   23 1.000000
   152   20   24 1.000000
   152   20   25 1.000000
   152   20   26 1.000000
   152   20   27 1.000000
   152   21   22 1.000000
   152   21   23 1.000000
   152   21   24 1.000000
   152   21   25 1.000000
   152   21   26 1.000000
   152   21   27 1.000000
   152   22   23 1.000000
   152   22   24 1.000000
   152   22   25 1.000000
   152   22   26 1.000000
   152   22   27 1.000000
   152   23   24 1.000000
   152   23   25 1.000000
   152   23   26 1.000000
   152   23   27 1.000000
   152   24   25 1.000000
   152   24   26 1.000000
   152   24   27 1.000000
   152   25   26 1.000000
   152   25   27 1.000000
   152   26   27 1.000000
   162    1    2 1.000000
   162    1    3 1.000000
   162    1    4 1.000000
   162    1    5 1.000000
   162    1    6 1.000000
   162    1    7 1.000000
   162    1    8 1.000000
   162    1    9 1.000000
   162    1   10 0.375000
   162    1   11 1.000000
   162    1   12 1.000000
   162    1   14 1.000000
   162    1   15 1.000000
   162    1   16 1.000000
   162    1   17 1.000000
   162    1   18 1.000000
   162    1   19 1.000000
   162    1   20 1.000000
   162    1   21 1.000000
   162    1   22 1.000000
   162    1   23 1.000000
   162    1   24 1.000000
   162    1   25 1.000000
   162    1   26 0.375000
   162    1   27 1.000000
   162    2    3 1.000000
   162    2    4 1.000000
   162    2    5 1.000000
   162    2    6 1.000000
   162    2    7 1.000000
   162    2    8 1.000000
   162    2    9 1.000000
   162    2   10 0.375000
   162    2   11 1.000000
   162    2   12 1.000000
   162    2   14 1.000000
   162    2   15 1.000000
   162    2   16 1.000000
   162    2   17 1.000000
   162    2   18 1.000000
   162    2   19 1.000000
   162    2   20 1.000000
   162    2   21 1.000000
   162    2   22 1.000000
   162    2   23 1.000000
   162    2   24 1.000000
   162    2   25 1.000000
   162    2   26 0.375000
   162    2   27 1.000000
   162    3    4 1.000000
   162    3    5 1.000000
   162    3    6 1.000000
   162    3    7 1.000000
   162    3    8 1.000000
   162    3    9 1.000000
   162    3   10 0.375000
   162    3   11 1.000000
   162    3   12 1.000000
   162    3   14 1.000000
   162    3   15 1.000000
   162    3   16 1.000000
   162    3   17 1.000000
   162    3   18 1.000000
   162    3   19 1.000000
   162    3   20 1.000000
   162    3   21 1.000000
   162    3   22 1.000000
   162    3   23 1.000000
   162    3   24 1.000000
   162    3   25 1.000000
   162    3   26 0.375000
   162    3   27 1.000000
   162    4    5 1.000000
   162    4    6 1.000000
   162    4    7 1.000000
   162    4    8 1.000000
   162    4    9 1.000000
   162    4   10 0.375000
   162    4   11 1.000000
   162    4   12 1.000000
   162    4   14 1.000000
   162    4   15 1.000000
   162    4   16 1.000000
   162    4   17 1.000000
   162    4   18 1.000000
   162    4   19 1.000000
   162    4   20 1.000000
   162    4   21 1.000000
   162    4   22 1.000000
   162    4   23 1.000000
   162    4   24 1.000000
   162    4   25 1.000000
   162    4   26 0.375000
   162    4   27 1.000000
   162    5    6 1.000000
   162    5    7 1.000000
   162    5    8 1.000000
   162    5    9 1.000000
   162    5   10 0.375000
   162    5   11 1.000000
   162    5   12 1.000000
   162    5   14 1.000000
   162    5   15 1.000000
   162    5   16 1.000000
   162    5   17 1.000000
   162    5   18 1.000000
   162    5   19 1.000000
   162    5   20 1.000000
   162    5   21 1.000000
   162    5   22 1.000000
   162    5   23 1.000000
   162    5   24 1.000000
   162    5   25 1.000000
   162    5   26 0.375000
   162    5   27 1.000000
   162    6    7 1.000000
   162    6    8 1.000000
   162    6    9 1.000000
   162    6   10 0.375000
   162    6   11 1.000000
   162    6   12 1.000000
   162    6   14 1.000000
   162    6   15 1.000000
   162    6   16 1.000000
   162    6   17 1.000000
   162    6   18 1.000000
   162    6   19 1.000000
   162    6   20 1.000000
   162    6   21 1.000000
   162    6   22 1.000000
   162    6   23 1.000000
   162    6   24 1.000000
   162    6   25 1.000000
   162    6   26 0.375000
   162    6   27 1.000000
   162    7    8 1.000000
   162    7    9 1.000000
   162    7   10 0.375000
   162    7   11 1.000000
   162    7   12 1.000000
   162    7   14 1.000000
   162    7   15 1.000000
   162    7   16 1.000000
   162    7   17 1.000000
   162    7   18 1.000000
   162    7   19 1.000000
   162    7   20 1.000000
   162    7   21 1.000000
   162    7   22 1.000000
   162    7   23 1.000000
   162    7   24 1.000000
   162    7   25 1.000000
   162    7   26 0.375000
   162    7   27 1.000000
   162    8    9 1.000000
   162    8   10 0.375000
   162    8   11 1.000000
   162    8   12 1.000000
   162    8   14 1.000000
   162    8   15 1.000000
   162    8   16 1.000000
   162    8   17 1.000000
   162    8   18 1.000000
   162    8   19 1.000000
   162    8   20 1.000000
   162    8   21 1.000000
   162    8   22 1.000000
   162    8   23 1.000000
   162    8   24 1.000000
   162    8   25 1.000000
   162    8   26 0.375000
   162    8   27 1.000000
   162    9   10 0.375000
   162    9   11 1.000000
   162    9   12 1.000000
   162    9   14 1.000000
   162    9   15 1.000000
   162    9   16 1.000000
   162    9   17 1.000000
   162    9   18 1.000000
   162    9   19 1.000000
   162    9   20 1.000000
   162    9   21 1.000000
   162    9   22 1.000000
   162    9   23 1.000000
   162    9   24 1.000000
   162    9   25 1.000000
   162    9   26 0.375000
   162    9   27 1.000000
   162   10   11 0.375000
   162   10   12 0.375000
   162   10   14 0.375000
   162   10   15 0.375000
   162   10   16 0.375000
   162   10   17 0.375000
   162   10   18 0.375000
   162   10   19 0.375000
   162   10   20 0.375000
   162   10   21 0.375000
   162   10   22 0.375000
   162   10   23 0.375000
   162   10   24 0.375000
   162   10   25 0.375000
   162   10   26 1.000000
   162   10   27 0.375000
   162   11   12 1.000000
   162   11   14 1.000000
   162   11   15 1.000000
   162   11   16 1.000000
   162   11   17 1.000000
   162   11   18 1.000000
   162   11   19 1.000000
   162   11   20 1.000000
   162   11   21 1.000000
   162   11   22 1.000000
   162   11   23 1.000000
   162   11   24 1.000000
   162   11   25 1.000000
   162   11   26 0.375000
   162   11   27 1.000000
   162   12   14 1.000000
   162   12   15 1.000000
   162   12   16 1.000000
   162   12   17 1.000000
   162   12   18 1.000000
   162   12   19 1.000000
   162   12   20 1.000000
   162   12   21 1.000000
   162   12   22 1.000000
   162   12   23 1.000000
   162   12   24 1.000000
   162   12   25 1.000000
   162   12   26 0.375000
   162   12   27 1.000000
   162   14   15 1.000000
   162   14   16 1.000000
   162   14   17 1.000000
   162   14   18 1.000000
   162   14   19 1.000000
   162   14   20 1.000000
   162   14   21 1.000000
   162   14   22 1.000000
   162   14   23 1.000000
   162   14   24 1.000000
   162   14   25 1.000000
   162   14   26 0.375000
   162   14   27 1.000000
   162   15   16 1.000000
   162   15   17 1.000000
   162   15   18 1.000000
   162   15   19 1.000000
   162   15   20 1.000000
   162   15   21 1.000000
   162   15   22 1.000000
   162   15   23 1.000000
   162   15   24 1.000000
   162   15   25 1.000000
   162   15   26 0.375000
   162   15   27 1.000000
   162   16   17 1.000000
   162   16   18 1.000000
   162   16   19 1.000000
   162   16   20 1.000000
   162   16   21 1.000000
   162   16   22 1.000000
   162   16   23 1.000000
   162   16   24 1.000000
   162   16   25 1.000000
   162   16   26 0.375000
   162   16   27 1.000000
   162   17   18 1.000000
   162   17   19 1.000000
   162   17   20 1.000000
   162   17   21 1.000000
   162   17   22 1.000000
   162   17   23 1.000000
   162   17   24 1.000000
   162   17   25 1.000000
   162   17   26 0.375000
   162   17   27 1.000000
   162   18   19 1.000000
   162   18   20 1.000000
   162   18   21 1.000000
   162   18   22 1.000000
   162   18   23 1.000000
   162   18   24 1.000000
   162   18   25 1.000000
   162   18   26 0.375000
   162   18   27 1.000000
   162   19   20 1.000000
   162   19   21 1.000000
   162   19   22 1.000000
   162   19   23 1.000000
   162   19   24 1.000000
   162   19   25 1.000000
   162   19   26 0.375000
   162   19   27 1.000000
   162   20   21 1.000000
   162   20   22 1.000000
   162   20   23 1.000000
   162   20   24 1.000000
   162   20   25 1.000000
   162   20   26 0.375000
   162   20   27 1.000000
   162   21   22 1.000000
   162   21   23 1.000000
   162   21   24 1.000000
   162   21   25 1.000000
   162   21   26 0.375000
   162   21   27 1.000000
   162   22   23 1.000000
   162   22   24 1.000000
   162   22   25 1.000000
   162   22   26 0.375000
   162   22   27 1.000000
   162   23   24 1.000000
   162   23   25 1.000000
   162   23   26 0.375000
   162   23   27 1.000000
   162   24   25 1.000000
   162   24   26 0.375000
   162   24   27 1.000000
   162   25   26 0.375000
   162   25   27 1.000000
   162   26   27 0.375000
   163    2    4 1.000000
   163    2    5 1.000000
   163    2    6 1.000000
   163    2    7 1.000000
   163    2    8 1.000000
   163    2    9 1.000000
   163    2   10 0.375000
   163    2   11 1.000000
   163    2   12 1.000000
   163    2   14 1.000000
   163    2   15 1.000000
   163    2   16 1.000000
   163    2   17 1.000000
   163    2   18 1.000000
   163    2   19 1.000000
   163    2   20 1.000000
   163    2   21 1.000000
   163    2   22 1.000000
   163    2   23 1.000000
   163    2   24 1.000000
   163    2   25 1.000000
   163    2   26 0.375000
   163    2   27 1.000000
   163    4    5 1.000000
   163    4    6 1.000000
   163    4    7 1.000000
   163    4    8 1.000000
   163    4    9 1.000000
   163    4   10 0.375000
   163    4   11 1.000000
   163    4   12 1.000000
   163    4   14 1.000000
   163    4   15 1.000000
   163    4   16 1.000000
   163    4   17 1.000000
   163    4   18 1.000000
   163    4   19 1.000000
   163    4   20 1.000000
   163    4   21 1.000000
   163    4   22 1.000000
   163    4   23 1.000000
   163    4   24 1.000000
   163    4   25 1.000000
   163    4   26 0.375000
   163    4   27 1.000000
   163    5    6 1.000000
   163    5    7 1.000000
   163    5    8 1.000000
   163    5    9 1.000000
   163    5   10 0.375000
   163    5   11 1.000000
   163    5   12 1.000000
   163    5   14 1.000000
   163    5   15 1.000000
   163    5   16 1.000000
   163    5   17 1.000000
   163    5   18 1.000000
   163    5   19 1.000000
   163    5   20 1.000000
   163    5   21 1.000000
   163    5   22 1.000000
   163    5   23 1.000000
   163    5   24 1.000000
   163    5   25 1.000000
   163    5   26 0.375000
   163    5   27 1.000000
   163    6    7 1.000000
   163    6    8 1.000000
   163    6    9 1.000000
   163    6   10 0.375000
   163    6   11 1.000000
   163    6   12 1.000000
   163    6   14 1.000000
   163    6   15 1.000000
   163    6   16 1.000000
   163    6   17 1.000000
   163    6   18 1.000000
   163    6   19 1.000000
   163    6   20 1.000000
   163    6   21 1.000000
   163    6   22 1.000000
   163    6   23 1.000000
   163    6   24 1.000000
   163    6   25 1.000000
   163    6   26 0.375000
   163    6   27 1.000000
   163    7    8 1.000000
   163    7    9 1.000000
   163    7   10 0.375000
   163    7   11 1.000000
   163    7   12 1.000000
   163    7   14 1.000000
   163    7   15 1.000000
   163    7   16 1.000000
   163    7   17 1.000000
   163    7   18 1.000000
   163    7   19 1.000000
   163    7   20 1.000000
   163    7   21 1.000000
   163    7   22 1.000000
   163    7   23 1.000000
   163    7   24 1.000000
   163    7   25 1.000000
   163    7   26 0.375000
   163    7   27 1.000000
   163    8    9 1.000000
   163    8   10 0.375000
   163    8   11 1.000000
   163    8   12 1.000000
   163    8   14 1.000000
   163    8   15 1.000000
   163    8   16 1.000000
   163    8   17 1.000000
   163    8   18 1.000000
   163    8   19 1.000000
   163    8   20 1.000000
   163    8   21 1.000000
   163    8   22 1.000000
   163    8   23 1.000000
   163    8   24 1.000000
   163    8   25 1.000000
   163    8   26 0.375000
   163    8   27 1.000000
   163    9   10 0.375000
   163    9   11 1.000000
   163    9   12 1.000000
   163    9   14 1.000000
   163    9   15 1.000000
   163    9   16 1.000000
   163    9   17 1.000000
   163    9   18 1.000000
   163    9   19 1.000000
   163    9   20 1.000000
   163    9   21 1.000000
   163    9   22 1.000000
   163    9   23 1.000000
   163    9   24 1.000000
   163    9   25 1.000000
   163    9   26 0.375000
   163    9   27 1.000000
   163   10   11 0.375000
   163   10   12 0.375000
   163   10   14 0.375000
   163   10   15 0.375000
   163   10   16 0.375000
   163   10   17 0.375000
   163   10   18 0.375000
   163   10   19 0.375000
   163   10   20 0.375000
   163   10   21 0.375000
   163   10   22 0.375000
   163   10   23 0.375000
   163   10   24 0.375000
   163   10   25 0.375000
   163   10   26 1.000000
   163   10   27 0.375000
   163   11   12 1.000000
   163   11   14 1.000000
   163   11   15 1.000000
   163   11   16 1.000000
   163   11   17 1.000000
   163   11   18 1.000000
   163   11   19 1.000000
   163   11   20 1.000000
   163   11   21 1.000000
   163   11   22 1.000000
   163   11   23 1.000000
   163   11   24 1.000000
   163   11   25 1.000000
   163   11   26 0.375000
   163   11   27 1.000000
   163   12   14 1.000000
   163   12   15 1.000000
   163   12   16 1.000000
   163   12   17 1.000000
   163   12   18 1.000000
   163   12   19 1.000000
   163   12   20 1.000000
   163   12   21 1.000000
   163   12   22 1.000000
   163   12   23 1.000000
   163   12   24 1.000000
   163   12   25 1.000000
   163   12   26 0.375000
   163   12   27 1.000000
   163   14   15 1.000000
   163   14   16 1.000000
   163   14   17 1.000000
   163   14   18 1.000000
   163   14   19 1.000000
   163   14   20 1.000000
   163   14   21 1.000000
   163   14   22 1.000000
   163   14   23 1.000000
   163   14   24 1.000000
   163   14   25 1.000000
   163   14   26 0.375000
   163   14   27 1.000000
   163   15   16 1.000000
   163   15   17 1.000000
   163   15   18 1.000000
   163   15   19 1.000000
   163   15   20 1.000000
   163   15   21 1.000000
   163   15   22 1.000000
   163   15   23 1.000000
   163   15   24 1.000000
   163   15   25 1.000000
   163   15   26 0.375000
   163   15   27 1.000000
   163   16   17 1.000000
   163   16   18 1.000000
   163   16   19 1.000000
   163   16   20 1.000000
   163   16   21 1.000000
   163   16   22 1.000000
   163   16   23 1.000000
   163   16   24 1.000000
   163   16   25 1.000000
   163   16   26 0.375000
   163   16   27 1.000000
   163   17   18 1.000000
   163   17   19 1.000000
   163   17   20 1.000000
   163   17   21 1.000000
   163   17   22 1.000000
   163   17   23 1.000000
   163   17   24 1.000000
   163   17   25 1.000000
   163   17   26 0.375000
   163   17   27 1.000000
   163   18   19 1.000000
   163   18   20 1.000000
   163   18   21 1.000000
   163   18   22 1.000000
   163   18   23 1.000000
   163   18   24 1.000000
   163   18   25 1.000000
   163   18   26 0.375000
   163   18   27 1.000000
   163   19   20 1.000000
   163   19   21 1.000000
   163   19   22 1.000000
   163   19   23 1.000000
   163   19   24 1.000000
   163   19   25 1.000000
   163   19   26 0.375000
   163   19   27 1.000000
   163   20   21 1.000000
   163   20   22 1.000000
   163   20   23 1.000000
   163   20   24 1.000000
   163   20   25 1.000000
   163   20   26 0.375000
   163   20   27 1.000000
   163   21   22 1.000000
   163   21   23 1.000000
   163   21   24 1.000000
   163   21   25 1.000000
   163   21   26 0.375000
   163   21   27 1.000000
   163   22   23 1.000000
   163   22   24 1.000000
   163   22   25 1.000000
   163   22   26 0.375000
   163   22   27 1.000000
   163   23   24 1.000000
   163   23   25 1.000000
   163   23   26 0.375000
   163   23   27 1.000000
   163   24   25 1.000000
   163   24   26 0.375000
   163   24   27 1.000000
   163   25   26 0.375000
   163   25   27 1.000000
   163   26   27 0.375000
   164    4    5 1.000000
   164    4    7 0.458333
   164    4    8 0.541667
   164    4    9 1.000000
   164    4   10 0.375000
   164    4   11 0.958333
   164    4   12 0.958333
   164    4   14 0.791667
   164    4   15 0.916667
   164    4   16 0.875000
   164    4   17 0.833333
   164    4   18 0.666667
   164    4   20 0.666667
   164    4   21 0.541667
   164    4   22 0.541667
   164    4   23 0.541667
   164    4   24 0.541667
   164    4   25 0.541667
   164    4   26 0.375000
   164    4   27 0.541667
   164    5    7 0.458333
   164    5    8 0.541667
   164    5    9 1.000000
   164    5   10 0.375000
   164    5   11 0.958333
   164    5   12 0.958333
   164    5   14 0.791667
   164    5   15 0.916667
   164    5   16 0.875000
   164    5   17 0.833333
   164    5   18 0.666667
   164    5   20 0.666667
   164    5   21 0.541667
   164    5   22 0.541667
   164    5   23 0.541667
   164    5   24 0.541667
   164    5   25 0.541667
   164    5   26 0.375000
   164    5   27 0.541667
   164    7    8 0.333333
   164    7    9 0.458333
   164    7   10 0.333333
   164    7   11 0.500000
   164    7   12 0.500000
   164    7   14 0.583333
   164    7   15 0.500000
   164    7   16 0.500000
   164    7   17 0.500000
   164    7   18 0.791667
   164    7   20 0.791667
   164    7   21 0.333333
   164    7   22 0.333333
   164    7   23 0.333333
   164    7   24 0.333333
   164    7   25 0.333333
   164    7   26 0.333333
   164    7   27 0.333333
   164    8    9 0.541667
   164    8   10 0.375000
   164    8   11 0.541667
   164    8   12 0.541667
   164    8   14 0.625000
   164    8   15 0.541667
   164    8   16 0.541667
   164    8   17 0.541667
   164    8   18 0.541667
   164    8   20 0.541667
   164    8   21 1.000000
   164    8   22 1.000000
   164    8   23 1.000000
   164    8   24 1.000000
   164    8   25 1.000000
   164    8   26 0.375000
   164    8   27 1.000000
   164    9   10 0.375000
   164    9   11 0.958333
   164    9   12 0.958333
   164    9   14 0.791667
   164    9   15 0.916667
   164    9   16 0.875000
   164    9   17 0.833333
   164    9   18 0.666667
   164    9   20 0.666667
   164    9   21 0.541667
   164    9   22 0.541667
   164    9   23 0.541667
   164    9   24 0.541667
   164    9   25 0.541667
   164    9   26 0.375000
   164    9   27 0.541667
   164   10   11 0.375000
   164   10   12 0.375000
   164   10   14 0.375000
   164   10   15 0.375000
   164   10   16 0.375000
   164   10   17 0.375000
   164   10   18 0.375000
   164   10   20 0.375000
   164   10   21 0.375000
   164   10   22 0.375000
   164   10   23 0.375000
   164   10   24 0.375000
   164   10   25 0.375000
   164   10   26 1.000000
   164   10   27 0.375000
   164   11   12 1.000000
   164   11   14 0.833333
   164   11   15 0.958333
   164   11   16 0.916667
   164   11   17 0.875000
   164   11   18 0.708333
   164   11   20 0.708333
   164   11   21 0.541667
   164   11   22 0.541667
   164   11   23 0.541667
   164   11   24 0.541667
   164   11   25 0.541667
   164   11   26 0.375000
   164   11   27 0.541667
   164   12   14 0.833333
   164   12   15 0.958333
   164   12   16 0.916667
   164   12   17 0.875000
   164   12   18 0.708333
   164   12   20 0.708333
   164   12   21 0.541667
   164   12   22 0.541667
   164   12   23 0.541667
   164   12   24 0.541667
   164   12   25 0.541667
   164   12   26 0.375000
   164   12   27 0.541667
   164   14   15 0.833333
   164   14   16 0.833333
   164   14   17 0.833333
   164   14   18 0.791667
   164   14   20 0.791667
   164   14   21 0.625000
   164   14   22 0.625000
   164   14   23 0.625000
   164   14   24 0.625000
   164   14   25 0.625000
   164   14   26 0.375000
   164   14   27 0.625000
   164   15   16 0.958333
   164   15   17 0.916667
   164   15   18 0.708333
   164   15   20 0.708333
   164   15   21 0.541667
   164   15   22 0.541667
   164   15   23 0.541667
   164   15   24 0.541667
   164   15   25 0.541667
   164   15   26 0.375000
   164   15   27 0.541667
   164   16   17 0.958333
   164   16   18 0.708333
   164   16   20 0.708333
   164   16   21 0.541667
   164   16   22 0.541667
   164   16   23 0.541667
   164   16   24 0.541667
   164   16   25 0.541667
   164   16   26 0.375000
   164   16   27 0.541667
   164   17   18 0.708333
   164   17   20 0.708333
   164   17   21 0.541667
   164   17   22 0.541667
   164   17   23 0.541667
   164   17   24 0.541667
   164   17   25 0.541667
   164   17   26 0.375000
   164   17   27 0.541667
   164   18   20 1.000000
   164   18   21 0.541667
   164   18   22 0.541667
   164   18   23 0.541667
   164   18   24 0.541667
   164   18   25 0.541667
   164   18   26 0.375000
   164   18   27 0.541667
   164   20   21 0.541667
   164   20   22 0.541667
   164   20   23 0.541667
   164   20   24 0.541667
   164   20   25 0.541667
   164   20   26 0.375000
   164   20   27 0.541667
   164   21   22 1.000000
   164   21   23 1.000000
   164   21   24 1.000000
   164   21   25 1.000000
   164   21   26 0.375000
   164   21   27 1.000000
   164   22   23 1.000000
   164   22   24 1.000000
   164   22   25 1.000000
   164   22   26 0.375000
   164   22   27 1.000000
   164   23   24 1.000000
   164   23   25 1.000000
   164   23   26 0.375000
   164   23   27 1.000000
   164   24   25 1.000000
   164   24   26 0.375000
   164   24   27 1.000000
   164   25   26 0.375000
   164   25   27 1.000000
   164   26   27 0.375000
   165    1    3 0.979167
   165    1    4 0.479167
   165    1    5 0.479167
   165    1    7 0.208333
   165    1    8 0.270833
   165    1    9 0.479167
   165    1   10 0.187500
   165    1   11 0.458333
   165    1   12 0.458333
   165    1   14 0.375000
   165    1   15 0.437500
   165    1   16 0.416667
   165    1   17 0.395833
   165    1   18 0.312500
   165    1   20 0.312500
   165    1   21 0.270833
   165    1   22 0.270833
   165    1   23 0.270833
   165    1   24 0.270833
   165    1   25 0.270833
   165    1   26 0.187500
   165    1   27 0.270833
   165    3    4 0.500000
   165    3    5 0.500000
   165    3    7 0.229167
   165    3    8 0.270833
   165    3    9 0.500000
   165    3   10 0.187500
   165    3   11 0.479167
   165    3   12 0.479167
   165    3   14 0.395833
   165    3   15 0.458333
   165    3   16 0.437500
   165    3   17 0.416667
   165    3   18 0.333333
   165    3   20 0.333333
   165    3   21 0.270833
   165    3   22 0.270833
   165    3   23 0.270833
   165    3   24 0.270833
   165    3   25 0.270833
   165    3   26 0.187500
   165    3   27 0.270833
   165    4    5 1.000000
   165    4    7 0.458333
   165    4    8 0.541667
   165    4    9 1.000000
   165    4   10 0.375000
   165    4   11 0.958333
   165    4   12 0.958333
   165    4   14 0.791667
   165    4   15 0.916667
   165    4   16 0.875000
   165    4   17 0.833333
   165    4   18 0.666667
   165    4   20 0.666667
   165    4   21 0.541667
   165    4   22 0.541667
   165    4   23 0.541667
   165    4   24 0.541667
   165    4   25 0.541667
   165    4   26 0.375000
   165    4   27 0.541667
   165    5    7 0.458333
   165    5    8 0.541667
   165    5    9 1.000000
   165    5   10 0.375000
   165    5   11 0.958333
   165    5   12 0.958333
   165    5   14 0.791667
   165    5   15 0.916667
   165    5   16 0.875000
   165    5   17 0.833333
   165    5   18 0.666667
   165    5   20 0.666667
   165    5   21 0.541667
   165    5   22 0.541667
   165    5   23 0.541667
   165    5   24 0.541667
   165    5   25 0.541667
   165    5   26 0.375000
   165    5   27 0.541667
   165    7    8 0.333333
   165    7    9 0.458333
   165    7   10 0.333333
   165    7   11 0.500000
   165    7   12 0.500000
   165    7   14 0.583333
   165    7   15 0.500000
   165    7   16 0.500000
   165    7   17 0.500000
   165    7   18 0.791667
   165    7   20 0.791667
   165    7   21 0.333333
   165    7   22 0.333333
   165    7   23 0.333333
   165    7   24 0.333333
   165    7   25 0.333333
   165    7   26 0.333333
   165    7   27 0.333333
   165    8    9 0.541667
   165    8   10 0.375000
   165    8   11 0.541667
   165    8   12 0.541667
   165    8   14 0.625000
   165    8   15 0.541667
   165    8   16 0.541667
   165    8   17 0.541667
   165    8   18 0.541667
   165    8   20 0.541667
   165    8   21 1.000000
   165    8   22 1.000000
   165    8   23 1.000000
   165    8   24 1.000000
   165    8   25 1.000000
   165    8   26 0.375000
   165    8   27 1.000000
   165    9   10 0.375000
   165    9   11 0.958333
   165    9   12 0.958333
   165    9   14 0.791667
   165    9   15 0.916667
   165    9   16 0.875000
   165    9   17 0.833333
   165    9   18 0.666667
   165    9   20 0.666667
   165    9   21 0.541667
   165    9   22 0.541667
   165    9   23 0.541667
   165    9   24 0.541667
   165    9   25 0.541667
   165    9   26 0.375000
   165    9   27 0.541667
   165   10   11 0.375000
   165   10   12 0.375000
   165   10   14 0.375000
   165   10   15 0.375000
   165   10   16 0.375000
   165   10   17 0.375000
   165   10   18 0.375000
   165   10   20 0.375000
   165   10   21 0.375000
   165   10   22 0.375000
   165   10   23 0.375000
   165   10   24 0.375000
   165   10   25 0.375000
   165   10   26 1.000000
   165   10   27 0.375000
   165   11   12 1.000000
   165   11   14 0.833333
   165   11   15 0.958333
   165   11   16 0.916667
   165   11   17 0.875000
   165   11   18 0.708333
   165   11   20 0.708333
   165   11   21 0.541667
   165   11   22 0.541667
   165   11   23 0.541667
   165   11   24 0.541667
   165   11   25 0.541667
   165   11   26 0.375000
   165   11   27 0.541667
   165   12   14 0.833333
   165   12   15 0.958333
   165   12   16 0.916667
   165   12   17 0.875000
   165   12   18 0.708333
   165   12   20 0.708333
   165   12   21 0.541667
   165   12   22 0.541667
   165   12   23 0.541667
   165   12   24 0.541667
   165   12   25 0.541667
   165   12   26 0.375000
   165   12   27 0.541667
   165   14   15 0.833333
   165   14   16 0.833333
   165   14   17 0.833333
   165   14   18 0.791667
   165   14   20 0.791667
   165   14   21 0.625000
   165   14   22 0.625000
   165   14   23 0.625000
   165   14   24 0.625000
   165   14   25 0.625000
   165   14   26 0.375000
   165   14   27 0.625000
   165   15   16 0.958333
   165   15   17 0.916667
   165   15   18 0.708333
   165   15   20 0.708333
   165   15   21 0.541667
   165   15   22 0.541667
   165   15   23 0.541667
   165   15   24 0.541667
   165   15   25 0.541667
   165   15   26 0.375000
   165   15   27 0.541667
   165   16   17 0.958333
   165   16   18 0.708333
   165   16   20 0.708333
   165   16   21 0.541667
   165   16   22 0.541667
   165   16   23 0.541667
   165   16   24 0.541667
   165   16   25 0.541667
   165   16   26 0.375000
   165   16   27 0.541667
   165   17   18 0.708333
   165   17   20 0.708333
   165   17   21 0.541667
   165   17   22 0.541667
   165   17   23 0.541667
   165   17   24 0.541667
   165   17   25 0.541667
   165   17   26 0.375000
   165   17   27 0.541667
   165   18   20 1.000000
   165   18   21 0.541667
   165   18   22 0.541667
   165   18   23 0.541667
   165   18   24 0.541667
   165   18   25 0.541667
   165   18   26 0.375000
   165   18   27 0.541667
   165   20   21 0.541667
   165   20   22 0.541667
   165   20   23 0.541667
   165   20   24 0.541667
   165   20   25 0.541667
   165   20   26 0.375000
   165   20   27 0.541667
   165   21   22 1.000000
   165   21   23 1.000000
   165   21   24 1.000000
   165   21   25 1.000000
   165   21   26 0.375000
   165   21   27 1.000000
   165   22   23 1.000000
   165   22   24 1.000000
   165   22   25 1.000000
   165   22   26 0.375000
   165   22   27 1.000000
   165   23   24 1.000000
   165   23   25 1.000000
   165   23   26 0.375000
   165   23   27 1.000000
   165   24   25 1.000000
   165   24   26 0.375000
   165   24   27 1.000000
   165   25   26 0.375000
   165   25   27 1.000000
   165   26   27 0.375000
   166    1    3 0.958333
   166    1    4 0.479167
   166    1    5 0.479167
   166    1    7 0.208333
   166    1    8 0.270833
   166    1    9 0.479167
   166    1   10 0.187500
   166    1   11 0.458333
   166    1   12 0.458333
   166    1   14 0.375000
   166    1   15 0.437500
   166    1   16 0.416667
   166    1   17 0.395833
   166    1   18 0.312500
   166    1   20 0.312500
   166    1   21 0.270833
   166    1   22 0.270833
   166    1   23 0.270833
   166    1   24 0.270833
   166    1   25 0.270833
   166    1   27 0.270833
   166    3    4 0.500000
   166    3    5 0.500000
   166    3    7 0.229167
   166    3    8 0.270833
   166    3    9 0.500000
   166    3   10 0.187500
   166    3   11 0.479167
   166    3   12 0.479167
   166    3   14 0.395833
   166    3   15 0.458333
   166    3   16 0.437500
   166    3   17 0.416667
   166    3   18 0.333333
   166    3   20 0.333333
   166    3   21 0.270833
   166    3   22 0.270833
   166    3   23 0.270833
   166    3   24 0.270833
   166    3   25 0.270833
   166    3   27 0.270833
   166    4    5 1.000000
   166    4    7 0.458333
   166    4    8 0.541667
   166    4    9 1.000000
   166    4   10 0.375000
   166    4   11 0.958333
   166    4   12 0.958333
   166    4   14 0.791667
   166    4   15 0.916667
   166    4   16 0.875000
   166    4   17 0.833333
   166    4   18 0.666667
   166    4   20 0.666667
   166    4   21 0.541667
   166    4   22 0.541667
   166    4   23 0.541667
   166    4   24 0.541667
   166    4   25 0.541667
   166    4   27 0.541667
   166    5    7 0.458333
   166    5    8 0.541667
   166    5    9 1.000000
   166    5   10 0.375000
   166    5   11 0.958333
   166    5   12 0.958333
   166    5   14 0.791667
   166    5   15 0.916667
   166    5   16 0.875000
   166    5   17 0.833333
   166    5   18 0.666667
   166    5   20 0.666667
   166    5   21 0.541667
   166    5   22 0.541667
   166    5   23 0.541667
   166    5   24 0.541667
   166    5   25 0.541667
   166    5   27 0.541667
   166    7    8 0.333333
   166    7    9 0.458333
   166    7   10 0.333333
   166    7   11 0.500000
   166    7   12 0.500000
   166    7   14 0.583333
   166    7   15 0.500000
   166    7   16 0.500000
   166    7   17 0.500000
   166    7   18 0.791667
   166    7   20 0.791667
   166    7   21 0.333333
   166    7   22 0.333333
   166    7   23 0.333333
   166    7   24 0.333333
   166    7   25 0.333333
   166    7   27 0.333333
   166    8    9 0.541667
   166    8   10 0.375000
   166    8   11 0.541667
   166    8   12 0.541667
   166    8   14 0.625000
   166    8   15 0.541667
   166    8   16 0.541667
   166    8   17 0.541667
   166    8   18 0.541667
   166    8   20 0.541667
   166    8   21 1.000000
   166    8   22 1.000000
   166    8   23 1.000000
   166    8   24 1.000000
   166    8   25 1.000000
   166    8   27 1.000000
   166    9   10 0.375000
   166    9   11 0.958333
   166    9   12 0.958333
   166    9   14 0.791667
   166    9   15 0.916667
   166    9   16 0.875000
   166    9   17 0.833333
   166    9   18 0.666667
   166    9   20 0.666667
   166    9   21 0.541667
   166    9   22 0.541667
   166    9   23 0.541667
   166    9   24 0.541667
   166    9   25 0.541667
   166    9   27 0.541667
   166   10   11 0.375000
   166   10   12 0.375000
   166   10   14 0.375000
   166   10   15 0.375000
   166   10   16 0.375000
   166   10   17 0.375000
   166   10   18 0.375000
   166   10   20 0.375000
   166   10   21 0.375000
   166   10   22 0.375000
   166   10   23 0.375000
   166   10   24 0.375000
   166   10   25 0.375000
   166   10   27 0.375000
   166   11   12 1.000000
   166   11   14 0.833333
   166   11   15 0.958333
   166   11   16 0.916667
   166   11   17 0.875000
   166   11   18 0.708333
   166   11   20 0.708333
   166   11   21 0.541667
   166   11   22 0.541667
   166   11   23 0.541667
   166   11   24 0.541667
   166   11   25 0.541667
   166   11   27 0.541667
   166   12   14 0.833333
   166   12   15 0.958333
   166   12   16 0.916667
   166   12   17 0.875000
   166   12   18 0.708333
   166   12   20 0.708333
   166   12   21 0.541667
   166   12   22 0.541667
   166   12   23 0.541667
   166   12   24 0.541667
   166   12   25 0.541667
   166   12   27 0.541667
   166   14   15 0.833333
   166   14   16 0.833333
   166   14   17 0.833333
   166   14   18 0.791667
   166   14   20 0.791667
   166   14   21 0.625000
   166   14   22 0.625000
   166   14   23 0.625000
   166   14   24 0.625000
   166   14   25 0.625000
   166   14   27 0.625000
   166   15   16 0.958333
   166   15   17 0.916667
   166   15   18 0.708333
   166   15   20 0.708333
   166   15   21 0.541667
   166   15   22 0.541667
   166   15   23 0.541667
   166   15   24 0.541667
   166   15   25 0.541667
   166   15   27 0.541667
   166   16   17 0.958333
   166   16   18 0.708333
   166   16   20 0.708333
   166   16   21 0.541667
   166   16   22 0.541667
   166   16   23 0.541667
   166   16   24 0.541667
   166   16   25 0.541667
   166   16   27 0.541667
   166   17   18 0.708333
   166   17   20 0.708333
   166   17   21 0.541667
   166   17   22 0.541667
   166   17   23 0.541667
   166   17   24 0.541667
   166   17   25 0.541667
   166   17   27 0.541667
   166   18   20 1.000000
   166   18   21 0.541667
   166   18   22 0.541667
   166   18   23 0.541667
   166   18   24 0.541667
   166   18   25 0.541667
   166   18   27 0.541667
   166   20   21 0.541667
   166   20   22 0.541667
   166   20   23 0.541667
   166   20   24 0.541667
   166   20   25 0.541667
   166   20   27 0.541667
   166   21   22 1.000000
   166   21   23 1.000000
   166   21   24 1.000000
   166   21   25 1.000000
   166   21   27 1.000000
   166   22   23 1.000000
   166   22   24 1.000000
   166   22   25 1.000000
   166   22   27 1.000000
   166   23   24 1.000000
   166   23   25 1.000000
   166   23   27 1.000000
   166   24   25 1.000000
   166   24   27 1.000000
   166   25   27 1.000000
   167    1    2 0.208333
   167    1    3 0.958333
   167    1    4 0.479167
   167    1    5 0.479167
   167    1    7 0.208333
   167    1    8 0.270833
   167    1    9 0.479167
   167    1   10 0.187500
   167    1   11 0.458333
   167    1   12 0.458333
   167    1   14 0.375000
   167    1   15 0.437500
   167    1   16 0.416667
   167    1   17 0.395833
   167    1   18 0.312500
   167    1   20 0.312500
   167    1   21 0.270833
   167    1   22 0.270833
   167    1   23 0.270833
   167    1   24 0.270833
   167    1   25 0.270833
   167    1   27 0.270833
   167    2    3 0.229167
   167    2    4 0.458333
   167    2    5 0.458333
   167    2    7 1.000000
   167    2    8 0.333333
   167    2    9 0.458333
   167    2   10 0.333333
   167    2   11 0.500000
   167    2   12 0.500000
   167    2   14 0.583333
   167    2   15 0.500000
   167    2   16 0.500000
   167    2   17 0.500000
   167    2   18 0.791667
   167    2   20 0.791667
   167    2   21 0.333333
   167    2   22 0.333333
   167    2   23 0.333333
   167    2   24 0.333333
   167    2   25 0.333333
   167    2   27 0.333333
   167    3    4 0.500000
   167    3    5 0.500000
   167    3    7 0.229167
   167    3    8 0.270833
   167    3    9 0.500000
   167    3   10 0.187500
   167    3   11 0.479167
   167    3   12 0.479167
   167    3   14 0.395833
   167    3   15 0.458333
   167    3   16 0.437500
   167    3   17 0.416667
   167    3   18 0.333333
   167    3   20 0.333333
   167    3   21 0.270833
   167    3   22 0.270833
   167    3   23 0.270833
   167    3   24 0.270833
   167    3   25 0.270833
   167    3   27 0.270833
   167    4    5 1.000000
   167    4    7 0.458333
   167    4    8 0.541667
   167    4    9 1.000000
   167    4   10 0.375000
   167    4   11 0.958333
   167    4   12 0.958333
   167    4   14 0.791667
   167    4   15 0.916667
   167    4   16 0.875000
   167    4   17 0.833333
   167    4   18 0.666667
   167    4   20 0.666667
   167    4   21 0.541667
   167    4   22 0.541667
   167    4   23 0.541667
   167    4   24 0.541667
   167    4   25 0.541667
   167    4   27 0.541667
   167    5    7 0.458333
   167    5    8 0.541667
   167    5    9 1.000000
   167    5   10 0.375000
   167    5   11 0.958333
   167    5   12 0.958333
   167    5   14 0.791667
   167    5   15 0.916667
   167    5   16 0.875000
   167    5   17 0.833333
   167    5   18 0.666667
   167    5   20 0.666667
   167    5   21 0.541667
   167    5   22 0.541667
   167    5   23 0.541667
   167    5   24 0.541667
   167    5   25 0.541667
   167    5   27 0.541667
   167    7    8 0.333333
   167    7    9 0.458333
   167    7   10 0.333333
   167    7   11 0.500000
   167    7   12 0.500000
   167    7   14 0.583333
   167    7   15 0.500000
   167    7   16 0.500000
   167    7   17 0.500000
   167    7   18 0.791667
   167    7   20 0.791667
   167    7   21 0.333333
   167    7   22 0.333333
   167    7   23 0.333333
   167    7   24 0.333333
   167    7   25 0.333333
   167    7   27 0.333333
   167    8    9 0.541667
   167    8   10 0.375000
   167    8   11 0.541667
   167    8   12 0.541667
   167    8   14 0.625000
   167    8   15 0.541667
   167    8   16 0.541667
   167    8   17 0.541667
   167    8   18 0.541667
   167    8   20 0.541667
   167    8   21 1.000000
   167    8   22 1.000000
   167    8   23 1.000000
   167    8   24 1.000000
   167    8   25 1.000000
   167    8   27 1.000000
   167    9   10 0.375000
   167    9   11 0.958333
   167    9   12 0.958333
   167    9   14 0.791667
   167    9   15 0.916667
   167    9   16 0.875000
   167    9   17 0.833333
   167    9   18 0.666667
   167    9   20 0.666667
   167    9   21 0.541667
   167    9   22 0.541667
   167    9   23 0.541667
   167    9   24 0.541667
   167    9   25 0.541667
   167    9   27 0.541667
   167   10   11 0.375000
   167   10   12 0.375000
   167   10   14 0.375000
   167   10   15 0.375000
   167   10   16 0.375000
   167   10   17 0.375000
   167   10   18 0.375000
   167   10   20 0.375000
   167   10   21 0.375000
   167   10   22 0.375000
   167   10   23 0.375000
   167   10   24 0.375000
   167   10   25 0.375000
   167   10   27 0.375000
   167   11   12 1.000000
   167   11   14 0.833333
   167   11   15 0.958333
   167   11   16 0.916667
   167   11   17 0.875000
   167   11   18 0.708333
   167   11   20 0.708333
   167   11   21 0.541667
   167   11   22 0.541667
   167   11   23 0.541667
   167   11   24 0.541667
   167   11   25 0.541667
   167   11   27 0.541667
   167   12   14 0.833333
   167   12   15 0.958333
   167   12   16 0.916667
   167   12   17 0.875000
   167   12   18 0.708333
   167   12   20 0.708333
   167   12   21 0.541667
   167   12   22 0.541667
   167   12   23 0.541667
   167   12   24 0.541667
   167   12   25 0.541667
   167   12   27 0.541667
   167   14   15 0.833333
   167   14   16 0.833333
   167   14   17 0.833333
   167   14   18 0.791667
   167   14   20 0.791667
   167   14   21 0.625000
   167   14   22 0.625000
   167   14   23 0.625000
   167   14   24 0.625000
   167   14   25 0.625000
   167   14   27 0.625000
   167   15   16 0.958333
   167   15   17 0.916667
   167   15   18 0.708333
   167   15   20 0.708333
   167   15   21 0.541667
   167   15   22 0.541667
   167   15   23 0.541667
   167   15   24 0.541667
   167   15   25 0.541667
   167   15   27 0.541667
   167   16   17 0.958333
   167   16   18 0.708333
   167   16   20 0.708333
   167   16   21 0.541667
   167   16   22 0.541667
   167   16   23 0.541667
   167   16   24 0.541667
   167   16   25 0.541667
   167   16   27 0.541667
   167   17   18 0.708333
   167   17   20 0.708333
   167   17   21 0.541667
   167   17   22 0.541667
   167   17   23 0.541667
   167   17   24 0.541667
   167   17   25 0.541667
   167   17   27 0.541667
   167   18   20 1.000000
   167   18   21 0.541667
   167   18   22 0.541667
   167   18   23 0.541667
   167   18   24 0.541667
   167   18   25 0.541667
   167   18   27 0.541667
   167   20   21 0.541667
   167   20   22 0.541667
   167   20   23 0.541667
   167   20   24 0.541667
   167   20   25 0.541667
   167   20   27 0.541667
   167   21   22 1.000000
   167   21   23 1.000000
   167   21   24 1.000000
   167   21   25 1.000000
   167   21   27 1.000000
   167   22   23 1.000000
   167   22   24 1.000000
   167   22   25 1.000000
   167   22   27 1.000000
   167   23   24 1.000000
   167   23   25 1.000000
   167   23   27 1.000000
   167   24   25 1.000000
   167   24   27 1.000000
   167   25   27 1.000000
   168    1    2 0.208333
   168    1    3 0.958333
   168    1    4 0.479167
   168    1    5 0.479167
   168    1    7 0.208333
   168    1    8 0.270833
   168    1    9 0.479167
   168    1   10 0.187500
   168    1   11 0.458333
   168    1   12 0.458333
   168    1   20 0.312500
   168    1   21 0.270833
   168    1   22 0.270833
   168    1   23 0.270833
   168    1   24 0.270833
   168    1   25 0.270833
   168    1   27 0.270833
   168    2    3 0.229167
   168    2    4 0.458333
   168    2    5 0.458333
   168    2    7 1.000000
   168    2    8 0.229167
   168    2    9 0.458333
   168    2   10 0.333333
   168    2   11 0.500000
   168    2   12 0.500000
   168    2   20 0.791667
   168    2   21 0.333333
   168    2   22 0.333333
   168    2   23 0.333333
   168    2   24 0.333333
   168    2   25 0.333333
   168    2   27 0.270833
   168    3    4 0.500000
   168    3    5 0.500000
   168    3    7 0.229167
   168    3    8 0.270833
   168    3    9 0.500000
   168    3   10 0.187500
   168    3   11 0.479167
   168    3   12 0.479167
   168    3   20 0.333333
   168    3   21 0.270833
   168    3   22 0.270833
   168    3   23 0.270833
   168    3   24 0.270833
   168    3   25 0.270833
   168    3   27 0.270833
   168    4    5 1.000000
   168    4    7 0.458333
   168    4    8 0.437500
   168    4    9 1.000000
   168    4   10 0.375000
   168    4   11 0.958333
   168    4   12 0.958333
   168    4   20 0.666667
   168    4   21 0.541667
   168    4   22 0.541667
   168    4   23 0.541667
   168    4   24 0.541667
   168    4   25 0.541667
   168    4   27 0.479167
   168    5    7 0.458333
   168    5    8 0.437500
   168    5    9 1.000000
   168    5   10 0.375000
   168    5   11 0.958333
   168    5   12 0.958333
   168    5   20 0.666667
   168    5   21 0.541667
   168    5   22 0.541667
   168    5   23 0.541667
   168    5   24 0.541667
   168    5   25 0.541667
   168    5   27 0.479167
   168    7    8 0.229167
   168    7    9 0.458333
   168    7   10 0.333333
   168    7   11 0.500000
   168    7   12 0.500000
   168    7   20 0.791667
   168    7   21 0.333333
   168    7   22 0.333333
   168    7   23 0.333333
   168    7   24 0.333333
   168    7   25 0.333333
   168    7   27 0.270833
   168    8    9 0.437500
   168    8   10 0.270833
   168    8   11 0.437500
   168    8   12 0.437500
   168    8   20 0.437500
   168    8   21 0.895833
   168    8   22 0.895833
   168    8   23 0.895833
   168    8   24 0.895833
   168    8   25 0.895833
   168    8   27 0.958333
   168    9   10 0.375000
   168    9   11 0.958333
   168    9   12 0.958333
   168    9   20 0.666667
   168    9   21 0.541667
   168    9   22 0.541667
   168    9   23 0.541667
   168    9   24 0.541667
   168    9   25 0.541667
   168    9   27 0.479167
   168   10   11 0.375000
   168   10   12 0.375000
   168   10   20 0.375000
   168   10   21 0.375000
   168   10   22 0.375000
   168   10   23 0.375000
   168   10   24 0.375000
   168   10   25 0.375000
   168   10   27 0.312500
   168   11   12 1.000000
   168   11   20 0.708333
   168   11   21 0.541667
   168   11   22 0.541667
   168   11   23 0.541667
   168   11   24 0.541667
   168   11   25 0.541667
   168   11   27 0.479167
   168   12   20 0.708333
   168   12   21 0.541667
   168   12   22 0.541667
   168   12   23 0.541667
   168   12   24 0.541667
   168   12   25 0.541667
   168   12   27 0.479167
   168   20   21 0.541667
   168   20   22 0.541667
   168   20   23 0.541667
   168   20   24 0.541667
   168   20   25 0.541667
   168   20   27 0.479167
   168   21   22 1.000000
   168   21   23 1.000000
   168   21   24 1.000000
   168   21   25 1.000000
   168   21   27 0.937500
   168   22   23 1.000000
   168   22   24 1.000000
   168   22   25 1.000000
   168   22   27 0.937500
   168   23   24 1.000000
   168   23   25 1.000000
   168   23   27 0.937500
   168   24   25 1.000000
   168   24   27 0.937500
   168   25   27 0.937500
   169    1    2 0.208333
   169    1    3 0.958333
   169    1    4 0.479167
   169    1    5 0.479167
   169    1    7 0.208333
   169    1    8 0.104167
   169    1    9 0.479167
   169    1   10 0.187500
   169    1   11 0.458333
   169    1   12 0.458333
   169    1   20 0.312500
   169    1   21 0.270833
   169    1   22 0.270833
   169    1   23 0.270833
   169    1   24 0.270833
   169    1   25 0.270833
   169    2    3 0.229167
   169    2    4 0.458333
   169    2    5 0.458333
   169    2    7 1.000000
   169    2    8 0.104167
   169    2    9 0.458333
   169    2   10 0.333333
   169    2   11 0.500000
   169    2   12 0.500000
   169    2   20 0.791667
   169    2   21 0.333333
   169    2   22 0.333333
   169    2   23 0.333333
   169    2   24 0.333333
   169    2   25 0.333333
   169    3    4 0.500000
   169    3    5 0.500000
   169    3    7 0.229167
   169    3    8 0.104167
   169    3    9 0.500000
   169    3   10 0.187500
   169    3   11 0.479167
   169    3   12 0.479167
   169    3   20 0.333333
   169    3   21 0.270833
   169    3   22 0.270833
   169    3   23 0.270833
   169    3   24 0.270833
   169    3   25 0.270833
   169    4    5 1.000000
   169    4    7 0.458333
   169    4    8 0.104167
   169    4    9 1.000000
   169    4   10 0.375000
   169    4   11 0.958333
   169    4   12 0.958333
   169    4   20 0.666667
   169    4   21 0.541667
   169    4   22 0.541667
   169    4   23 0.541667
   169    4   24 0.541667
   169    4   25 0.541667
   169    5    7 0.458333
   169    5    8 0.104167
   169    5    9 1.000000
   169    5   10 0.375000
   169    5   11 0.958333
   169    5   12 0.958333
   169    5   20 0.666667
   169    5   21 0.541667
   169    5   22 0.541667
   169    5   23 0.541667
   169    5   24 0.541667
   169    5   25 0.541667
   169    7    8 0.104167
   169    7    9 0.458333
   169    7   10 0.333333
   169    7   11 0.500000
   169    7   12 0.500000
   169    7   20 0.791667
   169    7   21 0.333333
   169    7   22 0.333333
   169    7   23 0.333333
   169    7   24 0.333333
   169    7   25 0.333333
   169    8    9 0.104167
   169    8   10 0.104167
   169    8   11 0.104167
   169    8   12 0.104167
   169    8   20 0.104167
   169    8   21 0.104167
   169    8   22 0.104167
   169    8   23 0.104167
   169    8   24 0.104167
   169    8   25 0.104167
   169    9   10 0.375000
   169    9   11 0.958333
   169    9   12 0.958333
   169    9   20 0.666667
   169    9   21 0.541667
   169    9   22 0.541667
   169    9   23 0.541667
   169    9   24 0.541667
   169    9   25 0.541667
   169   10   11 0.375000
   169   10   12 0.375000
   169   10   20 0.375000
   169   10   21 0.375000
   169   10   22 0.375000
   169   10   23 0.375000
   169   10   24 0.375000
   169   10   25 0.375000
   169   11   12 1.000000
   169   11   20 0.708333
   169   11   21 0.541667
   169   11   22 0.541667
   169   11   23 0.541667
   169   11   24 0.541667
   169   11   25 0.541667
   169   12   20 0.708333
   169   12   21 0.541667
   169   12   22 0.541667
   169   12   23 0.541667
   169   12   24 0.541667
   169   12   25 0.541667
   169   20   21 0.541667
   169   20   22 0.541667
   169   20   23 0.541667
   169   20   24 0.541667
   169   20   25 0.541667
   169   21   22 1.000000
   169   21   23 1.000000
   169   21   24 1.000000
   169   21   25 1.000000
   169   22   23 1.000000
   169   22   24 1.000000
   169   22   25 1.000000
   169   23   24 1.000000
   169   23   25 1.000000
   169   24   25 1.000000
   170    1    2 0.416667
   170    1    3 0.958333
   170    1    4 0.958333
   170    1    5 0.958333
   170    1    6 0.583333
   170    1    7 0.416667
   170    1    8 0.104167
   170    1    9 0.958333
   170    1   10 0.375000
   170    1   11 0.916667
   170    1   12 0.916667
   170    1   15 0.916667
   170    1   16 0.916667
   170    1   17 0.916667
   170    1   18 0.625000
   170    1   19 0.708333
   170    1   20 0.625000
   170    1   21 0.541667
   170    1   22 0.541667
   170    1   23 0.541667
   170    1   24 0.541667
   170    1   25 0.541667
   170    2    3 0.458333
   170    2    4 0.458333
   170    2    5 0.458333
   170    2    6 0.791667
   170    2    7 1.000000
   170    2    8 0.104167
   170    2    9 0.458333
   170    2   10 0.333333
   170    2   11 0.500000
   170    2   12 0.500000
   170    2   15 0.500000
   170    2   16 0.500000
   170    2   17 0.500000
   170    2   18 0.791667
   170    2   19 0.500000
   170    2   20 0.791667
   170    2   21 0.333333
   170    2   22 0.333333
   170    2   23 0.333333
   170    2   24 0.333333
   170    2   25 0.333333
   170    3    4 1.000000
   170    3    5 1.000000
   170    3    6 0.625000
   170    3    7 0.458333
   170    3    8 0.104167
   170    3    9 1.000000
   170    3   10 0.375000
   170    3   11 0.958333
   170    3   12 0.958333
   170    3   15 0.958333
   170    3   16 0.958333
   170    3   17 0.958333
   170    3   18 0.666667
   170    3   19 0.750000
   170    3   20 0.666667
   170    3   21 0.541667
   170    3   22 0.541667
   170    3   23 0.541667
   170    3   24 0.541667
   170    3   25 0.541667
   170    4    5 1.000000
   170    4    6 0.625000
   170    4    7 0.458333
   170    4    8 0.104167
   170    4    9 1.000000
   170    4   10 0.375000
   170    4   11 0.958333
   170    4   12 0.958333
   170    4   15 0.958333
   170    4   16 0.958333
   170    4   17 0.958333
   170    4   18 0.666667
   170    4   19 0.750000
   170    4   20 0.666667
   170    4   21 0.541667
   170    4   22 0.541667
   170    4   23 0.541667
   170    4   24 0.541667
   170    4   25 0.541667
   170    5    6 0.625000
   170    5    7 0.458333
   170    5    8 0.104167
   170    5    9 1.000000
   170    5   10 0.375000
   170    5   11 0.958333
   170    5   12 0.958333
   170    5   15 0.958333
   170    5   16 0.958333
   170    5   17 0.958333
   170    5   18 0.666667
   170    5   19 0.750000
   170    5   20 0.666667
   170    5   21 0.541667
   170    5   22 0.541667
   170    5   23 0.541667
   170    5   24 0.541667
   170    5   25 0.541667
   170    6    7 0.791667
   170    6    8 0.145833
   170    6    9 0.625000
   170    6   10 0.375000
   170    6   11 0.666667
   170    6   12 0.666667
   170    6   15 0.666667
   170    6   16 0.666667
   170    6   17 0.666667
   170    6   18 0.958333
   170    6   19 0.666667
   170    6   20 0.958333
   170    6   21 0.500000
   170    6   22 0.500000
   170    6   23 0.500000
   170    6   24 0.500000
   170    6   25 0.500000
   170    7    8 0.104167
   170    7    9 0.458333
   170    7   10 0.333333
   170    7   11 0.500000
   170    7   12 0.500000
   170    7   15 0.500000
   170    7   16 0.500000
   170    7   17 0.500000
   170    7   18 0.791667
   170    7   19 0.500000
   170    7   20 0.791667
   170    7   21 0.333333
   170    7   22 0.333333
   170    7   23 0.333333
   170    7   24 0.333333
   170    7   25 0.333333
   170    8    9 0.104167
   170    8   10 0.104167
   170    8   11 0.104167
   170    8   12 0.104167
   170    8   15 0.104167
   170    8   16 0.104167
   170    8   17 0.104167
   170    8   18 0.104167
   170    8   19 0.104167
   170    8   20 0.104167
   170    8   21 0.104167
   170    8   22 0.104167
   170    8   23 0.104167
   170    8   24 0.104167
   170    8   25 0.104167
   170    9   10 0.375000
   170    9   11 0.958333
   170    9   12 0.958333
   170    9   15 0.958333
   170    9   16 0.958333
   170    9   17 0.958333
   170    9   18 0.666667
   170    9   19 0.750000
   170    9   20 0.666667
   170    9   21 0.541667
   170    9   22 0.541667
   170    9   23 0.541667
   170    9   24 0.541667
   170    9   25 0.541667
   170   10   11 0.375000
   170   10   12 0.375000
   170   10   15 0.375000
   170   10   16 0.375000
   170   10   17 0.375000
   170   10   18 0.375000
   170   10   19 0.375000
   170   10   20 0.375000
   170   10   21 0.375000
   170   10   22 0.375000
   170   10   23 0.375000
   170   10   24 0.375000
   170   10   25 0.375000
   170   11   12 1.000000
   170   11   15 1.000000
   170   11   16 1.000000
   170   11   17 1.000000
   170   11   18 0.708333
   170   11   19 0.791667
   170   11   20 0.708333
   170   11   21 0.541667
   170   11   22 0.541667
   170   11   23 0.541667
   170   11   24 0.541667
   170   11   25 0.541667
   170   12   15 1.000000
   170   12   16 1.000000
   170   12   17 1.000000
   170   12   18 0.708333
   170   12   19 0.791667
   170   12   20 0.708333
   170   12   21 0.541667
   170   12   22 0.541667
   170   12   23 0.541667
   170   12   24 0.541667
   170   12   25 0.541667
   170   15   16 1.000000
   170   15   17 1.000000
   170   15   18 0.708333
   170   15   19 0.791667
   170   15   20 0.708333
   170   15   21 0.541667
   170   15   22 0.541667
   170   15   23 0.541667
   170   15   24 0.541667
   170   15   25 0.541667
   170   16   17 1.000000
   170   16   18 0.708333
   170   16   19 0.791667
   170   16   20 0.708333
   170   16   21 0.541667
   170   16   22 0.541667
   170   16   23 0.541667
   170   16   24 0.541667
   170   16   25 0.541667
   170   17   18 0.708333
   170   17   19 0.791667
   170   17   20 0.708333
   170   17   21 0.541667
   170   17   22 0.541667
   170   17   23 0.541667
   170   17   24 0.541667
   170   17   25 0.541667
   170   18   19 0.708333
   170   18   20 1.000000
   170   18   21 0.541667
   170   18   22 0.541667
   170   18   23 0.541667
   170   18   24 0.541667
   170   18   25 0.541667
   170   19   20 0.708333
   170   19   21 0.541667
   170   19   22 0.541667
   170   19   23 0.541667
   170   19   24 0.541667
   170   19   25 0.541667
   170   20   21 0.541667
   170   20   22 0.541667
   170   20   23 0.541667
   170   20   24 0.541667
   170   20   25 0.541667
   170   21   22 1.000000
   170   21   23 1.000000
   170   21   24 1.000000
   170   21   25 1.000000
   170   22   23 1.000000
   170   22   24 1.000000
   170   22   25 1.000000
   170   23   24 1.000000
   170   23   25 1.000000
   170   24   25 1.000000
   171    1    2 0.416667
   171    1    3 0.958333
   171    1    4 0.958333
   171    1    5 0.958333
   171    1    6 0.583333
   171    1    7 0.416667
   171    1    9 0.958333
   171    1   10 0.375000
   171    1   11 0.916667
   171    1   12 0.916667
   171    1   14 0.750000
   171    1   15 0.916667
   171    1   16 0.916667
   171    1   17 0.916667
   171    1   18 0.625000
   171    1   19 0.708333
   171    1   20 0.625000
   171    1   21 0.916667
   171    1   22 0.916667
   171    1   23 0.916667
   171    1   24 0.916667
   171    1   25 0.166667
   171    1   27 0.854167
   171    2    3 0.458333
   171    2    4 0.458333
   171    2    5 0.458333
   171    2    6 0.791667
   171    2    7 1.000000
   171    2    9 0.458333
   171    2   10 0.333333
   171    2   11 0.500000
   171    2   12 0.500000
   171    2   14 0.500000
   171    2   15 0.500000
   171    2   16 0.500000
   171    2   17 0.500000
   171    2   18 0.791667
   171    2   19 0.500000
   171    2   20 0.791667
   171    2   21 0.333333
   171    2   22 0.333333
   171    2   23 0.333333
   171    2   24 0.333333
   171    2   25 0.166667
   171    2   27 0.270833
   171    3    4 1.000000
   171    3    5 1.000000
   171    3    6 0.625000
   171    3    7 0.458333
   171    3    9 1.000000
   171    3   10 0.375000
   171    3   11 0.958333
   171    3   12 0.958333
   171    3   14 0.791667
   171    3   15 0.958333
   171    3   16 0.958333
   171    3   17 0.958333
   171    3   18 0.666667
   171    3   19 0.750000
   171    3   20 0.666667
   171    3   21 0.875000
   171    3   22 0.875000
   171    3   23 0.875000
   171    3   24 0.875000
   171    3   25 0.166667
   171    3   27 0.812500
   171    4    5 1.000000
   171    4    6 0.625000
   171    4    7 0.458333
   171    4    9 1.000000
   171    4   10 0.375000
   171    4   11 0.958333
   171    4   12 0.958333
   171    4   14 0.791667
   171    4   15 0.958333
   171    4   16 0.958333
   171    4   17 0.958333
   171    4   18 0.666667
   171    4   19 0.750000
   171    4   20 0.666667
   171    4   21 0.875000
   171    4   22 0.875000
   171    4   23 0.875000
   171    4   24 0.875000
   171    4   25 0.166667
   171    4   27 0.812500
   171    5    6 0.625000
   171    5    7 0.458333
   171    5    9 1.000000
   171    5   10 0.375000
   171    5   11 0.958333
   171    5   12 0.958333
   171    5   14 0.791667
   171    5   15 0.958333
   171    5   16 0.958333
   171    5   17 0.958333
   171    5   18 0.666667
   171    5   19 0.750000
   171    5   20 0.666667
   171    5   21 0.875000
   171    5   22 0.875000
   171    5   23 0.875000
   171    5   24 0.875000
   171    5   25 0.166667
   171    5   27 0.812500
   171    6    7 0.791667
   171    6    9 0.625000
   171    6   10 0.375000
   171    6   11 0.666667
   171    6   12 0.666667
   171    6   14 0.666667
   171    6   15 0.666667
   171    6   16 0.666667
   171    6   17 0.666667
   171    6   18 0.958333
   171    6   19 0.666667
   171    6   20 0.958333
   171    6   21 0.500000
   171    6   22 0.500000
   171    6   23 0.500000
   171    6   24 0.500000
   171    6   25 0.166667
   171    6   27 0.437500
   171    7    9 0.458333
   171    7   10 0.333333
   171    7   11 0.500000
   171    7   12 0.500000
   171    7   14 0.500000
   171    7   15 0.500000
   171    7   16 0.500000
   171    7   17 0.500000
   171    7   18 0.791667
   171    7   19 0.500000
   171    7   20 0.791667
   171    7   21 0.333333
   171    7   22 0.333333
   171    7   23 0.333333
   171    7   24 0.333333
   171    7   25 0.166667
   171    7   27 0.270833
   171    9   10 0.375000
   171    9   11 0.958333
   171    9   12 0.958333
   171    9   14 0.791667
   171    9   15 0.958333
   171    9   16 0.958333
   171    9   17 0.958333
   171    9   18 0.666667
   171    9   19 0.750000
   171    9   20 0.666667
   171    9   21 0.875000
   171    9   22 0.875000
   171    9   23 0.875000
   171    9   24 0.875000
   171    9   25 0.166667
   171    9   27 0.812500
   171   10   11 0.375000
   171   10   12 0.375000
   171   10   14 0.375000
   171   10   15 0.375000
   171   10   16 0.375000
   171   10   17 0.375000
   171   10   18 0.375000
   171   10   19 0.375000
   171   10   20 0.375000
   171   10   21 0.375000
   171   10   22 0.375000
   171   10   23 0.375000
   171   10   24 0.375000
   171   10   25 0.166667
   171   10   27 0.312500
   171   11   12 1.000000
   171   11   14 0.833333
   171   11   15 1.000000
   171   11   16 1.000000
   171   11   17 1.000000
   171   11   18 0.708333
   171   11   19 0.791667
   171   11   20 0.708333
   171   11   21 0.833333
   171   11   22 0.833333
   171   11   23 0.833333
   171   11   24 0.833333
   171   11   25 0.166667
   171   11   27 0.770833
   171   12   14 0.833333
   171   12   15 1.000000
   171   12   16 1.000000
   171   12   17 1.000000
   171   12   18 0.708333
   171   12   19 0.791667
   171   12   20 0.708333
   171   12   21 0.833333
   171   12   22 0.833333
   171   12   23 0.833333
   171   12   24 0.833333
   171   12   25 0.166667
   171   12   27 0.770833
   171   14   15 0.833333
   171   14   16 0.833333
   171   14   17 0.833333
   171   14   18 0.708333
   171   14   19 0.875000
   171   14   20 0.708333
   171   14   21 0.666667
   171   14   22 0.666667
   171   14   23 0.666667
   171   14   24 0.666667
   171   14   25 0.166667
   171   14   27 0.604167
   171   15   16 1.000000
   171   15   17 1.000000
   171   15   18 0.708333
   171   15   19 0.791667
   171   15   20 0.708333
   171   15   21 0.833333
   171   15   22 0.833333
   171   15   23 0.833333
   171   15   24 0.833333
   171   15   25 0.166667
   171   15   27 0.770833
   171   16   17 1.000000
   171   16   18 0.708333
   171   16   19 0.791667
   171   16   20 0.708333
   171   16   21 0.833333
   171   16   22 0.833333
   171   16   23 0.833333
   171   16   24 0.833333
   171   16   25 0.166667
   171   16   27 0.770833
   171   17   18 0.708333
   171   17   19 0.791667
   171   17   20 0.708333
   171   17   21 0.833333
   171   17   22 0.833333
   171   17   23 0.833333
   171   17   24 0.833333
   171   17   25 0.166667
   171   17   27 0.770833
   171   18   19 0.708333
   171   18   20 1.000000
   171   18   21 0.541667
   171   18   22 0.541667
   171   18   23 0.541667
   171   18   24 0.541667
   171   18   25 0.166667
   171   18   27 0.479167
   171   19   20 0.708333
   171   19   21 0.625000
   171   19   22 0.625000
   171   19   23 0.625000
   171   19   24 0.625000
   171   19   25 0.166667
   171   19   27 0.562500
   171   20   21 0.541667
   171   20   22 0.541667
   171   20   23 0.541667
   171   20   24 0.541667
   171   20   25 0.166667
   171   20   27 0.479167
   171   21   22 1.000000
   171   21   23 1.000000
   171   21   24 1.000000
   171   21   25 0.166667
   171   21   27 0.937500
   171   22   23 1.000000
   171   22   24 1.000000
   171   22   25 0.166667
   171   22   27 0.937500
   171   23   24 1.000000
   171   23   25 0.166667
   171   23   27 0.937500
   171   24   25 0.166667
   171   24   27 0.937500
   171   25   27 0.104167
   172   14   19 0.875000
   172   14   25 0.000000
   172   19   25 0.000000
   173   14   19 0.875000
   174   14   19 0.875000
   175   14   19 0.875000
   176    1    2 0.416667
   176    1    3 0.958333
   176    1    4 0.958333
   176    1    5 0.958333
   176    1    6 0.583333
   176    1    7 0.416667
   176    1    9 0.958333
   176    1   10 0.416667
   176    1   11 0.833333
   176    1   12 0.833333
   176    1   13 0.250000
   176    1   14 0.750000
   176    1   15 0.833333
   176    1   16 0.833333
   176    1   17 0.833333
   176    1   18 0.625000
   176    1   19 0.833333
   176    1   20 0.625000
   176    1   21 0.916667
   176    1   22 0.916667
   176    1   23 0.916667
   176    1   24 0.916667
   176    1   25 0.750000
   176    1   27 0.854167
   176    2    3 0.458333
   176    2    4 0.458333
   176    2    5 0.458333
   176    2    6 0.791667
   176    2    7 1.000000
   176    2    9 0.458333
   176    2   10 0.333333
   176    2   11 0.333333
   176    2   12 0.333333
   176    2   13 0.250000
   176    2   14 0.333333
   176    2   15 0.333333
   176    2   16 0.333333
   176    2   17 0.333333
   176    2   18 0.791667
   176    2   19 0.333333
   176    2   20 0.791667
   176    2   21 0.333333
   176    2   22 0.333333
   176    2   23 0.333333
   176    2   24 0.333333
   176    2   25 0.166667
   176    2   27 0.270833
   176    3    4 1.000000
   176    3    5 1.000000
   176    3    6 0.625000
   176    3    7 0.458333
   176    3    9 1.000000
   176    3   10 0.416667
   176    3   11 0.833333
   176    3   12 0.833333
   176    3   13 0.250000
   176    3   14 0.750000
   176    3   15 0.833333
   176    3   16 0.833333
   176    3   17 0.833333
   176    3   18 0.666667
   176    3   19 0.833333
   176    3   20 0.666667
   176    3   21 0.875000
   176    3   22 0.875000
   176    3   23 0.875000
   176    3   24 0.875000
   176    3   25 0.708333
   176    3   27 0.812500
   176    4    5 1.000000
   176    4    6 0.625000
   176    4    7 0.458333
   176    4    9 1.000000
   176    4   10 0.416667
   176    4   11 0.833333
   176    4   12 0.833333
   176    4   13 0.250000
   176    4   14 0.750000
   176    4   15 0.833333
   176    4   16 0.833333
   176    4   17 0.833333
   176    4   18 0.666667
   176    4   19 0.833333
   176    4   20 0.666667
   176    4   21 0.875000
   176    4   22 0.875000
   176    4   23 0.875000
   176    4   24 0.875000
   176    4   25 0.708333
   176    4   27 0.812500
   176    5    6 0.625000
   176    5    7 0.458333
   176    5    9 1.000000
   176    5   10 0.416667
   176    5   11 0.833333
   176    5   12 0.833333
   176    5   13 0.250000
   176    5   14 0.750000
   176    5   15 0.833333
   176    5   16 0.833333
   176    5   17 0.833333
   176    5   18 0.666667
   176    5   19 0.833333
   176    5   20 0.666667
   176    5   21 0.875000
   176    5   22 0.875000
   176    5   23 0.875000
   176    5   24 0.875000
   176    5   25 0.708333
   176    5   27 0.812500
   176    6    7 0.791667
   176    6    9 0.625000
   176    6   10 0.416667
   176    6   11 0.500000
   176    6   12 0.500000
   176    6   13 0.250000
   176    6   14 0.500000
   176    6   15 0.500000
   176    6   16 0.500000
   176    6   17 0.500000
   176    6   18 0.958333
   176    6   19 0.500000
   176    6   20 0.958333
   176    6   21 0.500000
   176    6   22 0.500000
   176    6   23 0.500000
   176    6   24 0.500000
   176    6   25 0.333333
   176    6   27 0.437500
   176    7    9 0.458333
   176    7   10 0.333333
   176    7   11 0.333333
   176    7   12 0.333333
   176    7   13 0.250000
   176    7   14 0.333333
   176    7   15 0.333333
   176    7   16 0.333333
   176    7   17 0.333333
   176    7   18 0.791667
   176    7   19 0.333333
   176    7   20 0.791667
   176    7   21 0.333333
   176    7   22 0.333333
   176    7   23 0.333333
   176    7   24 0.333333
   176    7   25 0.166667
   176    7   27 0.270833
   176    9   10 0.416667
   176    9   11 0.833333
   176    9   12 0.833333
   176    9   13 0.250000
   176    9   14 0.750000
   176    9   15 0.833333
   176    9   16 0.833333
   176    9   17 0.833333
   176    9   18 0.666667
   176    9   19 0.833333
   176    9   20 0.666667
   176    9   21 0.875000
   176    9   22 0.875000
   176    9   23 0.875000
   176    9   24 0.875000
   176    9   25 0.708333
   176    9   27 0.812500
   176   10   11 0.416667
   176   10   12 0.416667
   176   10   13 0.250000
   176   10   14 0.416667
   176   10   15 0.416667
   176   10   16 0.416667
   176   10   17 0.416667
   176   10   18 0.416667
   176   10   19 0.416667
   176   10   20 0.416667
   176   10   21 0.416667
   176   10   22 0.416667
   176   10   23 0.416667
   176   10   24 0.416667
   176   10   25 0.250000
   176   10   27 0.354167
   176   11   12 1.000000
   176   11   13 0.250000
   176   11   14 0.916667
   176   11   15 1.000000
   176   11   16 1.000000
   176   11   17 1.000000
   176   11   18 0.541667
   176   11   19 1.000000
   176   11   20 0.541667
   176   11   21 0.833333
   176   11   22 0.833333
   176   11   23 0.833333
   176   11   24 0.833333
   176   11   25 0.666667
   176   11   27 0.770833
   176   12   13 0.250000
   176   12   14 0.916667
   176   12   15 1.000000
   176   12   16 1.000000
   176   12   17 1.000000
   176   12   18 0.541667
   176   12   19 1.000000
   176   12   20 0.541667
   176   12   21 0.833333
   176   12   22 0.833333
   176   12   23 0.833333
   176   12   24 0.833333
   176   12   25 0.666667
   176   12   27 0.770833
   176   13   14 0.250000
   176   13   15 0.250000
   176   13   16 0.250000
   176   13   17 0.250000
   176   13   18 0.250000
   176   13   19 0.250000
   176   13   20 0.250000
   176   13   21 0.250000
   176   13   22 0.250000
   176   13   23 0.250000
   176   13   24 0.250000
   176   13   25 0.083333
   176   13   27 0.187500
   176   14   15 0.916667
   176   14   16 0.916667
   176   14   17 0.916667
   176   14   18 0.541667
   176   14   19 0.916667
   176   14   20 0.541667
   176   14   21 0.750000
   176   14   22 0.750000
   176   14   23 0.750000
   176   14   24 0.750000
   176   14   25 0.583333
   176   14   27 0.687500
   176   15   16 1.000000
   176   15   17 1.000000
   176   15   18 0.541667
   176   15   19 1.000000
   176   15   20 0.541667
   176   15   21 0.833333
   176   15   22 0.833333
   176   15   23 0.833333
   176   15   24 0.833333
   176   15   25 0.666667
   176   15   27 0.770833
   176   16   17 1.000000
   176   16   18 0.541667
   176   16   19 1.000000
   176   16   20 0.541667
   176   16   21 0.833333
   176   16   22 0.833333
   176   16   23 0.833333
   176   16   24 0.833333
   176   16   25 0.666667
   176   16   27 0.770833
   176   17   18 0.541667
   176   17   19 1.000000
   176   17   20 0.541667
   176   17   21 0.833333
   176   17   22 0.833333
   176   17   23 0.833333
   176   17   24 0.833333
   176   17   25 0.666667
   176   17   27 0.770833
   176   18   19 0.541667
   176   18   20 1.000000
   176   18   21 0.541667
   176   18   22 0.541667
   176   18   23 0.541667
   176   18   24 0.541667
   176   18   25 0.375000
   176   18   27 0.479167
   176   19   20 0.541667
   176   19   21 0.833333
   176   19   22 0.833333
   176   19   23 0.833333
   176   19   24 0.833333
   176   19   25 0.666667
   176   19   27 0.770833
   176   20   21 0.541667
   176   20   22 0.541667
   176   20   23 0.541667
   176   20   24 0.541667
   176   20   25 0.375000
   176   20   27 0.479167
   176   21   22 1.000000
   176   21   23 1.000000
   176   21   24 1.000000
   176   21   25 0.833333
   176   21   27 0.937500
   176   22   23 1.000000
   176   22   24 1.000000
   176   22   25 0.833333
   176   22   27 0.937500
   176   23   24 1.000000
   176   23   25 0.833333
   176   23   27 0.937500
   176   24   25 0.833333
   176   24   27 0.937500
   176   25   27 0.833333
   177    2    6 0.791667
   177    2   13 0.250000
   177    6   13 0.250000
   178    2    6 0.791667
   178    2   13 0.250000
   178    6   13 0.250000
   179    2    6 0.791667
   179    2   13 0.250000
   179    6   13 0.250000
   180    2    6 0.791667
   180    2   13 0.250000
   180    6   13 0.250000
   181    2    6 0.791667
   181    2   13 0.250000
   181    6   13 0.250000
   182    2    6 0.791667
   182    2   13 0.250000
   182    6   13 0.250000
   183    1    2 0.916667
   183    1    3 0.958333
   183    1    4 0.958333
   183    1    5 0.958333
   183    1    6 0.875000
   183    1    7 0.916667
   183    1    8 0.916667
   183    1    9 0.958333
   183    1   10 0.416667
   183    1   11 0.833333
   183    1   12 0.833333
   183    1   13 0.250000
   183    1   14 0.750000
   183    1   15 0.833333
   183    1   16 0.833333
   183    1   17 0.833333
   183    1   18 0.916667
   183    1   19 0.833333
   183    1   20 0.916667
   183    1   21 0.916667
   183    1   22 0.916667
   183    1   23 0.916667
   183    1   24 0.916667
   183    1   25 0.916667
   183    1   27 0.916667
   183    2    3 0.875000
   183    2    4 0.875000
   183    2    5 0.875000
   183    2    6 0.958333
   183    2    7 1.000000
   183    2    8 1.000000
   183    2    9 0.875000
   183    2   10 0.416667
   183    2   11 0.833333
   183    2   12 0.833333
   183    2   13 0.250000
   183    2   14 0.750000
   183    2   15 0.833333
   183    2   16 0.833333
   183    2   17 0.833333
   183    2   18 1.000000
   183    2   19 0.833333
   183    2   20 1.000000
   183    2   21 1.000000
   183    2   22 1.000000
   183    2   23 1.000000
   183    2   24 1.000000
   183    2   25 1.000000
   183    2   27 1.000000
   183    3    4 1.000000
   183    3    5 1.000000
   183    3    6 0.833333
   183    3    7 0.875000
   183    3    8 0.875000
   183    3    9 1.000000
   183    3   10 0.416667
   183    3   11 0.833333
   183    3   12 0.833333
   183    3   13 0.250000
   183    3   14 0.750000
   183    3   15 0.833333
   183    3   16 0.833333
   183    3   17 0.833333
   183    3   18 0.875000
   183    3   19 0.833333
   183    3   20 0.875000
   183    3   21 0.875000
   183    3   22 0.875000
   183    3   23 0.875000
   183    3   24 0.875000
   183    3   25 0.875000
   183    3   27 0.875000
   183    4    5 1.000000
   183    4    6 0.833333
   183    4    7 0.875000
   183    4    8 0.875000
   183    4    9 1.000000
   183    4   10 0.416667
   183    4   11 0.833333
   183    4   12 0.833333
   183    4   13 0.250000
   183    4   14 0.750000
   183    4   15 0.833333
   183    4   16 0.833333
   183    4   17 0.833333
   183    4   18 0.875000
   183    4   19 0.833333
   183    4   20 0.875000
   183    4   21 0.875000
   183    4   22 0.875000
   183    4   23 0.875000
   183    4   24 0.875000
   183    4   25 0.875000
   183    4   27 0.875000
   183    5    6 0.833333
   183    5    7 0.875000
   183    5    8 0.875000
   183    5    9 1.000000
   183    5   10 0.416667
   183    5   11 0.833333
   183    5   12 0.833333
   183    5   13 0.250000
   183    5   14 0.750000
   183    5   15 0.833333
   183    5   16 0.833333
   183    5   17 0.833333
   183    5   18 0.875000
   183    5   19 0.833333
   183    5   20 0.875000
   183    5   21 0.875000
   183    5   22 0.875000
   183    5   23 0.875000
   183    5   24 0.875000
   183    5   25 0.875000
   183    5   27 0.875000
   183    6    7 0.958333
   183    6    8 0.958333
   183    6    9 0.833333
   183    6   10 0.458333
   183    6   11 0.791667
   183    6   12 0.791667
   183    6   13 0.250000
   183    6   14 0.708333
   183    6   15 0.791667
   183    6   16 0.791667
   183    6   17 0.791667
   183    6   18 0.958333
   183    6   19 0.791667
   183    6   20 0.958333
   183    6   21 0.958333
   183    6   22 0.958333
   183    6   23 0.958333
   183    6   24 0.958333
   183    6   25 0.958333
   183    6   27 0.958333
   183    7    8 1.000000
   183    7    9 0.875000
   183    7   10 0.416667
   183    7   11 0.833333
   183    7   12 0.833333
   183    7   13 0.250000
   183    7   14 0.750000
   183    7   15 0.833333
   183    7   16 0.833333
   183    7   17 0.833333
   183    7   18 1.000000
   183    7   19 0.833333
   183    7   20 1.000000
   183    7   21 1.000000
   183    7   22 1.000000
   183    7   23 1.000000
   183    7   24 1.000000
   183    7   25 1.000000
   183    7   27 1.000000
   183    8    9 0.875000
   183    8   10 0.416667
   183    8   11 0.833333
   183    8   12 0.833333
   183    8   13 0.250000
   183    8   14 0.750000
   183    8   15 0.833333
   183    8   16 0.833333
   183    8   17 0.833333
   183    8   18 1.000000
   183    8   19 0.833333
   183    8   20 1.000000
   183    8   21 1.000000
   183    8   22 1.000000
   183    8   23 1.000000
   183    8   24 1.000000
   183    8   25 1.000000
   183    8   27 1.000000
   183    9   10 0.416667
   183    9   11 0.833333
   183    9   12 0.833333
   183    9   13 0.250000
   183    9   14 0.750000
   183    9   15 0.833333
   183    9   16 0.833333
   183    9   17 0.833333
   183    9   18 0.875000
   183    9   19 0.833333
   183    9   20 0.875000
   183    9   21 0.875000
   183    9   22 0.875000
   183    9   23 0.875000
   183    9   24 0.875000
   183    9   25 0.875000
   183    9   27 0.875000
   183   10   11 0.416667
   183   10   12 0.416667
   183   10   13 0.250000
   183   10   14 0.416667
   183   10   15 0.416667
   183   10   16 0.416667
   183   10   17 0.416667
   183   10   18 0.416667
   183   10   19 0.416667
   183   10   20 0.416667
   183   10   21 0.416667
   183   10   22 0.416667
   183   10   23 0.416667
   183   10   24 0.416667
   183   10   25 0.416667
   183   10   27 0.416667
   183   11   12 1.000000
   183   11   13 0.250000
   183   11   14 0.916667
   183   11   15 1.000000
   183   11   16 1.000000
   183   11   17 1.000000
   183   11   18 0.833333
   183   11   19 1.000000
   183   11   20 0.833333
   183   11   21 0.833333
   183   11   22 0.833333
   183   11   23 0.833333
   183   11   24 0.833333
   183   11   25 0.833333
   183   11   27 0.833333
   183   12   13 0.250000
   183   12   14 0.916667
   183   12   15 1.000000
   183   12   16 1.000000
   183   12   17 1.000000
   183   12   18 0.833333
   183   12   19 1.000000
   183   12   20 0.833333
   183   12   21 0.833333
   183   12   22 0.833333
   183   12   23 0.833333
   183   12   24 0.833333
   183   12   25 0.833333
   183   12   27 0.833333
   183   13   14 0.250000
   183   13   15 0.250000
   183   13   16 0.250000
   183   13   17 0.250000
   183   13   18 0.250000
   183   13   19 0.250000
   183   13   20 0.250000
   183   13   21 0.250000
   183   13   22 0.250000
   183   13   23 0.250000
   183   13   24 0.250000
   183   13   25 0.250000
   183   13   27 0.250000
   183   14   15 0.916667
   183   14   16 0.916667
   183   14   17 0.916667
   183   14   18 0.750000
   183   14   19 0.916667
   183   14   20 0.750000
   183   14   21 0.750000
   183   14   22 0.750000
   183   14   23 0.750000
   183   14   24 0.750000
   183   14   25 0.750000
   183   14   27 0.750000
   183   15   16 1.000000
   183   15   17 1.000000
   183   15   18 0.833333
   183   15   19 1.000000
   183   15   20 0.833333
   183   15   21 0.833333
   183   15   22 0.833333
   183   15   23 0.833333
   183   15   24 0.833333
   183   15   25 0.833333
   183   15   27 0.833333
   183   16   17 1.000000
   183   16   18 0.833333
   183   16   19 1.000000
   183   16   20 0.833333
   183   16   21 0.833333
   183   16   22 0.833333
   183   16   23 0.833333
   183   16   24 0.833333
   183   16   25 0.833333
   183   16   27 0.833333
   183   17   18 0.833333
   183   17   19 1.000000
   183   17   20 0.833333
   183   17   21 0.833333
   183   17   22 0.833333
   183   17   23 0.833333
   183   17   24 0.833333
   183   17   25 0.833333
   183   17   27 0.833333
   183   18   19 0.833333
   183   18   20 1.000000
   183   18   21 1.000000
   183   18   22 1.000000
   183   18   23 1.000000
   183   18   24 1.000000
   183   18   25 1.000000
   183   18   27 1.000000
   183   19   20 0.833333
   183   19   21 0.833333
   183   19   22 0.833333
   183   19   23 0.833333
   183   19   24 0.833333
   183   19   25 0.833333
   183   19   27 0.833333
   183   20   21 1.000000
   183   20   22 1.000000
   183   20   23 1.000000
   183   20   24 1.000000
   183   20   25 1.000000
   183   20   27 1.000000
   183   21   22 1.000000
   183   21   23 1.000000
   183   21   24 1.000000
   183   21   25 1.000000
   183   21   27 1.000000
   183   22   23 1.000000
   183   22   24 1.000000
   183   22   25 1.000000
   183   22   27 1.000000
   183   23   24 1.000000
   183   23   25 1.000000
   183   23   27 1.000000
   183   24   25 1.000000
   183   24   27 1.000000
   183   25   27 1.000000
   184    1    2 1.000000
   184    1    3 1.000000
   184    1    4 1.000000
   184    1    5 1.000000
   184    1    6 1.000000
   184    1    7 1.000000
   184    1    8 1.000000
   184    1    9 1.000000
   184    1   10 1.000000
   184    1   11 0.833333
   184    1   12 0.833333
   184    1   13 0.250000
   184    1   14 0.833333
   184    1   15 0.833333
   184    1   16 0.833333
   184    1   17 0.833333
   184    1   18 1.000000
   184    1   19 0.833333
   184    1   20 1.000000
   184    1   21 1.000000
   184    1   22 1.000000
   184    1   23 1.000000
   184    1   24 1.000000
   184    1   25 1.000000
   184    1   26 1.000000
   184    1   27 1.000000
   184    2    3 1.000000
   184    2    4 1.000000
   184    2    5 1.000000
   184    2    6 1.000000
   184    2    7 1.000000
   184    2    8 1.000000
   184    2    9 1.000000
   184    2   10 1.000000
   184    2   11 0.833333
   184    2   12 0.833333
   184    2   13 0.250000
   184    2   14 0.833333
   184    2   15 0.833333
   184    2   16 0.833333
   184    2   17 0.833333
   184    2   18 1.000000
   184    2   19 0.833333
   184    2   20 1.000000
   184    2   21 1.000000
   184    2   22 1.000000
   184    2   23 1.000000
   184    2   24 1.000000
   184    2   25 1.000000
   184    2   26 1.000000
   184    2   27 1.000000
   184    3    4 1.000000
   184    3    5 1.000000
   184    3    6 1.000000
   184    3    7 1.000000
   184    3    8 1.000000
   184    3    9 1.000000
   184    3   10 1.000000
   184    3   11 0.833333
   184    3   12 0.833333
   184    3   13 0.250000
   184    3   14 0.833333
   184    3   15 0.833333
   184    3   16 0.833333
   184    3   17 0.833333
   184    3   18 1.000000
   184    3   19 0.833333
   184    3   20 1.000000
   184    3   21 1.000000
   184    3   22 1.000000
   184    3   23 1.000000
   184    3   24 1.000000
   184    3   25 1.000000
   184    3   26 1.000000
   184    3   27 1.000000
   184    4    5 1.000000
   184    4    6 1.000000
   184    4    7 1.000000
   184    4    8 1.000000
   184    4    9 1.000000
   184    4   10 1.000000
   184    4   11 0.833333
   184    4   12 0.833333
   184    4   13 0.250000
   184    4   14 0.833333
   184    4   15 0.833333
   184    4   16 0.833333
   184    4   17 0.833333
   184    4   18 1.000000
   184    4   19 0.833333
   184    4   20 1.000000
   184    4   21 1.000000
   184    4   22 1.000000
   184    4   23 1.000000
   184    4   24 1.000000
   184    4   25 1.000000
   184    4   26 1.000000
   184    4   27 1.000000
   184    5    6 1.000000
   184    5    7 1.000000
   184    5    8 1.000000
   184    5    9 1.000000
   184    5   10 1.000000
   184    5   11 0.833333
   184    5   12 0.833333
   184    5   13 0.250000
   184    5   14 0.833333
   184    5   15 0.833333
   184    5   16 0.833333
   184    5   17 0.833333
   184    5   18 1.000000
   184    5   19 0.833333
   184    5   20 1.000000
   184    5   21 1.000000
   184    5   22 1.000000
   184    5   23 1.000000
   184    5   24 1.000000
   184    5   25 1.000000
   184    5   26 1.000000
   184    5   27 1.000000
   184    6    7 1.000000
   184    6    8 1.000000
   184    6    9 1.000000
   184    6   10 1.000000
   184    6   11 0.833333
   184    6   12 0.833333
   184    6   13 0.250000
   184    6   14 0.833333
   184    6   15 0.833333
   184    6   16 0.833333
   184    6   17 0.833333
   184    6   18 1.000000
   184    6   19 0.833333
   184    6   20 1.000000
   184    6   21 1.000000
   184    6   22 1.000000
   184    6   23 1.000000
   184    6   24 1.000000
   184    6   25 1.000000
   184    6   26 1.000000
   184    6   27 1.000000
   184    7    8 1.000000
   184    7    9 1.000000
   184    7   10 1.000000
   184    7   11 0.833333
   184    7   12 0.833333
   184    7   13 0.250000
   184    7   14 0.833333
   184    7   15 0.833333
   184    7   16 0.833333
   184    7   17 0.833333
   184    7   18 1.000000
   184    7   19 0.833333
   184    7   20 1.000000
   184    7   21 1.000000
   184    7   22 1.000000
   184    7   23 1.000000
   184    7   24 1.000000
   184    7   25 1.000000
   184    7   26 1.000000
   184    7   27 1.000000
   184    8    9 1.000000
   184    8   10 1.000000
   184    8   11 0.833333
   184    8   12 0.833333
   184    8   13 0.250000
   184    8   14 0.833333
   184    8   15 0.833333
   184    8   16 0.833333
   184    8   17 0.833333
   184    8   18 1.000000
   184    8   19 0.833333
   184    8   20 1.000000
   184    8   21 1.000000
   184    8   22 1.000000
   184    8   23 1.000000
   184    8   24 1.000000
   184    8   25 1.000000
   184    8   26 1.000000
   184    8   27 1.000000
   184    9   10 1.000000
   184    9   11 0.833333
   184    9   12 0.833333
   184    9   13 0.250000
   184    9   14 0.833333
   184    9   15 0.833333
   184    9   16 0.833333
   184    9   17 0.833333
   184    9   18 1.000000
   184    9   19 0.833333
   184    9   20 1.000000
   184    9   21 1.000000
   184    9   22 1.000000
   184    9   23 1.000000
   184    9   24 1.000000
   184    9   25 1.000000
   184    9   26 1.000000
   184    9   27 1.000000
   184   10   11 0.833333
   184   10   12 0.833333
   184   10   13 0.250000
   184   10   14 0.833333
   184   10   15 0.833333
   184   10   16 0.833333
   184   10   17 0.833333
   184   10   18 1.000000
   184   10   19 0.833333
   184   10   20 1.000000
   184   10   21 1.000000
   184   10   22 1.000000
   184   10   23 1.000000
   184   10   24 1.000000
   184   10   25 1.000000
   184   10   26 1.000000
   184   10   27 1.000000
   184   11   12 1.000000
   184   11   13 0.250000
   184   11   14 1.000000
   184   11   15 1.000000
   184   11   16 1.000000
   184   11   17 1.000000
   184   11   18 0.833333
   184   11   19 1.000000
   184   11   20 0.833333
   184   11   21 0.833333
   184   11   22 0.833333
   184   11   23 0.833333
   184   11   24 0.833333
   184   11   25 0.833333
   184   11   26 0.833333
   184   11   27 0.833333
   184   12   13 0.250000
   184   12   14 1.000000
   184   12   15 1.000000
   184   12   16 1.000000
   184   12   17 1.000000
   184   12   18 0.833333
   184   12   19 1.000000
   184   12   20 0.833333
   184   12   21 0.833333
   184   12   22 0.833333
   184   12   23 0.833333
   184   12   24 0.833333
   184   12   25 0.833333
   184   12   26 0.833333
   184   12   27 0.833333
   184   13   14 0.250000
   184   13   15 0.250000
   184   13   16 0.250000
   184   13   17 0.250000
   184   13   18 0.250000
   184   13   19 0.250000
   184   13   20 0.250000
   184   13   21 0.250000
   184   13   22 0.250000
   184   13   23 0.250000
   184   13   24 0.250000
   184   13   25 0.250000
   184   13   26 0.250000
   184   13   27 0.250000
   184   14   15 1.000000
   184   14   16 1.000000
   184   14   17 1.000000
   184   14   18 0.833333
   184   14   19 1.000000
   184   14   20 0.833333
   184   14   21 0.833333
   184   14   22 0.833333
   184   14   23 0.833333
   184   14   24 0.833333
   184   14   25 0.833333
   184   14   26 0.833333
   184   14   27 0.833333
   184   15   16 1.000000
   184   15   17 1.000000
   184   15   18 0.833333
   184   15   19 1.000000
   184   15   20 0.833333
   184   15   21 0.833333
   184   15   22 0.833333
   184   15   23 0.833333
   184   15   24 0.833333
   184   15   25 0.833333
   184   15   26 0.833333
   184   15   27 0.833333
   184   16   17 1.000000
   184   16   18 0.833333
   184   16   19 1.000000
   184   16   20 0.833333
   184   16   21 0.833333
   184   16   22 0.833333
   184   16   23 0.833333
   184   16   24 0.833333
   184   16   25 0.833333
   184   16   26 0.833333
   184   16   27 0.833333
   184   17   18 0.833333
   184   17   19 1.000000
   184   17   20 0.833333
   184   17   21 0.833333
   184   17   22 0.833333
   184   17   23 0.833333
   184   17   24 0.833333
   184   17   25 0.833333
   184   17   26 0.833333
   184   17   27 0.833333
   184   18   19 0.833333
   184   18   20 1.000000
   184   18   21 1.000000
   184   18   22 1.000000
   184   18   23 1.000000
   184   18   24 1.000000
   184   18   25 1.000000
   184   18   26 1.000000
   184   18   27 1.000000
   184   19   20 0.833333
   184   19   21 0.833333
   184   19   22 0.833333
   184   19   23 0.833333
   184   19   24 0.833333
   184   19   25 0.833333
   184   19   26 0.833333
   184   19   27 0.833333
   184   20   21 1.000000
   184   20   22 1.000000
   184   20   23 1.000000
   184   20   24 1.000000
   184   20   25 1.000000
   184   20   26 1.000000
   184   20   27 1.000000
   184   21   22 1.000000
   184   21   23 1.000000
   184   21   24 1.000000
   184   21   25 1.000000
   184   21   26 1.000000
   184   21   27 1.000000
   184   22   23 1.000000
   184   22   24 1.000000
   184   22   25 1.000000
   184   22   26 1.000000
   184   22   27 1.000000
   184   23   24 1.000000
   184   23   25 1.000000
   184   23   26 1.000000
   184   23   27 1.000000
   184   24   25 1.000000
   184   24   26 1.000000
   184   24   27 1.000000
   184   25   26 1.000000
   184   25   27 1.000000
   184   26   27 1.000000
   185    1    2 1.000000
   185    1    3 1.000000
   185    1    4 1.000000
   185    1    5 1.000000
   185    1    6 1.000000
   185    1    7 1.000000
   185    1    8 1.000000
   185    1    9 1.000000
   185    1   10 1.000000
   185    1   11 0.833333
   185    1   12 0.833333
   185    1   13 0.250000
   185    1   14 0.833333
   185    1   15 0.833333
   185    1   16 0.833333
   185    1   17 0.833333
   185    1   18 1.000000
   185    1   19 0.833333
   185    1   20 1.000000
   185    1   21 1.000000
   185    1   22 1.000000
   185    1   23 1.000000
   185    1   24 1.000000
   185    1   25 1.000000
   185    1   26 1.000000
   185    1   27 1.000000
   185    2    3 1.000000
   185    2    4 1.000000
   185    2    5 1.000000
   185    2    6 1.000000
   185    2    7 1.000000
   185    2    8 1.000000
   185    2    9 1.000000
   185    2   10 1.000000
   185    2   11 0.833333
   185    2   12 0.833333
   185    2   13 0.250000
   185    2   14 0.833333
   185    2   15 0.833333
   185    2   16 0.833333
   185    2   17 0.833333
   185    2   18 1.000000
   185    2   19 0.833333
   185    2   20 1.000000
   185    2   21 1.000000
   185    2   22 1.000000
   185    2   23 1.000000
   185    2   24 1.000000
   185    2   25 1.000000
   185    2   26 1.000000
   185    2   27 1.000000
   185    3    4 1.000000
   185    3    5 1.000000
   185    3    6 1.000000
   185    3    7 1.000000
   185    3    8 1.000000
   185    3    9 1.000000
   185    3   10 1.000000
   185    3   11 0.833333
   185    3   12 0.833333
   185    3   13 0.250000
   185    3   14 0.833333
   185    3   15 0.833333
   185    3   16 0.833333
   185    3   17 0.833333
   185    3   18 1.000000
   185    3   19 0.833333
   185    3   20 1.000000
   185    3   21 1.000000
   185    3   22 1.000000
   185    3   23 1.000000
   185    3   24 1.000000
   185    3   25 1.000000
   185    3   26 1.000000
   185    3   27 1.000000
   185    4    5 1.000000
   185    4    6 1.000000
   185    4    7 1.000000
   185    4    8 1.000000
   185    4    9 1.000000
   185    4   10 1.000000
   185    4   11 0.833333
   185    4   12 0.833333
   185    4   13 0.250000
   185    4   14 0.833333
   185    4   15 0.833333
   185    4   16 0.833333
   185    4   17 0.833333
   185    4   18 1.000000
   185    4   19 0.833333
   185    4   20 1.000000
   185    4   21 1.000000
   185    4   22 1.000000
   185    4   23 1.000000
   185    4   24 1.000000
   185    4   25 1.000000
   185    4   26 1.000000
   185    4   27 1.000000
   185    5    6 1.000000
   185    5    7 1.000000
   185    5    8 1.000000
   185    5    9 1.000000
   185    5   10 1.000000
   185    5   11 0.833333
   185    5   12 0.833333
   185    5   13 0.250000
   185    5   14 0.833333
   185    5   15 0.833333
   185    5   16 0.833333
   185    5   17 0.833333
   185    5   18 1.000000
   185    5   19 0.833333
   185    5   20 1.000000
   185    5   21 1.000000
   185    5   22 1.000000
   185    5   23 1.000000
   185    5   24 1.000000
   185    5   25 1.000000
   185    5   26 1.000000
   185    5   27 1.000000
   185    6    7 1.000000
   185    6    8 1.000000
   185    6    9 1.000000
   185    6   10 1.000000
   185    6   11 0.833333
   185    6   12 0.833333
   185    6   13 0.250000
   185    6   14 0.833333
   185    6   15 0.833333
   185    6   16 0.833333
   185    6   17 0.833333
   185    6   18 1.000000
   185    6   19 0.833333
   185    6   20 1.000000
   185    6   21 1.000000
   185    6   22 1.000000
   185    6   23 1.000000
   185    6   24 1.000000
   185    6   25 1.000000
   185    6   26 1.000000
   185    6   27 1.000000
   185    7    8 1.000000
   185    7    9 1.000000
   185    7   10 1.000000
   185    7   11 0.833333
   185    7   12 0.833333
   185    7   13 0.250000
   185    7   14 0.833333
   185    7   15 0.833333
   185    7   16 0.833333
   185    7   17 0.833333
   185    7   18 1.000000
   185    7   19 0.833333
   185    7   20 1.000000
   185    7   21 1.000000
   185    7   22 1.000000
   185    7   23 1.000000
   185    7   24 1.000000
   185    7   25 1.000000
   185    7   26 1.000000
   185    7   27 1.000000
   185    8    9 1.000000
   185    8   10 1.000000
   185    8   11 0.833333
   185    8   12 0.833333
   185    8   13 0.250000
   185    8   14 0.833333
   185    8   15 0.833333
   185    8   16 0.833333
   185    8   17 0.833333
   185    8   18 1.000000
   185    8   19 0.833333
   185    8   20 1.000000
   185    8   21 1.000000
   185    8   22 1.000000
   185    8   23 1.000000
   185    8   24 1.000000
   185    8   25 1.000000
   185    8   26 1.000000
   185    8   27 1.000000
   185    9   10 1.000000
   185    9   11 0.833333
   185    9   12 0.833333
   185    9   13 0.250000
   185    9   14 0.833333
   185    9   15 0.833333
   185    9   16 0.833333
   185    9   17 0.833333
   185    9   18 1.000000
   185    9   19 0.833333
   185    9   20 1.000000
   185    9   21 1.000000
   185    9   22 1.000000
   185    9   23 1.000000
   185    9   24 1.000000
   185    9   25 1.000000
   185    9   26 1.000000
   185    9   27 1.000000
   185   10   11 0.833333
   185   10   12 0.833333
   185   10   13 0.250000
   185   10   14 0.833333
   185   10   15 0.833333
   185   10   16 0.833333
   185   10   17 0.833333
   185   10   18 1.000000
   185   10   19 0.833333
   185   10   20 1.000000
   185   10   21 1.000000
   185   10   22 1.000000
   185   10   23 1.000000
   185   10   24 1.000000
   185   10   25 1.000000
   185   10   26 1.000000
   185   10   27 1.000000
   185   11   12 1.000000
   185   11   13 0.250000
   185   11   14 1.000000
   185   11   15 1.000000
   185   11   16 1.000000
   185   11   17 1.000000
   185   11   18 0.833333
   185   11   19 1.000000
   185   11   20 0.833333
   185   11   21 0.833333
   185   11   22 0.833333
   185   11   23 0.833333
   185   11   24 0.833333
   185   11   25 0.833333
   185   11   26 0.833333
   185   11   27 0.833333
   185   12   13 0.250000
   185   12   14 1.000000
   185   12   15 1.000000
   185   12   16 1.000000
   185   12   17 1.000000
   185   12   18 0.833333
   185   12   19 1.000000
   185   12   20 0.833333
   185   12   21 0.833333
   185   12   22 0.833333
   185   12   23 0.833333
   185   12   24 0.833333
   185   12   25 0.833333
   185   12   26 0.833333
   185   12   27 0.833333
   185   13   14 0.250000
   185   13   15 0.250000
   185   13   16 0.250000
   185   13   17 0.250000
   185   13   18 0.250000
   185   13   19 0.250000
   185   13   20 0.250000
   185   13   21 0.250000
   185   13   22 0.250000
   185   13   23 0.250000
   185   13   24 0.250000
   185   13   25 0.250000
   185   13   26 0.250000
   185   13   27 0.250000
   185   14   15 1.000000
   185   14   16 1.000000
   185   14   17 1.000000
   185   14   18 0.833333
   185   14   19 1.000000
   185   14   20 0.833333
   185   14   21 0.833333
   185   14   22 0.833333
   185   14   23 0.833333
   185   14   24 0.833333
   185   14   25 0.833333
   185   14   26 0.833333
   185   14   27 0.833333
   185   15   16 1.000000
   185   15   17 1.000000
   185   15   18 0.833333
   185   15   19 1.000000
   185   15   20 0.833333
   185   15   21 0.833333
   185   15   22 0.833333
   185   15   23 0.833333
   185   15   24 0.833333
   185   15   25 0.833333
   185   15   26 0.833333
   185   15   27 0.833333
   185   16   17 1.000000
   185   16   18 0.833333
   185   16   19 1.000000
   185   16   20 0.833333
   185   16   21 0.833333
   185   16   22 0.833333
   185   16   23 0.833333
   185   16   24 0.833333
   185   16   25 0.833333
   185   16   26 0.833333
   185   16   27 0.833333
   185   17   18 0.833333
   185   17   19 1.000000
   185   17   20 0.833333
   185   17   21 0.833333
   185   17   22 0.833333
   185   17   23 0.833333
   185   17   24 0.833333
   185   17   25 0.833333
   185   17   26 0.833333
   185   17   27 0.833333
   185   18   19 0.833333
   185   18   20 1.000000
   185   18   21 1.000000
   185   18   22 1.000000
   185   18   23 1.000000
   185   18   24 1.000000
   185   18   25 1.000000
   185   18   26 1.000000
   185   18   27 1.000000
   185   19   20 0.833333
   185   19   21 0.833333
   185   19   22 0.833333
   185   19   23 0.833333
   185   19   24 0.833333
   185   19   25 0.833333
   185   19   26 0.833333
   185   19   27 0.833333
   185   20   21 1.000000
   185   20   22 1.000000
   185   20   23 1.000000
   185   20   24 1.000000
   185   20   25 1.000000
   185   20   26 1.000000
   185   20   27 1.000000
   185   21   22 1.000000
   185   21   23 1.000000
   185   21   24 1.000000
   185   21   25 1.000000
   185   21   26 1.000000
   185   21   27 1.000000
   185   22   23 1.000000
   185   22   24 1.000000
   185   22   25 1.000000
   185   22   26 1.000000
   185   22   27 1.000000
   185   23   24 1.000000
   185   23   25 1.000000
   185   23   26 1.000000
   185   23   27 1.000000
   185   24   25 1.000000
   185   24   26 1.000000
   185   24   27 1.000000
   185   25   26 1.000000
   185   25   27 1.000000
   185   26   27 1.000000
   186    1    2 1.000000
   186    1    3 1.000000
   186    1    4 1.000000
   186    1    5 1.000000
   186    1    6 1.000000
   186    1    7 1.000000
   186    1    8 1.000000
   186    1    9 1.000000
   186    1   10 1.000000
   186    1   11 1.000000
   186    1   12 1.000000
   186    1   13 1.000000
   186    1   14 1.000000
   186    1   15 1.000000
   186    1   16 1.000000
   186    1   17 1.000000
   186    1   18 1.000000
   186    1   19 1.000000
   186    1   20 1.000000
   186    1   21 1.000000
   186    1   22 1.000000
   186    1   23 1.000000
   186    1   24 1.000000
   186    1   25 1.000000
   186    1   26 1.000000
   186    1   27 1.000000
   186    2    3 1.000000
   186    2    4 1.000000
   186    2    5 1.000000
   186    2    6 1.000000
   186    2    7 1.000000
   186    2    8 1.000000
   186    2    9 1.000000
   186    2   10 1.000000
   186    2   11 1.000000
   186    2   12 1.000000
   186    2   13 1.000000
   186    2   14 1.000000
   186    2   15 1.000000
   186    2   16 1.000000
   186    2   17 1.000000
   186    2   18 1.000000
   186    2   19 1.000000
   186    2   20 1.000000
   186    2   21 1.000000
   186    2   22 1.000000
   186    2   23 1.000000
   186    2   24 1.000000
   186    2   25 1.000000
   186    2   26 1.000000
   186    2   27 1.000000
   186    3    4 1.000000
   186    3    5 1.000000
   186    3    6 1.000000
   186    3    7 1.000000
   186    3    8 1.000000
   186    3    9 1.000000
   186    3   10 1.000000
   186    3   11 1.000000
   186    3   12 1.000000
   186    3   13 1.000000
   186    3   14 1.000000
   186    3   15 1.000000
   186    3   16 1.000000
   186    3   17 1.000000
   186    3   18 1.000000
   186    3   19 1.000000
   186    3   20 1.000000
   186    3   21 1.000000
   186    3   22 1.000000
   186    3   23 1.000000
   186    3   24 1.000000
   186    3   25 1.000000
   186    3   26 1.000000
   186    3   27 1.000000
   186    4    5 1.000000
   186    4    6 1.000000
   186    4    7 1.000000
   186    4    8 1.000000
   186    4    9 1.000000
   186    4   10 1.000000
   186    4   11 1.000000
   186    4   12 1.000000
   186    4   13 1.000000
   186    4   14 1.000000
   186    4   15 1.000000
   186    4   16 1.000000
   186    4   17 1.000000
   186    4   18 1.000000
   186    4   19 1.000000
   186    4   20 1.000000
   186    4   21 1.000000
   186    4   22 1.000000
   186    4   23 1.000000
   186    4   24 1.000000
   186    4   25 1.000000
   186    4   26 1.000000
   186    4   27 1.000000
   186    5    6 1.000000
   186    5    7 1.000000
   186    5    8 1.000000
   186    5    9 1.000000
   186    5   10 1.000000
   186    5   11 1.000000
   186    5   12 1.000000
   186    5   13 1.000000
   186    5   14 1.000000
   186    5   15 1.000000
   186    5   16 1.000000
   186    5   17 1.000000
   186    5   18 1.000000
   186    5   19 1.000000
   186    5   20 1.000000
   186    5   21 1.000000
   186    5   22 1.000000
   186    5   23 1.000000
   186    5   24 1.000000
   186    5   25 1.000000
   186    5   26 1.000000
   186    5   27 1.000000
   186    6    7 1.000000
   186    6    8 1.000000
   186    6    9 1.000000
   186    6   10 1.000000
   186    6   11 1.000000
   186    6   12 1.000000
   186    6   13 1.000000
   186    6   14 1.000000
   186    6   15 1.000000
   186    6   16 1.000000
   186    6   17 1.000000
   186    6   18 1.000000
   186    6   19 1.000000
   186    6   20 1.000000
   186    6   21 1.000000
   186    6   22 1.000000
   186    6   23 1.000000
   186    6   24 1.000000
   186    6   25 1.000000
   186    6   26 1.000000
   186    6   27 1.000000
   186    7    8 1.000000
   186    7    9 1.000000
   186    7   10 1.000000
   186    7   11 1.000000
   186    7   12 1.000000
   186    7   13 1.000000
   186    7   14 1.000000
   186    7   15 1.000000
   186    7   16 1.000000
   186    7   17 1.000000
   186    7   18 1.000000
   186    7   19 1.000000
   186    7   20 1.000000
   186    7   21 1.000000
   186    7   22 1.000000
   186    7   23 1.000000
   186    7   24 1.000000
   186    7   25 1.000000
   186    7   26 1.000000
   186    7   27 1.000000
   186    8    9 1.000000
   186    8   10 1.000000
   186    8   11 1.000000
   186    8   12 1.000000
   186    8   13 1.000000
   186    8   14 1.000000
   186    8   15 1.000000
   186    8   16 1.000000
   186    8   17 1.000000
   186    8   18 1.000000
   186    8   19 1.000000
   186    8   20 1.000000
   186    8   21 1.000000
   186    8   22 1.000000
   186    8   23 1.000000
   186    8   24 1.000000
   186    8   25 1.000000
   186    8   26 1.000000
   186    8   27 1.000000
   186    9   10 1.000000
   186    9   11 1.000000
   186    9   12 1.000000
   186    9   13 1.000000
   186    9   14 1.000000
   186    9   15 1.000000
   186    9   16 1.000000
   186    9   17 1.000000
   186    9   18 1.000000
   186    9   19 1.000000
   186    9   20 1.000000
   186    9   21 1.000000
   186    9   22 1.000000
   186    9   23 1.000000
   186    9   24 1.000000
   186    9   25 1.000000
   186    9   26 1.000000
   186    9   27 1.000000
   186   10   11 1.000000
   186   10   12 1.000000
   186   10   13 1.000000
   186   10   14 1.000000
   186   10   15 1.000000
   186   10   16 1.000000
   186   10   17 1.000000
   186   10   18 1.000000
   186   10   19 1.000000
   186   10   20 1.000000
   186   10   21 1.000000
   186   10   22 1.000000
   186   10   23 1.000000
   186   10   24 1.000000
   186   10   25 1.000000
   186   10   26 1.000000
   186   10   27 1.000000
   186   11   12 1.000000
   186   11   13 1.000000
   186   11   14 1.000000
   186   11   15 1.000000
   186   11   16 1.000000
   186   11   17 1.000000
   186   11   18 1.000000
   186   11   19 1.000000
   186   11   20 1.000000
   186   11   21 1.000000
   186   11   22 1.000000
   186   11   23 1.000000
   186   11   24 1.000000
   186   11   25 1.000000
   186   11   26 1.000000
   186   11   27 1.000000
   186   12   13 1.000000
   186   12   14 1.000000
   186   12   15 1.000000
   186   12   16 1.000000
   186   12   17 1.000000
   186   12   18 1.000000
   186   12   19 1.000000
   186   12   20 1.000000
   186   12   21 1.000000
   186   12   22 1.000000
   186   12   23 1.000000
   186   12   24 1.000000
   186   12   25 1.000000
   186   12   26 1.000000
   186   12   27 1.000000
   186   13   14 1.000000
   186   13   15 1.000000
   186   13   16 1.000000
   186   13   17 1.000000
   186   13   18 1.000000
   186   13   19 1.000000
   186   13   20 1.000000
   186   13   21 1.000000
   186   13   22 1.000000
   186   13   23 1.000000
   186   13   24 1.000000
   186   13   25 1.000000
   186   13   26 1.000000
   186   13   27 1.000000
   186   14   15 1.000000
   186   14   16 1.000000
   186   14   17 1.000000
   186   14   18 1.000000
   186   14   19 1.000000
   186   14   20 1.000000
   186   14   21 1.000000
   186   14   22 1.000000
   186   14   23 1.000000
   186   14   24 1.000000
   186   14   25 1.000000
   186   14   26 1.000000
   186   14   27 1.000000
   186   15   16 1.000000
   186   15   17 1.000000
   186   15   18 1.000000
   186   15   19 1.000000
   186   15   20 1.000000
   186   15   21 1.000000
   186   15   22 1.000000
   186   15   23 1.000000
   186   15   24 1.000000
   186   15   25 1.000000
   186   15   26 1.000000
   186   15   27 1.000000
   186   16   17 1.000000
   186   16   18 1.000000
   186   16   19 1.000000
   186   16   20 1.000000
   186   16   21 1.000000
   186   16   22 1.000000
   186   16   23 1.000000
   186   16   24 1.000000
   186   16   25 1.000000
   186   16   26 1.000000
   186   16   27 1.000000
   186   17   18 1.000000
   186   17   19 1.000000
   186   17   20 1.000000
   186   17   21 1.000000
   186   17   22 1.000000
   186   17   23 1.000000
   186   17   24 1.000000
   186   17   25 1.000000
   186   17   26 1.000000
   186   17   27 1.000000
   186   18   19 1.000000
   186   18   20 1.000000
   186   18   21 1.000000
   186   18   22 1.000000
   186   18   23 1.000000
   186   18   24 1.000000
   186   18   25 1.000000
   186   18   26 1.000000
   186   18   27 1.000000
   186   19   20 1.000000
   186   19   21 1.000000
   186   19   22 1.000000
   186   19   23 1.000000
   186   19   24 1.000000
   186   19   25 1.000000
   186   19   26 1.000000
   186   19   27 1.000000
   186   20   21 1.000000
   186   20   22 1.000000
   186   20   23 1.000000
   186   20   24 1.000000
   186   20   25 1.000000
   186   20   26 1.000000
   186   20   27 1.000000
   186   21   22 1.000000
   186   21   23 1.000000
   186   21   24 1.000000
   186   21   25 1.000000
   186   21   26 1.000000
   186   21   27 1.000000
   186   22   23 1.000000
   186   22   24 1.000000
   186   22   25 1.000000
   186   22   26 1.000000
   186   22   27 1.000000
   186   23   24 1.000000
   186   23   25 1.000000
   186   23   26 1.000000
   186   23   27 1.000000
   186   24   25 1.000000
   186   24   26 1.000000
   186   24   27 1.000000
   186   25   26 1.000000
   186   25   27 1.000000
   186   26   27 1.000000
   187    1    2 1.000000
   187    1    3 1.000000
   187    1    4 1.000000
   187    1    5 1.000000
   187    1    6 1.000000
   187    1    7 1.000000
   187    1    8 1.000000
   187    1    9 1.000000
   187    1   10 1.000000
   187    1   11 1.000000
   187    1   12 1.000000
   187    1   13 1.000000
   187    1   14 1.000000
   187    1   15 1.000000
   187    1   16 1.000000
   187    1   17 1.000000
   187    1   18 1.000000
   187    1   19 1.000000
   187    1   20 1.000000
   187    1   21 1.000000
   187    1   22 1.000000
   187    1   23 1.000000
   187    1   24 1.000000
   187    1   25 1.000000
   187    1   26 1.000000
   187    1   27 1.000000
   187    2    3 1.000000
   187    2    4 1.000000
   187    2    5 1.000000
   187    2    6 1.000000
   187    2    7 1.000000
   187    2    8 1.000000
   187    2    9 1.000000
   187    2   10 1.000000
   187    2   11 1.000000
   187    2   12 1.000000
   187    2   13 1.000000
   187    2   14 1.000000
   187    2   15 1.000000
   187    2   16 1.000000
   187    2   17 1.000000
   187    2   18 1.000000
   187    2   19 1.000000
   187    2   20 1.000000
   187    2   21 1.000000
   187    2   22 1.000000
   187    2   23 1.000000
   187    2   24 1.000000
   187    2   25 1.000000
   187    2   26 1.000000
   187    2   27 1.000000
   187    3    4 1.000000
   187    3    5 1.000000
   187    3    6 1.000000
   187    3    7 1.000000
   187    3    8 1.000000
   187    3    9 1.000000
   187    3   10 1.000000
   187    3   11 1.000000
   187    3   12 1.000000
   187    3   13 1.000000
   187    3   14 1.000000
   187    3   15 1.000000
   187    3   16 1.000000
   187    3   17 1.000000
   187    3   18 1.000000
   187    3   19 1.000000
   187    3   20 1.000000
   187    3   21 1.000000
   187    3   22 1.000000
   187    3   23 1.000000
   187    3   24 1.000000
   187    3   25 1.000000
   187    3   26 1.000000
   187    3   27 1.000000
   187    4    5 1.000000
   187    4    6 1.000000
   187    4    7 1.000000
   187    4    8 1.000000
   187    4    9 1.000000
   187    4   10 1.000000
   187    4   11 1.000000
   187    4   12 1.000000
   187    4   13 1.000000
   187    4   14 1.000000
   187    4   15 1.000000
   187    4   16 1.000000
   187    4   17 1.000000
   187    4   18 1.000000
   187    4   19 1.000000
   187    4   20 1.000000
   187    4   21 1.000000
   187    4   22 1.000000
   187    4   23 1.000000
   187    4   24 1.000000
   187    4   25 1.000000
   187    4   26 1.000000
   187    4   27 1.000000
   187    5    6 1.000000
   187    5    7 1.000000
   187    5    8 1.000000
   187    5    9 1.000000
   187    5   10 1.000000
   187    5   11 1.000000
   187    5   12 1.000000
   187    5   13 1.000000
   187    5   14 1.000000
   187    5   15 1.000000
   187    5   16 1.000000
   187    5   17 1.000000
   187    5   18 1.000000
   187    5   19 1.000000
   187    5   20 1.000000
   187    5   21 1.000000
   187    5   22 1.000000
   187    5   23 1.000000
   187    5   24 1.000000
   187    5   25 1.000000
   187    5   26 1.000000
   187    5   27 1.000000
   187    6    7 1.000000
   187    6    8 1.000000
   187    6    9 1.000000
   187    6   10 1.000000
   187    6   11 1.000000
   187    6   12 1.000000
   187    6   13 1.000000
   187    6   14 1.000000
   187    6   15 1.000000
   187    6   16 1.000000
   187    6   17 1.000000
   187    6   18 1.000000
   187    6   19 1.000000
   187    6   20 1.000000
   187    6   21 1.000000
   187    6   22 1.000000
   187    6   23 1.000000
   187    6   24 1.000000
   187    6   25 1.000000
   187    6   26 1.000000
   187    6   27 1.000000
   187    7    8 1.000000
   187    7    9 1.000000
   187    7   10 1.000000
   187    7   11 1.000000
   187    7   12 1.000000
   187    7   13 1.000000
   187    7   14 1.000000
   187    7   15 1.000000
   187    7   16 1.000000
   187    7   17 1.000000
   187    7   18 1.000000
   187    7   19 1.000000
   187    7   20 1.000000
   187    7   21 1.000000
   187    7   22 1.000000
   187    7   23 1.000000
   187    7   24 1.000000
   187    7   25 1.000000
   187    7   26 1.000000
   187    7   27 1.000000
   187    8    9 1.000000
   187    8   10 1.000000
   187    8   11 1.000000
   187    8   12 1.000000
   187    8   13 1.000000
   187    8   14 1.000000
   187    8   15 1.000000
   187    8   16 1.000000
   187    8   17 1.000000
   187    8   18 1.000000
   187    8   19 1.000000
   187    8   20 1.000000
   187    8   21 1.000000
   187    8   22 1.000000
   187    8   23 1.000000
   187    8   24 1.000000
   187    8   25 1.000000
   187    8   26 1.000000
   187    8   27 1.000000
   187    9   10 1.000000
   187    9   11 1.000000
   187    9   12 1.000000
   187    9   13 1.000000
   187    9   14 1.000000
   187    9   15 1.000000
   187    9   16 1.000000
   187    9   17 1.000000
   187    9   18 1.000000
   187    9   19 1.000000
   187    9   20 1.000000
   187    9   21 1.000000
   187    9   22 1.000000
   187    9   23 1.000000
   187    9   24 1.000000
   187    9   25 1.000000
   187    9   26 1.000000
   187    9   27 1.000000
   187   10   11 1.000000
   187   10   12 1.000000
   187   10   13 1.000000
   187   10   14 1.000000
   187   10   15 1.000000
   187   10   16 1.000000
   187   10   17 1.000000
   187   10   18 1.000000
   187   10   19 1.000000
   187   10   20 1.000000
   187   10   21 1.000000
   187   10   22 1.000000
   187   10   23 1.000000
   187   10   24 1.000000
   187   10   25 1.000000
   187   10   26 1.000000
   187   10   27 1.000000
   187   11   12 1.000000
   187   11   13 1.000000
   187   11   14 1.000000
   187   11   15 1.000000
   187   11   16 1.000000
   187   11   17 1.000000
   187   11   18 1.000000
   187   11   19 1.000000
   187   11   20 1.000000
   187   11   21 1.000000
   187   11   22 1.000000
   187   11   23 1.000000
   187   11   24 1.000000
   187   11   25 1.000000
   187   11   26 1.000000
   187   11   27 1.000000
   187   12   13 1.000000
   187   12   14 1.000000
   187   12   15 1.000000
   187   12   16 1.000000
   187   12   17 1.000000
   187   12   18 1.000000
   187   12   19 1.000000
   187   12   20 1.000000
   187   12   21 1.000000
   187   12   22 1.000000
   187   12   23 1.000000
   187   12   24 1.000000
   187   12   25 1.000000
   187   12   26 1.000000
   187   12   27 1.000000
   187   13   14 1.000000
   187   13   15 1.000000
   187   13   16 1.000000
   187   13   17 1.000000
   187   13   18 1.000000
   187   13   19 1.000000
   187   13   20 1.000000
   187   13   21 1.000000
   187   13   22 1.000000
   187   13   23 1.000000
   187   13   24 1.000000
   187   13   25 1.000000
   187   13   26 1.000000
   187   13   27 1.000000
   187   14   15 1.000000
   187   14   16 1.000000
   187   14   17 1.000000
   187   14   18 1.000000
   187   14   19 1.000000
   187   14   20 1.000000
   187   14   21 1.000000
   187   14   22 1.000000
   187   14   23 1.000000
   187   14   24 1.000000
   187   14   25 1.000000
   187   14   26 1.000000
   187   14   27 1.000000
   187   15   16 1.000000
   187   15   17 1.000000
   187   15   18 1.000000
   187   15   19 1.000000
   187   15   20 1.000000
   187   15   21 1.000000
   187   15   22 1.000000
   187   15   23 1.000000
   187   15   24 1.000000
   187   15   25 1.000000
   187   15   26 1.000000
   187   15   27 1.000000
   187   16   17 1.000000
   187   16   18 1.000000
   187   16   19 1.000000
   187   16   20 1.000000
   187   16   21 1.000000
   187   16   22 1.000000
   187   16   23 1.000000
   187   16   24 1.000000
   187   16   25 1.000000
   187   16   26 1.000000
   187   16   27 1.000000
   187   17   18 1.000000
   187   17   19 1.000000
   187   17   20 1.000000
   187   17   21 1.000000
   187   17   22 1.000000
   187   17   23 1.000000
   187   17   24 1.000000
   187   17   25 1.000000
   187   17   26 1.000000
   187   17   27 1.000000
   187   18   19 1.000000
   187   18   20 1.000000
   187   18   21 1.000000
   187   18   22 1.000000
   187   18   23 1.000000
   187   18   24 1.000000
   187   18   25 1.000000
   187   18   26 1.000000
   187   18   27 1.000000
   187   19   20 1.000000
   187   19   21 1.000000
   187   19   22 1.000000
   187   19   23 1.000000
   187   19   24 1.000000
   187   19   25 1.000000
   187   19   26 1.000000
   187   19   27 1.000000
   187   20   21 1.000000
   187   20   22 1.000000
   187   20   23 1.000000
   187   20   24 1.000000
   187   20   25 1.000000
   187   20   26 1.000000
   187   20   27 1.000000
   187   21   22 1.000000
   187   21   23 1.000000
   187   21   24 1.000000
   187   21   25 1.000000
   187   21   26 1.000000
   187   21   27 1.000000
   187   22   23 1.000000
   187   22   24 1.000000
   187   22   25 1.000000
   187   22   26 1.000000
   187   22   27 1.000000
   187   23   24 1.000000
   187   23   25 1.000000
   187   23   26 1.000000
   187   23   27 1.000000
   187   24   25 1.000000
   187   24   26 1.000000
   187   24   27 1.000000
   187   25   26 1.000000
   187   25   27 1.000000
   187   26   27 1.000000
   188    1    2 1.000000
   188    1    3 1.000000
   188    1    4 1.000000
   188    1    5 1.000000
   188    1    6 1.000000
   188    1    7 1.000000
   188    1    8 1.000000
   188    1    9 1.000000
   188    1   10 1.000000
   188    1   11 1.000000
   188    1   12 1.000000
   188    1   13 1.000000
   188    1   14 1.000000
   188    1   15 1.000000
   188    1   16 1.000000
   188    1   17 1.000000
   188    1   18 1.000000
   188    1   19 1.000000
   188    1   20 1.000000
   188    1   21 1.000000
   188    1   22 1.000000
   188    1   23 1.000000
   188    1   24 1.000000
   188    1   25 1.000000
   188    1   26 1.000000
   188    1   27 1.000000
   188    2    3 1.000000
   188    2    4 1.000000
   188    2    5 1.000000
   188    2    6 1.000000
   188    2    7 1.000000
   188    2    8 1.000000
   188    2    9 1.000000
   188    2   10 1.000000
   188    2   11 1.000000
   188    2   12 1.000000
   188    2   13 1.000000
   188    2   14 1.000000
   188    2   15 1.000000
   188    2   16 1.000000
   188    2   17 1.000000
   188    2   18 1.000000
   188    2   19 1.000000
   188    2   20 1.000000
   188    2   21 1.000000
   188    2   22 1.000000
   188    2   23 1.000000
   188    2   24 1.000000
   188    2   25 1.000000
   188    2   26 1.000000
   188    2   27 1.000000
   188    3    4 1.000000
   188    3    5 1.000000
   188    3    6 1.000000
   188    3    7 1.000000
   188    3    8 1.000000
   188    3    9 1.000000
   188    3   10 1.000000
   188    3   11 1.000000
   188    3   12 1.000000
   188    3   13 1.000000
   188    3   14 1.000000
   188    3   15 1.000000
   188    3   16 1.000000
   188    3   17 1.000000
   188    3   18 1.000000
   188    3   19 1.000000
   188    3   20 1.000000
   188    3   21 1.000000
   188    3   22 1.000000
   188    3   23 1.000000
   188    3   24 1.000000
   188    3   25 1.000000
   188    3   26 1.000000
   188    3   27 1.000000
   188    4    5 1.000000
   188    4    6 1.000000
   188    4    7 1.000000
   188    4    8 1.000000
   188    4    9 1.000000
   188    4   10 1.000000
   188    4   11 1.000000
   188    4   12 1.000000
   188    4   13 1.000000
   188    4   14 1.000000
   188    4   15 1.000000
   188    4   16 1.000000
   188    4   17 1.000000
   188    4   18 1.000000
   188    4   19 1.000000
   188    4   20 1.000000
   188    4   21 1.000000
   188    4   22 1.000000
   188    4   23 1.000000
   188    4   24 1.000000
   188    4   25 1.000000
   188    4   26 1.000000
   188    4   27 1.000000
   188    5    6 1.000000
   188    5    7 1.000000
   188    5    8 1.000000
   188    5    9 1.000000
   188    5   10 1.000000
   188    5   11 1.000000
   188    5   12 1.000000
   188    5   13 1.000000
   188    5   14 1.000000
   188    5   15 1.000000
   188    5   16 1.000000
   188    5   17 1.000000
   188    5   18 1.000000
   188    5   19 1.000000
   188    5   20 1.000000
   188    5   21 1.000000
   188    5   22 1.000000
   188    5   23 1.000000
   188    5   24 1.000000
   188    5   25 1.000000
   188    5   26 1.000000
   188    5   27 1.000000
   188    6    7 1.000000
   188    6    8 1.000000
   188    6    9 1.000000
   188    6   10 1.000000
   188    6   11 1.000000
   188    6   12 1.000000
   188    6   13 1.000000
   188    6   14 1.000000
   188    6   15 1.000000
   188    6   16 1.000000
   188    6   17 1.000000
   188    6   18 1.000000
   188    6   19 1.000000
   188    6   20 1.000000
   188    6   21 1.000000
   188    6   22 1.000000
   188    6   23 1.000000
   188    6   24 1.000000
   188    6   25 1.000000
   188    6   26 1.000000
   188    6   27 1.000000
   188    7    8 1.000000
   188    7    9 1.000000
   188    7   10 1.000000
   188    7   11 1.000000
   188    7   12 1.000000
   188    7   13 1.000000
   188    7   14 1.000000
   188    7   15 1.000000
   188    7   16 1.000000
   188    7   17 1.000000
   188    7   18 1.000000
   188    7   19 1.000000
   188    7   20 1.000000
   188    7   21 1.000000
   188    7   22 1.000000
   188    7   23 1.000000
   188    7   24 1.000000
   188    7   25 1.000000
   188    7   26 1.000000
   188    7   27 1.000000
   188    8    9 1.000000
   188    8   10 1.000000
   188    8   11 1.000000
   188    8   12 1.000000
   188    8   13 1.000000
   188    8   14 1.000000
   188    8   15 1.000000
   188    8   16 1.000000
   188    8   17 1.000000
   188    8   18 1.000000
   188    8   19 1.000000
   188    8   20 1.000000
   188    8   21 1.000000
   188    8   22 1.000000
   188    8   23 1.000000
   188    8   24 1.000000
   188    8   25 1.000000
   188    8   26 1.000000
   188    8   27 1.000000
   188    9   10 1.000000
   188    9   11 1.000000
   188    9   12 1.000000
   188    9   13 1.000000
   188    9   14 1.000000
   188    9   15 1.000000
   188    9   16 1.000000
   188    9   17 1.000000
   188    9   18 1.000000
   188    9   19 1.000000
   188    9   20 1.000000
   188    9   21 1.000000
   188    9   22 1.000000
   188    9   23 1.000000
   188    9   24 1.000000
   188    9   25 1.000000
   188    9   26 1.000000
   188    9   27 1.000000
   188   10   11 1.000000
   188   10   12 1.000000
   188   10   13 1.000000
   188   10   14 1.000000
   188   10   15 1.000000
   188   10   16 1.000000
   188   10   17 1.000000
   188   10   18 1.000000
   188   10   19 1.000000
   188   10   20 1.000000
   188   10   21 1.000000
   188   10   22 1.000000
   188   10   23 1.000000
   188   10   24 1.000000
   188   10   25 1.000000
   188   10   26 1.000000
   188   10   27 1.000000
   188   11   12 1.000000
   188   11   13 1.000000
   188   11   14 1.000000
   188   11   15 1.000000
   188   11   16 1.000000
   188   11   17 1.000000
   188   11   18 1.000000
   188   11   19 1.000000
   188   11   20 1.000000
   188   11   21 1.000000
   188   11   22 1.000000
   188   11   23 1.000000
   188   11   24 1.000000
   188   11   25 1.000000
   188   11   26 1.000000
   188   11   27 1.000000
   188   12   13 1.000000
   188   12   14 1.000000
   188   12   15 1.000000
   188   12   16 1.000000
   188   12   17 1.000000
   188   12   18 1.000000
   188   12   19 1.000000
   188   12   20 1.000000
   188   12   21 1.000000
   188   12   22 1.000000
   188   12   23 1.000000
   188   12   24 1.000000
   188   12   25 1.000000
   188   12   26 1.000000
   188   12   27 1.000000
   188   13   14 1.000000
   188   13   15 1.000000
   188   13   16 1.000000
   188   13   17 1.000000
   188   13   18 1.000000
   188   13   19 1.000000
   188   13   20 1.000000
   188   13   21 1.000000
   188   13   22 1.000000
   188   13   23 1.000000
   188   13   24 1.000000
   188   13   25 1.000000
   188   13   26 1.000000
   188   13   27 1.000000
   188   14   15 1.000000
   188   14   16 1.000000
   188   14   17 1.000000
   188   14   18 1.000000
   188   14   19 1.000000
   188   14   20 1.000000
   188   14   21 1.000000
   188   14   22 1.000000
   188   14   23 1.000000
   188   14   24 1.000000
   188   14   25 1.000000
   188   14   26 1.000000
   188   14   27 1.000000
   188   15   16 1.000000
   188   15   17 1.000000
   188   15   18 1.000000
   188   15   19 1.000000
   188   15   20 1.000000
   188   15   21 1.000000
   188   15   22 1.000000
   188   15   23 1.000000
   188   15   24 1.000000
   188   15   25 1.000000
   188   15   26 1.000000
   188   15   27 1.000000
   188   16   17 1.000000
   188   16   18 1.000000
   188   16   19 1.000000
   188   16   20 1.000000
   188   16   21 1.000000
   188   16   22 1.000000
   188   16   23 1.000000
   188   16   24 1.000000
   188   16   25 1.000000
   188   16   26 1.000000
   188   16   27 1.000000
   188   17   18 1.000000
   188   17   19 1.000000
   188   17   20 1.000000
   188   17   21 1.000000
   188   17   22 1.000000
   188   17   23 1.000000
   188   17   24 1.000000
   188   17   25 1.000000
   188   17   26 1.000000
   188   17   27 1.000000
   188   18   19 1.000000
   188   18   20 1.000000
   188   18   21 1.000000
   188   18   22 1.000000
   188   18   23 1.000000
   188   18   24 1.000000
   188   18   25 1.000000
   188   18   26 1.000000
   188   18   27 1.000000
   188   19   20 1.000000
   188   19   21 1.000000
   188   19   22 1.000000
   188   19   23 1.000000
   188   19   24 1.000000
   188   19   25 1.000000
   188   19   26 1.000000
   188   19   27 1.000000
   188   20   21 1.000000
   188   20   22 1.000000
   188   20   23 1.000000
   188   20   24 1.000000
   188   20   25 1.000000
   188   20   26 1.000000
   188   20   27 1.000000
   188   21   22 1.000000
   188   21   23 1.000000
   188   21   24 1.000000
   188   21   25 1.000000
   188   21   26 1.000000
   188   21   27 1.000000
   188   22   23 1.000000
   188   22   24 1.000000
   188   22   25 1.000000
   188   22   26 1.000000
   188   22   27 1.000000
   188   23   24 1.000000
   188   23   25 1.000000
   188   23   26 1.000000
   188   23   27 1.000000
   188   24   25 1.000000
   188   24   26 1.000000
   188   24   27 1.000000
   188   25   26 1.000000
   188   25   27 1.000000
   188   26   27 1.000000
   189    1    2 1.000000
   189    1    3 1.000000
   189    1    4 1.000000
   189    1    5 1.000000
   189    1    6 1.000000
   189    1    7 1.000000
   189    1    8 1.000000
   189    1    9 1.000000
   189    1   10 1.000000
   189    1   11 1.000000
   189    1   12 1.000000
   189    1   13 1.000000
   189    1   14 1.000000
   189    1   15 1.000000
   189    1   16 1.000000
   189    1   17 1.000000
   189    1   18 1.000000
   189    1   19 1.000000
   189    1   20 1.000000
   189    1   21 1.000000
   189    1   22 1.000000
   189    1   23 1.000000
   189    1   24 1.000000
   189    1   25 1.000000
   189    1   26 1.000000
   189    1   27 1.000000
   189    2    3 1.000000
   189    2    4 1.000000
   189    2    5 1.000000
   189    2    6 1.000000
   189    2    7 1.000000
   189    2    8 1.000000
   189    2    9 1.000000
   189    2   10 1.000000
   189    2   11 1.000000
   189    2   12 1.000000
   189    2   13 1.000000
   189    2   14 1.000000
   189    2   15 1.000000
   189    2   16 1.000000
   189    2   17 1.000000
   189    2   18 1.000000
   189    2   19 1.000000
   189    2   20 1.000000
   189    2   21 1.000000
   189    2   22 1.000000
   189    2   23 1.000000
   189    2   24 1.000000
   189    2   25 1.000000
   189    2   26 1.000000
   189    2   27 1.000000
   189    3    4 1.000000
   189    3    5 1.000000
   189    3    6 1.000000
   189    3    7 1.000000
   189    3    8 1.000000
   189    3    9 1.000000
   189    3   10 1.000000
   189    3   11 1.000000
   189    3   12 1.000000
   189    3   13 1.000000
   189    3   14 1.000000
   189    3   15 1.000000
   189    3   16 1.000000
   189    3   17 1.000000
   189    3   18 1.000000
   189    3   19 1.000000
   189    3   20 1.000000
   189    3   21 1.000000
   189    3   22 1.000000
   189    3   23 1.000000
   189    3   24 1.000000
   189    3   25 1.000000
   189    3   26 1.000000
   189    3   27 1.000000
   189    4    5 1.000000
   189    4    6 1.000000
   189    4    7 1.000000
   189    4    8 1.000000
   189    4    9 1.000000
   189    4   10 1.000000
   189    4   11 1.000000
   189    4   12 1.000000
   189    4   13 1.000000
   189    4   14 1.000000
   189    4   15 1.000000
   189    4   16 1.000000
   189    4   17 1.000000
   189    4   18 1.000000
   189    4   19 1.000000
   189    4   20 1.000000
   189    4   21 1.000000
   189    4   22 1.000000
   189    4   23 1.000000
   189    4   24 1.000000
   189    4   25 1.000000
   189    4   26 1.000000
   189    4   27 1.000000
   189    5    6 1.000000
   189    5    7 1.000000
   189    5    8 1.000000
   189    5    9 1.000000
   189    5   10 1.000000
   189    5   11 1.000000
   189    5   12 1.000000
   189    5   13 1.000000
   189    5   14 1.000000
   189    5   15 1.000000
   189    5   16 1.000000
   189    5   17 1.000000
   189    5   18 1.000000
   189    5   19 1.000000
   189    5   20 1.000000
   189    5   21 1.000000
   189    5   22 1.000000
   189    5   23 1.000000
   189    5   24 1.000000
   189    5   25 1.000000
   189    5   26 1.000000
   189    5   27 1.000000
   189    6    7 1.000000
   189    6    8 1.000000
   189    6    9 1.000000
   189    6   10 1.000000
   189    6   11 1.000000
   189    6   12 1.000000
   189    6   13 1.000000
   189    6   14 1.000000
   189    6   15 1.000000
   189    6   16 1.000000
   189    6   17 1.000000
   189    6   18 1.000000
   189    6   19 1.000000
   189    6   20 1.000000
   189    6   21 1.000000
   189    6   22 1.000000
   189    6   23 1.000000
   189    6   24 1.000000
   189    6   25 1.000000
   189    6   26 1.000000
   189    6   27 1.000000
   189    7    8 1.000000
   189    7    9 1.000000
   189    7   10 1.000000
   189    7   11 1.000000
   189    7   12 1.000000
   189    7   13 1.000000
   189    7   14 1.000000
   189    7   15 1.000000
   189    7   16 1.000000
   189    7   17 1.000000
   189    7   18 1.000000
   189    7   19 1.000000
   189    7   20 1.000000
   189    7   21 1.000000
   189    7   22 1.000000
   189    7   23 1.000000
   189    7   24 1.000000
   189    7   25 1.000000
   189    7   26 1.000000
   189    7   27 1.000000
   189    8    9 1.000000
   189    8   10 1.000000
   189    8   11 1.000000
   189    8   12 1.000000
   189    8   13 1.000000
   189    8   14 1.000000
   189    8   15 1.000000
   189    8   16 1.000000
   189    8   17 1.000000
   189    8   18 1.000000
   189    8   19 1.000000
   189    8   20 1.000000
   189    8   21 1.000000
   189    8   22 1.000000
   189    8   23 1.000000
   189    8   24 1.000000
   189    8   25 1.000000
   189    8   26 1.000000
   189    8   27 1.000000
   189    9   10 1.000000
   189    9   11 1.000000
   189    9   12 1.000000
   189    9   13 1.000000
   189    9   14 1.000000
   189    9   15 1.000000
   189    9   16 1.000000
   189    9   17 1.000000
   189    9   18 1.000000
   189    9   19 1.000000
   189    9   20 1.000000
   189    9   21 1.000000
   189    9   22 1.000000
   189    9   23 1.000000
   189    9   24 1.000000
   189    9   25 1.000000
   189    9   26 1.000000
   189    9   27 1.000000
   189   10   11 1.000000
   189   10   12 1.000000
   189   10   13 1.000000
   189   10   14 1.000000
   189   10   15 1.000000
   189   10   16 1.000000
   189   10   17 1.000000
   189   10   18 1.000000
   189   10   19 1.000000
   189   10   20 1.000000
   189   10   21 1.000000
   189   10   22 1.000000
   189   10   23 1.000000
   189   10   24 1.000000
   189   10   25 1.000000
   189   10   26 1.000000
   189   10   27 1.000000
   189   11   12 1.000000
   189   11   13 1.000000
   189   11   14 1.000000
   189   11   15 1.000000
   189   11   16 1.000000
   189   11   17 1.000000
   189   11   18 1.000000
   189   11   19 1.000000
   189   11   20 1.000000
   189   11   21 1.000000
   189   11   22 1.000000
   189   11   23 1.000000
   189   11   24 1.000000
   189   11   25 1.000000
   189   11   26 1.000000
   189   11   27 1.000000
   189   12   13 1.000000
   189   12   14 1.000000
   189   12   15 1.000000
   189   12   16 1.000000
   189   12   17 1.000000
   189   12   18 1.000000
   189   12   19 1.000000
   189   12   20 1.000000
   189   12   21 1.000000
   189   12   22 1.000000
   189   12   23 1.000000
   189   12   24 1.000000
   189   12   25 1.000000
   189   12   26 1.000000
   189   12   27 1.000000
   189   13   14 1.000000
   189   13   15 1.000000
   189   13   16 1.000000
   189   13   17 1.000000
   189   13   18 1.000000
   189   13   19 1.000000
   189   13   20 1.000000
   189   13   21 1.000000
   189   13   22 1.000000
   189   13   23 1.000000
   189   13   24 1.000000
   189   13   25 1.000000
   189   13   26 1.000000
   189   13   27 1.000000
   189   14   15 1.000000
   189   14   16 1.000000
   189   14   17 1.000000
   189   14   18 1.000000
   189   14   19 1.000000
   189   14   20 1.000000
   189   14   21 1.000000
   189   14   22 1.000000
   189   14   23 1.000000
   189   14   24 1.000000
   189   14   25 1.000000
   189   14   26 1.000000
   189   14   27 1.000000
   189   15   16 1.000000
   189   15   17 1.000000
   189   15   18 1.000000
   189   15   19 1.000000
   189   15   20 1.000000
   189   15   21 1.000000
   189   15   22 1.000000
   189   15   23 1.000000
   189   15   24 1.000000
   189   15   25 1.000000
   189   15   26 1.000000
   189   15   27 1.000000
   189   16   17 1.000000
   189   16   18 1.000000
   189   16   19 1.000000
   189   16   20 1.000000
   189   16   21 1.000000
   189   16   22 1.000000
   189   16   23 1.000000
   189   16   24 1.000000
   189   16   25 1.000000
   189   16   26 1.000000
   189   16   27 1.000000
   189   17   18 1.000000
   189   17   19 1.000000
   189   17   20 1.000000
   189   17   21 1.000000
   189   17   22 1.000000
   189   17   23 1.000000
   189   17   24 1.000000
   189   17   25 1.000000
   189   17   26 1.000000
   189   17   27 1.000000
   189   18   19 1.000000
   189   18   20 1.000000
   189   18   21 1.000000
   189   18   22 1.000000
   189   18   23 1.000000
   189   18   24 1.000000
   189   18   25 1.000000
   189   18   26 1.000000
   189   18   27 1.000000
   189   19   20 1.000000
   189   19   21 1.000000
   189   19   22 1.000000
   189   19   23 1.000000
   189   19   24 1.000000
   189   19   25 1.000000
   189   19   26 1.000000
   189   19   27 1.000000
   189   20   21 1.000000
   189   20   22 1.000000
   189   20   23 1.000000
   189   20   24 1.000000
   189   20   25 1.000000
   189   20   26 1.000000
   189   20   27 1.000000
   189   21   22 1.000000
   189   21   23 1.000000
   189   21   24 1.000000
   189   21   25 1.000000
   189   21   26 1.000000
   189   21   27 1.000000
   189   22   23 1.000000
   189   22   24 1.000000
   189   22   25 1.000000
   189   22   26 1.000000
   189   22   27 1.000000
   189   23   24 1.000000
   189   23   25 1.000000
   189   23   26 1.000000
   189   23   27 1.000000
   189   24   25 1.000000
   189   24   26 1.000000
   189   24   27 1.000000
   189   25   26 1.000000
   189   25   27 1.000000
   189   26   27 1.000000
   190    1    2 1.000000
   190    1    3 1.000000
   190    1    4 1.000000
   190    1    5 1.000000
   190    1    6 1.000000
   190    1    7 1.000000
   190    1    8 1.000000
   190    1    9 1.000000
   190    1   10 1.000000
   190    1   11 1.000000
   190    1   12 1.000000
   190    1   13 1.000000
   190    1   14 1.000000
   190    1   15 1.000000
   190    1   16 1.000000
   190    1   17 1.000000
   190    1   18 1.000000
   190    1   19 1.000000
   190    1   20 1.000000
   190    1   21 1.000000
   190    1   22 1.000000
   190    1   23 1.000000
   190    1   24 1.000000
   190    1   25 1.000000
   190    1   26 1.000000
   190    1   27 1.000000
   190    2    3 1.000000
   190    2    4 1.000000
   190    2    5 1.000000
   190    2    6 1.000000
   190    2    7 1.000000
   190    2    8 1.000000
   190    2    9 1.000000
   190    2   10 1.000000
   190    2   11 1.000000
   190    2   12 1.000000
   190    2   13 1.000000
   190    2   14 1.000000
   190    2   15 1.000000
   190    2   16 1.000000
   190    2   17 1.000000
   190    2   18 1.000000
   190    2   19 1.000000
   190    2   20 1.000000
   190    2   21 1.000000
   190    2   22 1.000000
   190    2   23 1.000000
   190    2   24 1.000000
   190    2   25 1.000000
   190    2   26 1.000000
   190    2   27 1.000000
   190    3    4 1.000000
   190    3    5 1.000000
   190    3    6 1.000000
   190    3    7 1.000000
   190    3    8 1.000000
   190    3    9 1.000000
   190    3   10 1.000000
   190    3   11 1.000000
   190    3   12 1.000000
   190    3   13 1.000000
   190    3   14 1.000000
   190    3   15 1.000000
   190    3   16 1.000000
   190    3   17 1.000000
   190    3   18 1.000000
   190    3   19 1.000000
   190    3   20 1.000000
   190    3   21 1.000000
   190    3   22 1.000000
   190    3   23 1.000000
   190    3   24 1.000000
   190    3   25 1.000000
   190    3   26 1.000000
   190    3   27 1.000000
   190    4    5 1.000000
   190    4    6 1.000000
   190    4    7 1.000000
   190    4    8 1.000000
   190    4    9 1.000000
   190    4   10 1.000000
   190    4   11 1.000000
   190    4   12 1.000000
   190    4   13 1.000000
   190    4   14 1.000000
   190    4   15 1.000000
   190    4   16 1.000000
   190    4   17 1.000000
   190    4   18 1.000000
   190    4   19 1.000000
   190    4   20 1.000000
   190    4   21 1.000000
   190    4   22 1.000000
   190    4   23 1.000000
   190    4   24 1.000000
   190    4   25 1.000000
   190    4   26 1.000000
   190    4   27 1.000000
   190    5    6 1.000000
   190    5    7 1.000000
   190    5    8 1.000000
   190    5    9 1.000000
   190    5   10 1.000000
   190    5   11 1.000000
   190    5   12 1.000000
   190    5   13 1.000000
   190    5   14 1.000000
   190    5   15 1.000000
   190    5   16 1.000000
   190    5   17 1.000000
   190    5   18 1.000000
   190    5   19 1.000000
   190    5   20 1.000000
   190    5   21 1.000000
   190    5   22 1.000000
   190    5   23 1.000000
   190    5   24 1.000000
   190    5   25 1.000000
   190    5   26 1.000000
   190    5   27 1.000000
   190    6    7 1.000000
   190    6    8 1.000000
   190    6    9 1.000000
   190    6   10 1.000000
   190    6   11 1.000000
   190    6   12 1.000000
   190    6   13 1.000000
   190    6   14 1.000000
   190    6   15 1.000000
   190    6   16 1.000000
   190    6   17 1.000000
   190    6   18 1.000000
   190    6   19 1.000000
   190    6   20 1.000000
   190    6   21 1.000000
   190    6   22 1.000000
   190    6   23 1.000000
   190    6   24 1.000000
   190    6   25 1.000000
   190    6   26 1.000000
   190    6   27 1.000000
   190    7    8 1.000000
   190    7    9 1.000000
   190    7   10 1.000000
   190    7   11 1.000000
   190    7   12 1.000000
   190    7   13 1.000000
   190    7   14 1.000000
   190    7   15 1.000000
   190    7   16 1.000000
   190    7   17 1.000000
   190    7   18 1.000000
   190    7   19 1.000000
   190    7   20 1.000000
   190    7   21 1.000000
   190    7   22 1.000000
   190    7   23 1.000000
   190    7   24 1.000000
   190    7   25 1.000000
   190    7   26 1.000000
   190    7   27 1.000000
   190    8    9 1.000000
   190    8   10 1.000000
   190    8   11 1.000000
   190    8   12 1.000000
   190    8   13 1.000000
   190    8   14 1.000000
   190    8   15 1.000000
   190    8   16 1.000000
   190    8   17 1.000000
   190    8   18 1.000000
   190    8   19 1.000000
   190    8   20 1.000000
   190    8   21 1.000000
   190    8   22 1.000000
   190    8   23 1.000000
   190    8   24 1.000000
   190    8   25 1.000000
   190    8   26 1.000000
   190    8   27 1.000000
   190    9   10 1.000000
   190    9   11 1.000000
   190    9   12 1.000000
   190    9   13 1.000000
   190    9   14 1.000000
   190    9   15 1.000000
   190    9   16 1.000000
   190    9   17 1.000000
   190    9   18 1.000000
   190    9   19 1.000000
   190    9   20 1.000000
   190    9   21 1.000000
   190    9   22 1.000000
   190    9   23 1.000000
   190    9   24 1.000000
   190    9   25 1.000000
   190    9   26 1.000000
   190    9   27 1.000000
   190   10   11 1.000000
   190   10   12 1.000000
   190   10   13 1.000000
   190   10   14 1.000000
   190   10   15 1.000000
   190   10   16 1.000000
   190   10   17 1.000000
   190   10   18 1.000000
   190   10   19 1.000000
   190   10   20 1.000000
   190   10   21 1.000000
   190   10   22 1.000000
   190   10   23 1.000000
   190   10   24 1.000000
   190   10   25 1.000000
   190   10   26 1.000000
   190   10   27 1.000000
   190   11   12 1.000000
   190   11   13 1.000000
   190   11   14 1.000000
   190   11   15 1.000000
   190   11   16 1.000000
   190   11   17 1.000000
   190   11   18 1.000000
   190   11   19 1.000000
   190   11   20 1.000000
   190   11   21 1.000000
   190   11   22 1.000000
   190   11   23 1.000000
   190   11   24 1.000000
   190   11   25 1.000000
   190   11   26 1.000000
   190   11   27 1.000000
   190   12   13 1.000000
   190   12   14 1.000000
   190   12   15 1.000000
   190   12   16 1.000000
   190   12   17 1.000000
   190   12   18 1.000000
   190   12   19 1.000000
   190   12   20 1.000000
   190   12   21 1.000000
   190   12   22 1.000000
   190   12   23 1.000000
   190   12   24 1.000000
   190   12   25 1.000000
   190   12   26 1.000000
   190   12   27 1.000000
   190   13   14 1.000000
   190   13   15 1.000000
   190   13   16 1.000000
   190   13   17 1.000000
   190   13   18 1.000000
   190   13   19 1.000000
   190   13   20 1.000000
   190   13   21 1.000000
   190   13   22 1.000000
   190   13   23 1.000000
   190   13   24 1.000000
   190   13   25 1.000000
   190   13   26 1.000000
   190   13   27 1.000000
   190   14   15 1.000000
   190   14   16 1.000000
   190   14   17 1.000000
   190   14   18 1.000000
   190   14   19 1.000000
   190   14   20 1.000000
   190   14   21 1.000000
   190   14   22 1.000000
   190   14   23 1.000000
   190   14   24 1.000000
   190   14   25 1.000000
   190   14   26 1.000000
   190   14   27 1.000000
   190   15   16 1.000000
   190   15   17 1.000000
   190   15   18 1.000000
   190   15   19 1.000000
   190   15   20 1.000000
   190   15   21 1.000000
   190   15   22 1.000000
   190   15   23 1.000000
   190   15   24 1.000000
   190   15   25 1.000000
   190   15   26 1.000000
   190   15   27 1.000000
   190   16   17 1.000000
   190   16   18 1.000000
   190   16   19 1.000000
   190   16   20 1.000000
   190   16   21 1.000000
   190   16   22 1.000000
   190   16   23 1.000000
   190   16   24 1.000000
   190   16   25 1.000000
   190   16   26 1.000000
   190   16   27 1.000000
   190   17   18 1.000000
   190   17   19 1.000000
   190   17   20 1.000000
   190   17   21 1.000000
   190   17   22 1.000000
   190   17   23 1.000000
   190   17   24 1.000000
   190   17   25 1.000000
   190   17   26 1.000000
   190   17   27 1.000000
   190   18   19 1.000000
   190   18   20 1.000000
   190   18   21 1.000000
   190   18   22 1.000000
   190   18   23 1.000000
   190   18   24 1.000000
   190   18   25 1.000000
   190   18   26 1.000000
   190   18   27 1.000000
   190   19   20 1.000000
   190   19   21 1.000000
   190   19   22 1.000000
   190   19   23 1.000000
   190   19   24 1.000000
   190   19   25 1.000000
   190   19   26 1.000000
   190   19   27 1.000000
   190   20   21 1.000000
   190   20   22 1.000000
   190   20   23 1.000000
   190   20   24 1.000000
   190   20   25 1.000000
   190   20   26 1.000000
   190   20   27 1.000000
   190   21   22 1.000000
   190   21   23 1.000000
   190   21   24 1.000000
   190   21   25 1.000000
   190   21   26 1.000000
   190   21   27 1.000000
   190   22   23 1.000000
   190   22   24 1.000000
   190   22   25 1.000000
   190   22   26 1.000000
   190   22   27 1.000000
   190   23   24 1.000000
   190   23   25 1.000000
   190   23   26 1.000000
   190   23   27 1.000000
   190   24   25 1.000000
   190   24   26 1.000000
   190   24   27 1.000000
   190   25   26 1.000000
   190   25   27 1.000000
   190   26   27 1.000000
   191    1    2 1.000000
   191    1    3 1.000000
   191    1    4 1.000000
   191    1    5 1.000000
   191    1    6 1.000000
   191    1    7 1.000000
   191    1    8 1.000000
   191    1    9 1.000000
   191    1   10 1.000000
   191    1   11 1.000000
   191    1   12 1.000000
   191    1   13 1.000000
   191    1   14 1.000000
   191    1   15 1.000000
   191    1   16 1.000000
   191    1   17 1.000000
   191    1   19 1.000000
   191    1   21 1.000000
   191    1   22 1.000000
   191    1   23 1.000000
   191    1   24 1.000000
   191    1   25 1.000000
   191    1   26 1.000000
   191    1   27 1.000000
   191    2    3 1.000000
   191    2    4 1.000000
   191    2    5 1.000000
   191    2    6 1.000000
   191    2    7 1.000000
   191    2    8 1.000000
   191    2    9 1.000000
   191    2   10 1.000000
   191    2   11 1.000000
   191    2   12 1.000000
   191    2   13 1.000000
   191    2   14 1.000000
   191    2   15 1.000000
   191    2   16 1.000000
   191    2   17 1.000000
   191    2   19 1.000000
   191    2   21 1.000000
   191    2   22 1.000000
   191    2   23 1.000000
   191    2   24 1.000000
   191    2   25 1.000000
   191    2   26 1.000000
   191    2   27 1.000000
   191    3    4 1.000000
   191    3    5 1.000000
   191    3    6 1.000000
   191    3    7 1.000000
   191    3    8 1.000000
   191    3    9 1.000000
   191    3   10 1.000000
   191    3   11 1.000000
   191    3   12 1.000000
   191    3   13 1.000000
   191    3   14 1.000000
   191    3   15 1.000000
   191    3   16 1.000000
   191    3   17 1.000000
   191    3   19 1.000000
   191    3   21 1.000000
   191    3   22 1.000000
   191    3   23 1.000000
   191    3   24 1.000000
   191    3   25 1.000000
   191    3   26 1.000000
   191    3   27 1.000000
   191    4    5 1.000000
   191    4    6 1.000000
   191    4    7 1.000000
   191    4    8 1.000000
   191    4    9 1.000000
   191    4   10 1.000000
   191    4   11 1.000000
   191    4   12 1.000000
   191    4   13 1.000000
   191    4   14 1.000000
   191    4   15 1.000000
   191    4   16 1.000000
   191    4   17 1.000000
   191    4   19 1.000000
   191    4   21 1.000000
   191    4   22 1.000000
   191    4   23 1.000000
   191    4   24 1.000000
   191    4   25 1.000000
   191    4   26 1.000000
   191    4   27 1.000000
   191    5    6 1.000000
   191    5    7 1.000000
   191    5    8 1.000000
   191    5    9 1.000000
   191    5   10 1.000000
   191    5   11 1.000000
   191    5   12 1.000000
   191    5   13 1.000000
   191    5   14 1.000000
   191    5   15 1.000000
   191    5   16 1.000000
   191    5   17 1.000000
   191    5   19 1.000000
   191    5   21 1.000000
   191    5   22 1.000000
   191    5   23 1.000000
   191    5   24 1.000000
   191    5   25 1.000000
   191    5   26 1.000000
   191    5   27 1.000000
   191    6    7 1.000000
   191    6    8 1.000000
   191    6    9 1.000000
   191    6   10 1.000000
   191    6   11 1.000000
   191    6   12 1.000000
   191    6   13 1.000000
   191    6   14 1.000000
   191    6   15 1.000000
   191    6   16 1.000000
   191    6   17 1.000000
   191    6   19 1.000000
   191    6   21 1.000000
   191    6   22 1.000000
   191    6   23 1.000000
   191    6   24 1.000000
   191    6   25 1.000000
   191    6   26 1.000000
   191    6   27 1.000000
   191    7    8 1.000000
   191    7    9 1.000000
   191    7   10 1.000000
   191    7   11 1.000000
   191    7   12 1.000000
   191    7   13 1.000000
   191    7   14 1.000000
   191    7   15 1.000000
   191    7   16 1.000000
   191    7   17 1.000000
   191    7   19 1.000000
   191    7   21 1.000000
   191    7   22 1.000000
   191    7   23 1.000000
   191    7   24 1.000000
   191    7   25 1.000000
   191    7   26 1.000000
   191    7   27 1.000000
   191    8    9 1.000000
   191    8   10 1.000000
   191    8   11 1.000000
   191    8   12 1.000000
   191    8   13 1.000000
   191    8   14 1.000000
   191    8   15 1.000000
   191    8   16 1.000000
   191    8   17 1.000000
   191    8   19 1.000000
   191    8   21 1.000000
   191    8   22 1.000000
   191    8   23 1.000000
   191    8   24 1.000000
   191    8   25 1.000000
   191    8   26 1.000000
   191    8   27 1.000000
   191    9   10 1.000000
   191    9   11 1.000000
   191    9   12 1.000000
   191    9   13 1.000000
   191    9   14 1.000000
   191    9   15 1.000000
   191    9   16 1.000000
   191    9   17 1.000000
   191    9   19 1.000000
   191    9   21 1.000000
   191    9   22 1.000000
   191    9   23 1.000000
   191    9   24 1.000000
   191    9   25 1.000000
   191    9   26 1.000000
   191    9   27 1.000000
   191   10   11 1.000000
   191   10   12 1.000000
   191   10   13 1.000000
   191   10   14 1.000000
   191   10   15 1.000000
   191   10   16 1.000000
   191   10   17 1.000000
   191   10   19 1.000000
   191   10   21 1.000000
   191   10   22 1.000000
   191   10   23 1.000000
   191   10   24 1.000000
   191   10   25 1.000000
   191   10   26 1.000000
   191   10   27 1.000000
   191   11   12 1.000000
   191   11   13 1.000000
   191   11   14 1.000000
   191   11   15 1.000000
   191   11   16 1.000000
   191   11   17 1.000000
   191   11   19 1.000000
   191   11   21 1.000000
   191   11   22 1.000000
   191   11   23 1.000000
   191   11   24 1.000000
   191   11   25 1.000000
   191   11   26 1.000000
   191   11   27 1.000000
   191   12   13 1.000000
   191   12   14 1.000000
   191   12   15 1.000000
   191   12   16 1.000000
   191   12   17 1.000000
   191   12   19 1.000000
   191   12   21 1.000000
   191   12   22 1.000000
   191   12   23 1.000000
   191   12   24 1.000000
   191   12   25 1.000000
   191   12   26 1.000000
   191   12   27 1.000000
   191   13   14 1.000000
   191   13   15 1.000000
   191   13   16 1.000000
   191   13   17 1.000000
   191   13   19 1.000000
   191   13   21 1.000000
   191   13   22 1.000000
   191   13   23 1.000000
   191   13   24 1.000000
   191   13   25 1.000000
   191   13   26 1.000000
   191   13   27 1.000000
   191   14   15 1.000000
   191   14   16 1.000000
   191   14   17 1.000000
   191   14   19 1.000000
   191   14   21 1.000000
   191   14   22 1.000000
   191   14   23 1.000000
   191   14   24 1.000000
   191   14   25 1.000000
   191   14   26 1.000000
   191   14   27 1.000000
   191   15   16 1.000000
   191   15   17 1.000000
   191   15   19 1.000000
   191   15   21 1.000000
   191   15   22 1.000000
   191   15   23 1.000000
   191   15   24 1.000000
   191   15   25 1.000000
   191   15   26 1.000000
   191   15   27 1.000000
   191   16   17 1.000000
   191   16   19 1.000000
   191   16   21 1.000000
   191   16   22 1.000000
   191   16   23 1.000000
   191   16   24 1.000000
   191   16   25 1.000000
   191   16   26 1.000000
   191   16   27 1.000000
   191   17   19 1.000000
   191   17   21 1.000000
   191   17   22 1.000000
   191   17   23 1.000000
   191   17   24 1.000000
   191   17   25 1.000000
   191   17   26 1.000000
   191   17   27 1.000000
   191   19   21 1.000000
   191   19   22 1.000000
   191   19   23 1.000000
   191   19   24 1.000000
   191   19   25 1.000000
   191   19   26 1.000000
   191   19   27 1.000000
   191   21   22 1.000000
   191   21   23 1.000000
   191   21   24 1.000000
   191   21   25 1.000000
   191   21   26 1.000000
   191   21   27 1.000000
   191   22   23 1.000000
   191   22   24 1.000000
   191   22   25 1.000000
   191   22   26 1.000000
   191   22   27 1.000000
   191   23   24 1.000000
   191   23   25 1.000000
   191   23   26 1.000000
   191   23   27 1.000000
   191   24   25 1.000000
   191   24   26 1.000000
   191   24   27 1.000000
   191   25   26 1.000000
   191   25   27 1.000000
   191   26   27 1.000000
   192    1    2 1.000000
   192    1    3 1.000000
   192    1    4 1.000000
   192    1    5 1.000000
   192    1    6 0.520833
   192    1    7 1.000000
   192    1    8 1.000000
   192    1    9 1.000000
   192    1   10 1.000000
   192    1   11 1.000000
   192    1   12 1.000000
   192    1   13 1.000000
   192    1   14 1.000000
   192    1   15 1.000000
   192    1   16 1.000000
   192    1   17 1.000000
   192    1   18 0.479167
   192    1   19 1.000000
   192    1   21 1.000000
   192    1   22 1.000000
   192    1   23 1.000000
   192    1   24 1.000000
   192    1   25 1.000000
   192    1   26 1.000000
   192    1   27 1.000000
   192    2    3 1.000000
   192    2    4 1.000000
   192    2    5 1.000000
   192    2    6 0.520833
   192    2    7 1.000000
   192    2    8 1.000000
   192    2    9 1.000000
   192    2   10 1.000000
   192    2   11 1.000000
   192    2   12 1.000000
   192    2   13 1.000000
   192    2   14 1.000000
   192    2   15 1.000000
   192    2   16 1.000000
   192    2   17 1.000000
   192    2   18 0.479167
   192    2   19 1.000000
   192    2   21 1.000000
   192    2   22 1.000000
   192    2   23 1.000000
   192    2   24 1.000000
   192    2   25 1.000000
   192    2   26 1.000000
   192    2   27 1.000000
   192    3    4 1.000000
   192    3    5 1.000000
   192    3    6 0.520833
   192    3    7 1.000000
   192    3    8 1.000000
   192    3    9 1.000000
   192    3   10 1.000000
   192    3   11 1.000000
   192    3   12 1.000000
   192    3   13 1.000000
   192    3   14 1.000000
   192    3   15 1.000000
   192    3   16 1.000000
   192    3   17 1.000000
   192    3   18 0.479167
   192    3   19 1.000000
   192    3   21 1.000000
   192    3   22 1.000000
   192    3   23 1.000000
   192    3   24 1.000000
   192    3   25 1.000000
   192    3   26 1.000000
   192    3   27 1.000000
   192    4    5 1.000000
   192    4    6 0.520833
   192    4    7 1.000000
   192    4    8 1.000000
   192    4    9 1.000000
   192    4   10 1.000000
   192    4   11 1.000000
   192    4   12 1.000000
   192    4   13 1.000000
   192    4   14 1.000000
   192    4   15 1.000000
   192    4   16 1.000000
   192    4   17 1.000000
   192    4   18 0.479167
   192    4   19 1.000000
   192    4   21 1.000000
   192    4   22 1.000000
   192    4   23 1.000000
   192    4   24 1.000000
   192    4   25 1.000000
   192    4   26 1.000000
   192    4   27 1.000000
   192    5    6 0.520833
   192    5    7 1.000000
   192    5    8 1.000000
   192    5    9 1.000000
   192    5   10 1.000000
   192    5   11 1.000000
   192    5   12 1.000000
   192    5   13 1.000000
   192    5   14 1.000000
   192    5   15 1.000000
   192    5   16 1.000000
   192    5   17 1.000000
   192    5   18 0.479167
   192    5   19 1.000000
   192    5   21 1.000000
   192    5   22 1.000000
   192    5   23 1.000000
   192    5   24 1.000000
   192    5   25 1.000000
   192    5   26 1.000000
   192    5   27 1.000000
   192    6    7 0.520833
   192    6    8 0.520833
   192    6    9 0.520833
   192    6   10 0.520833
   192    6   11 0.520833
   192    6   12 0.520833
   192    6   13 0.520833
   192    6   14 0.520833
   192    6   15 0.520833
   192    6   16 0.520833
   192    6   17 0.520833
   192    6   18 0.479167
   192    6   19 0.520833
   192    6   21 0.520833
   192    6   22 0.520833
   192    6   23 0.520833
   192    6   24 0.520833
   192    6   25 0.520833
   192    6   26 0.520833
   192    6   27 0.520833
   192    7    8 1.000000
   192    7    9 1.000000
   192    7   10 1.000000
   192    7   11 1.000000
   192    7   12 1.000000
   192    7   13 1.000000
   192    7   14 1.000000
   192    7   15 1.000000
   192    7   16 1.000000
   192    7   17 1.000000
   192    7   18 0.479167
   192    7   19 1.000000
   192    7   21 1.000000
   192    7   22 1.000000
   192    7   23 1.000000
   192    7   24 1.000000
   192    7   25 1.000000
   192    7   26 1.000000
   192    7   27 1.000000
   192    8    9 1.000000
   192    8   10 1.000000
   192    8   11 1.000000
   192    8   12 1.000000
   192    8   13 1.000000
   192    8   14 1.000000
   192    8   15 1.000000
   192    8   16 1.000000
   192    8   17 1.000000
   192    8   18 0.479167
   192    8   19 1.000000
   192    8   21 1.000000
   192    8   22 1.000000
   192    8   23 1.000000
   192    8   24 1.000000
   192    8   25 1.000000
   192    8   26 1.000000
   192    8   27 1.000000
   192    9   10 1.000000
   192    9   11 1.000000
   192    9   12 1.000000
   192    9   13 1.000000
   192    9   14 1.000000
   192    9   15 1.000000
   192    9   16 1.000000
   192    9   17 1.000000
   192    9   18 0.479167
   192    9   19 1.000000
   192    9   21 1.000000
   192    9   22 1.000000
   192    9   23 1.000000
   192    9   24 1.000000
   192    9   25 1.000000
   192    9   26 1.000000
   192    9   27 1.000000
   192   10   11 1.000000
   192   10   12 1.000000
   192   10   13 1.000000
   192   10   14 1.000000
   192   10   15 1.000000
   192   10   16 1.000000
   192   10   17 1.000000
   192   10   18 0.479167
   192   10   19 1.000000
   192   10   21 1.000000
   192   10   22 1.000000
   192   10   23 1.000000
   192   10   24 1.000000
   192   10   25 1.000000
   192   10   26 1.000000
   192   10   27 1.000000
   192   11   12 1.000000
   192   11   13 1.000000
   192   11   14 1.000000
   192   11   15 1.000000
   192   11   16 1.000000
   192   11   17 1.000000
   192   11   18 0.479167
   192   11   19 1.000000
   192   11   21 1.000000
   192   11   22 1.000000
   192   11   23 1.000000
   192   11   24 1.000000
   192   11   25 1.000000
   192   11   26 1.000000
   192   11   27 1.000000
   192   12   13 1.000000
   192   12   14 1.000000
   192   12   15 1.000000
   192   12   16 1.000000
   192   12   17 1.000000
   192   12   18 0.479167
   192   12   19 1.000000
   192   12   21 1.000000
   192   12   22 1.000000
   192   12   23 1.000000
   192   12   24 1.000000
   192   12   25 1.000000
   192   12   26 1.000000
   192   12   27 1.000000
   192   13   14 1.000000
   192   13   15 1.000000
   192   13   16 1.000000
   192   13   17 1.000000
   192   13   18 0.479167
   192   13   19 1.000000
   192   13   21 1.000000
   192   13   22 1.000000
   192   13   23 1.000000
   192   13   24 1.000000
   192   13   25 1.000000
   192   13   26 1.000000
   192   13   27 1.000000
   192   14   15 1.000000
   192   14   16 1.000000
   192   14   17 1.000000
   192   14   18 0.479167
   192   14   19 1.000000
   192   14   21 1.000000
   192   14   22 1.000000
   192   14   23 1.000000
   192   14   24 1.000000
   192   14   25 1.000000
   192   14   26 1.000000
   192   14   27 1.000000
   192   15   16 1.000000
   192   15   17 1.000000
   192   15   18 0.479167
   192   15   19 1.000000
   192   15   21 1.000000
   192   15   22 1.000000
   192   15   23 1.000000
   192   15   24 1.000000
   192   15   25 1.000000
   192   15   26 1.000000
   192   15   27 1.000000
   192   16   17 1.000000
   192   16   18 0.479167
   192   16   19 1.000000
   192   16   21 1.000000
   192   16   22 1.000000
   192   16   23 1.000000
   192   16   24 1.000000
   192   16   25 1.000000
   192   16   26 1.000000
   192   16   27 1.000000
   192   17   18 0.479167
   192   17   19 1.000000
   192   17   21 1.000000
   192   17   22 1.000000
   192   17   23 1.000000
   192   17   24 1.000000
   192   17   25 1.000000
   192   17   26 1.000000
   192   17   27 1.000000
   192   18   19 0.479167
   192   18   21 0.479167
   192   18   22 0.479167
   192   18   23 0.479167
   192   18   24 0.479167
   192   18   25 0.479167
   192   18   26 0.479167
   192   18   27 0.479167
   192   19   21 1.000000
   192   19   22 1.000000
   192   19   23 1.000000
   192   19   24 1.000000
   192   19   25 1.000000
   192   19   26 1.000000
   192   19   27 1.000000
   192   21   22 1.000000
   192   21   23 1.000000
   192   21   24 1.000000
   192   21   25 1.000000
   192   21   26 1.000000
   192   21   27 1.000000
   192   22   23 1.000000
   192   22   24 1.000000
   192   22   25 1.000000
   192   22   26 1.000000
   192   22   27 1.000000
   192   23   24 1.000000
   192   23   25 1.000000
   192   23   26 1.000000
   192   23   27 1.000000
   192   24   25 1.000000
   192   24   26 1.000000
   192   24   27 1.000000
   192   25   26 1.000000
   192   25   27 1.000000
   192   26   27 1.000000
   193    2    6 0.520833
   193    2    7 1.000000
   193    2    8 0.812500
   193    2    9 0.875000
   193    2   10 0.958333
   193    2   13 0.937500
   193    2   18 0.479167
   193    2   20 0.479167
   193    2   21 0.895833
   193    2   22 0.895833
   193    2   23 0.895833
   193    2   24 0.895833
   193    2   25 0.895833
   193    2   26 0.958333
   193    2   27 0.833333
   193    6    7 0.520833
   193    6    8 0.500000
   193    6    9 0.500000
   193    6   10 0.520833
   193    6   13 0.500000
   193    6   18 0.479167
   193    6   20 0.479167
   193    6   21 0.500000
   193    6   22 0.500000
   193    6   23 0.500000
   193    6   24 0.500000
   193    6   25 0.500000
   193    6   26 0.520833
   193    6   27 0.500000
   193    7    8 0.812500
   193    7    9 0.875000
   193    7   10 0.958333
   193    7   13 0.937500
   193    7   18 0.479167
   193    7   20 0.479167
   193    7   21 0.895833
   193    7   22 0.895833
   193    7   23 0.895833
   193    7   24 0.895833
   193    7   25 0.895833
   193    7   26 0.958333
   193    7   27 0.833333
   193    8    9 0.687500
   193    8   10 0.770833
   193    8   13 0.875000
   193    8   18 0.458333
   193    8   20 0.458333
   193    8   21 0.916667
   193    8   22 0.916667
   193    8   23 0.916667
   193    8   24 0.916667
   193    8   25 0.916667
   193    8   26 0.770833
   193    8   27 0.979167
   193    9   10 0.916667
   193    9   13 0.812500
   193    9   18 0.458333
   193    9   20 0.458333
   193    9   21 0.770833
   193    9   22 0.770833
   193    9   23 0.770833
   193    9   24 0.770833
   193    9   25 0.770833
   193    9   26 0.916667
   193    9   27 0.708333
   193   10   13 0.895833
   193   10   18 0.479167
   193   10   20 0.479167
   193   10   21 0.854167
   193   10   22 0.854167
   193   10   23 0.854167
   193   10   24 0.854167
   193   10   25 0.854167
   193   10   26 1.000000
   193   10   27 0.791667
   193   13   18 0.458333
   193   13   20 0.458333
   193   13   21 0.958333
   193   13   22 0.958333
   193   13   23 0.958333
   193   13   24 0.958333
   193   13   25 0.958333
   193   13   26 0.895833
   193   13   27 0.895833
   193   18   20 0.500000
   193   18   21 0.458333
   193   18   22 0.458333
   193   18   23 0.458333
   193   18   24 0.458333
   193   18   25 0.458333
   193   18   26 0.479167
   193   18   27 0.458333
   193   20   21 0.458333
   193   20   22 0.458333
   193   20   23 0.458333
   193   20   24 0.458333
   193   20   25 0.458333
   193   20   26 0.479167
   193   20   27 0.458333
   193   21   22 1.000000
   193   21   23 1.000000
   193   21   24 1.000000
   193   21   25 1.000000
   193   21   26 0.854167
   193   21   27 0.937500
   193   22   23 1.000000
   193   22   24 1.000000
   193   22   25 1.000000
   193   22   26 0.854167
   193   22   27 0.937500
   193   23   24 1.000000
   193   23   25 1.000000
   193   23   26 0.854167
   193   23   27 0.937500
   193   24   25 1.000000
   193   24   26 0.854167
   193   24   27 0.937500
   193   25   26 0.854167
   193   25   27 0.937500
   193   26   27 0.791667
   194    1    2 0.791667
   194    1    3 1.000000
   194    1    4 1.000000
   194    1    5 0.958333
   194    1    6 0.458333
   194    1    7 0.791667
   194    1    8 0.604167
   194    1    9 0.916667
   194    1   10 0.833333
   194    1   11 0.687500
   194    1   12 0.687500
   194    1   13 0.729167
   194    1   14 0.687500
   194    1   15 0.687500
   194    1   16 0.687500
   194    1   17 0.687500
   194    1   18 0.729167
   194    1   19 0.687500
   194    1   20 0.729167
   194    1   21 0.687500
   194    1   22 0.687500
   194    1   23 0.687500
   194    1   24 0.687500
   194    1   25 0.687500
   194    1   26 0.833333
   194    1   27 0.625000
   194    2    3 0.791667
   194    2    4 0.791667
   194    2    5 0.750000
   194    2    6 0.520833
   194    2    7 1.000000
   194    2    8 0.812500
   194    2    9 0.875000
   194    2   10 0.958333
   194    2   11 0.479167
   194    2   12 0.479167
   194    2   13 0.937500
   194    2   14 0.479167
   194    2   15 0.479167
   194    2   16 0.479167
   194    2   17 0.479167
   194    2   18 0.645833
   194    2   19 0.479167
   194    2   20 0.645833
   194    2   21 0.895833
   194    2   22 0.895833
   194    2   23 0.895833
   194    2   24 0.895833
   194    2   25 0.895833
   194    2   26 0.958333
   194    2   27 0.833333
   194    3    4 1.000000
   194    3    5 0.958333
   194    3    6 0.458333
   194    3    7 0.791667
   194    3    8 0.604167
   194    3    9 0.916667
   194    3   10 0.833333
   194    3   11 0.687500
   194    3   12 0.687500
   194    3   13 0.729167
   194    3   14 0.687500
   194    3   15 0.687500
   194    3   16 0.687500
   194    3   17 0.687500
   194    3   18 0.729167
   194    3   19 0.687500
   194    3   20 0.729167
   194    3   21 0.687500
   194    3   22 0.687500
   194    3   23 0.687500
   194    3   24 0.687500
   194    3   25 0.687500
   194    3   26 0.833333
   194    3   27 0.625000
   194    4    5 0.958333
   194    4    6 0.458333
   194    4    7 0.791667
   194    4    8 0.604167
   194    4    9 0.916667
   194    4   10 0.833333
   194    4   11 0.687500
   194    4   12 0.687500
   194    4   13 0.729167
   194    4   14 0.687500
   194    4   15 0.687500
   194    4   16 0.687500
   194    4   17 0.687500
   194    4   18 0.729167
   194    4   19 0.687500
   194    4   20 0.729167
   194    4   21 0.687500
   194    4   22 0.687500
   194    4   23 0.687500
   194    4   24 0.687500
   194    4   25 0.687500
   194    4   26 0.833333
   194    4   27 0.625000
   194    5    6 0.437500
   194    5    7 0.750000
   194    5    8 0.562500
   194    5    9 0.875000
   194    5   10 0.791667
   194    5   11 0.729167
   194    5   12 0.729167
   194    5   13 0.687500
   194    5   14 0.729167
   194    5   15 0.729167
   194    5   16 0.729167
   194    5   17 0.729167
   194    5   18 0.729167
   194    5   19 0.729167
   194    5   20 0.729167
   194    5   21 0.645833
   194    5   22 0.645833
   194    5   23 0.645833
   194    5   24 0.645833
   194    5   25 0.645833
   194    5   26 0.791667
   194    5   27 0.583333
   194    6    7 0.520833
   194    6    8 0.500000
   194    6    9 0.500000
   194    6   10 0.520833
   194    6   11 0.291667
   194    6   12 0.291667
   194    6   13 0.500000
   194    6   14 0.291667
   194    6   15 0.291667
   194    6   16 0.291667
   194    6   17 0.291667
   194    6   18 0.479167
   194    6   19 0.291667
   194    6   20 0.479167
   194    6   21 0.500000
   194    6   22 0.500000
   194    6   23 0.500000
   194    6   24 0.500000
   194    6   25 0.500000
   194    6   26 0.520833
   194    6   27 0.500000
   194    7    8 0.812500
   194    7    9 0.875000
   194    7   10 0.958333
   194    7   11 0.479167
   194    7   12 0.479167
   194    7   13 0.937500
   194    7   14 0.479167
   194    7   15 0.479167
   194    7   16 0.479167
   194    7   17 0.479167
   194    7   18 0.645833
   194    7   19 0.479167
   194    7   20 0.645833
   194    7   21 0.895833
   194    7   22 0.895833
   194    7   23 0.895833
   194    7   24 0.895833
   194    7   25 0.895833
   194    7   26 0.958333
   194    7   27 0.833333
   194    8    9 0.687500
   194    8   10 0.770833
   194    8   11 0.291667
   194    8   12 0.291667
   194    8   13 0.875000
   194    8   14 0.291667
   194    8   15 0.291667
   194    8   16 0.291667
   194    8   17 0.291667
   194    8   18 0.458333
   194    8   19 0.291667
   194    8   20 0.458333
   194    8   21 0.916667
   194    8   22 0.916667
   194    8   23 0.916667
   194    8   24 0.916667
   194    8   25 0.916667
   194    8   26 0.770833
   194    8   27 0.979167
   194    9   10 0.916667
   194    9   11 0.604167
   194    9   12 0.604167
   194    9   13 0.812500
   194    9   14 0.604167
   194    9   15 0.604167
   194    9   16 0.604167
   194    9   17 0.604167
   194    9   18 0.729167
   194    9   19 0.604167
   194    9   20 0.729167
   194    9   21 0.770833
   194    9   22 0.770833
   194    9   23 0.770833
   194    9   24 0.770833
   194    9   25 0.770833
   194    9   26 0.916667
   194    9   27 0.708333
   194   10   11 0.520833
   194   10   12 0.520833
   194   10   13 0.895833
   194   10   14 0.520833
   194   10   15 0.520833
   194   10   16 0.520833
   194   10   17 0.520833
   194   10   18 0.687500
   194   10   19 0.520833
   194   10   20 0.687500
   194   10   21 0.854167
   194   10   22 0.854167
   194   10   23 0.854167
   194   10   24 0.854167
   194   10   25 0.854167
   194   10   26 1.000000
   194   10   27 0.791667
   194   11   12 1.000000
   194   11   13 0.416667
   194   11   14 1.000000
   194   11   15 1.000000
   194   11   16 1.000000
   194   11   17 1.000000
   194   11   18 0.708333
   194   11   19 1.000000
   194   11   20 0.708333
   194   11   21 0.375000
   194   11   22 0.375000
   194   11   23 0.375000
   194   11   24 0.375000
   194   11   25 0.375000
   194   11   26 0.520833
   194   11   27 0.312500
   194   12   13 0.416667
   194   12   14 1.000000
   194   12   15 1.000000
   194   12   16 1.000000
   194   12   17 1.000000
   194   12   18 0.708333
   194   12   19 1.000000
   194   12   20 0.708333
   194   12   21 0.375000
   194   12   22 0.375000
   194   12   23 0.375000
   194   12   24 0.375000
   194   12   25 0.375000
   194   12   26 0.520833
   194   12   27 0.312500
   194   13   14 0.416667
   194   13   15 0.416667
   194   13   16 0.416667
   194   13   17 0.416667
   194   13   18 0.583333
   194   13   19 0.416667
   194   13   20 0.583333
   194   13   21 0.958333
   194   13   22 0.958333
   194   13   23 0.958333
   194   13   24 0.958333
   194   13   25 0.958333
   194   13   26 0.895833
   194   13   27 0.895833
   194   14   15 1.000000
   194   14   16 1.000000
   194   14   17 1.000000
   194   14   18 0.708333
   194   14   19 1.000000
   194   14   20 0.708333
   194   14   21 0.375000
   194   14   22 0.375000
   194   14   23 0.375000
   194   14   24 0.375000
   194   14   25 0.375000
   194   14   26 0.520833
   194   14   27 0.312500
   194   15   16 1.000000
   194   15   17 1.000000
   194   15   18 0.708333
   194   15   19 1.000000
   194   15   20 0.708333
   194   15   21 0.375000
   194   15   22 0.375000
   194   15   23 0.375000
   194   15   24 0.375000
   194   15   25 0.375000
   194   15   26 0.520833
   194   15   27 0.312500
   194   16   17 1.000000
   194   16   18 0.708333
   194   16   19 1.000000
   194   16   20 0.708333
   194   16   21 0.375000
   194   16   22 0.375000
   194   16   23 0.375000
   194   16   24 0.375000
   194   16   25 0.375000
   194   16   26 0.520833
   194   16   27 0.312500
   194   17   18 0.708333
   194   17   19 1.000000
   194   17   20 0.708333
   194   17   21 0.375000
   194   17   22 0.375000
   194   17   23 0.375000
   194   17   24 0.375000
   194   17   25 0.375000
   194   17   26 0.520833
   194   17   27 0.312500
   194   18   19 0.708333
   194   18   20 1.000000
   194   18   21 0.541667
   194   18   22 0.541667
   194   18   23 0.541667
   194   18   24 0.541667
   194   18   25 0.541667
   194   18   26 0.687500
   194   18   27 0.479167
   194   19   20 0.708333
   194   19   21 0.375000
   194   19   22 0.375000
   194   19   23 0.375000
   194   19   24 0.375000
   194   19   25 0.375000
   194   19   26 0.520833
   194   19   27 0.312500
   194   20   21 0.541667
   194   20   22 0.541667
   194   20   23 0.541667
   194   20   24 0.541667
   194   20   25 0.541667
   194   20   26 0.687500
   194   20   27 0.479167
   194   21   22 1.000000
   194   21   23 1.000000
   194   21   24 1.000000
   194   21   25 1.000000
   194   21   26 0.854167
   194   21   27 0.937500
   194   22   23 1.000000
   194   22   24 1.000000
   194   22   25 1.000000
   194   22   26 0.854167
   194   22   27 0.937500
   194   23   24 1.000000
   194   23   25 1.000000
   194   23   26 0.854167
   194   23   27 0.937500
   194   24   25 1.000000
   194   24   26 0.854167
   194   24   27 0.937500
   194   25   26 0.854167
   194   25   27 0.937500
   194   26   27 0.791667
   195    1    2 0.791667
   195    1    3 1.000000
   195    1    5 0.958333
   195    1    6 0.458333
   195    1    7 0.791667
   195    1    8 0.604167
   195    1    9 0.916667
   195    1   10 0.833333
   195    1   11 0.687500
   195    1   12 0.687500
   195    1   13 0.729167
   195    1   14 0.687500
   195    1   15 0.687500
   195    1   16 0.687500
   195    1   17 0.687500
   195    1   18 0.729167
   195    1   19 0.687500
   195    1   20 0.729167
   195    1   21 0.687500
   195    1   22 0.687500
   195    1   23 0.687500
   195    1   24 0.687500
   195    1   25 0.687500
   195    1   26 0.833333
   195    1   27 0.625000
   195    2    3 0.791667
   195    2    5 0.750000
   195    2    6 0.520833
   195    2    7 1.000000
   195    2    8 0.812500
   195    2    9 0.875000
   195    2   10 0.958333
   195    2   11 0.479167
   195    2   12 0.479167
   195    2   13 0.937500
   195    2   14 0.479167
   195    2   15 0.479167
   195    2   16 0.479167
   195    2   17 0.479167
   195    2   18 0.645833
   195    2   19 0.479167
   195    2   20 0.645833
   195    2   21 0.895833
   195    2   22 0.895833
   195    2   23 0.895833
   195    2   24 0.895833
   195    2   25 0.895833
   195    2   26 0.958333
   195    2   27 0.833333
   195    3    5 0.958333
   195    3    6 0.458333
   195    3    7 0.791667
   195    3    8 0.604167
   195    3    9 0.916667
   195    3   10 0.833333
   195    3   11 0.687500
   195    3   12 0.687500
   195    3   13 0.729167
   195    3   14 0.687500
   195    3   15 0.687500
   195    3   16 0.687500
   195    3   17 0.687500
   195    3   18 0.729167
   195    3   19 0.687500
   195    3   20 0.729167
   195    3   21 0.687500
   195    3   22 0.687500
   195    3   23 0.687500
   195    3   24 0.687500
   195    3   25 0.687500
   195    3   26 0.833333
   195    3   27 0.625000
   195    5    6 0.437500
   195    5    7 0.750000
   195    5    8 0.562500
   195    5    9 0.875000
   195    5   10 0.791667
   195    5   11 0.729167
   195    5   12 0.729167
   195    5   13 0.687500
   195    5   14 0.729167
   195    5   15 0.729167
   195    5   16 0.729167
   195    5   17 0.729167
   195    5   18 0.729167
   195    5   19 0.729167
   195    5   20 0.729167
   195    5   21 0.645833
   195    5   22 0.645833
   195    5   23 0.645833
   195    5   24 0.645833
   195    5   25 0.645833
   195    5   26 0.791667
   195    5   27 0.583333
   195    6    7 0.520833
   195    6    8 0.500000
   195    6    9 0.500000
   195    6   10 0.520833
   195    6   11 0.291667
   195    6   12 0.291667
   195    6   13 0.500000
   195    6   14 0.291667
   195    6   15 0.291667
   195    6   16 0.291667
   195    6   17 0.291667
   195    6   18 0.479167
   195    6   19 0.291667
   195    6   20 0.479167
   195    6   21 0.500000
   195    6   22 0.500000
   195    6   23 0.500000
   195    6   24 0.500000
   195    6   25 0.500000
   195    6   26 0.520833
   195    6   27 0.500000
   195    7    8 0.812500
   195    7    9 0.875000
   195    7   10 0.958333
   195    7   11 0.479167
   195    7   12 0.479167
   195    7   13 0.937500
   195    7   14 0.479167
   195    7   15 0.479167
   195    7   16 0.479167
   195    7   17 0.479167
   195    7   18 0.645833
   195    7   19 0.479167
   195    7   20 0.645833
   195    7   21 0.895833
   195    7   22 0.895833
   195    7   23 0.895833
   195    7   24 0.895833
   195    7   25 0.895833
   195    7   26 0.958333
   195    7   27 0.833333
   195    8    9 0.687500
   195    8   10 0.770833
   195    8   11 0.291667
   195    8   12 0.291667
   195    8   13 0.875000
   195    8   14 0.291667
   195    8   15 0.291667
   195    8   16 0.291667
   195    8   17 0.291667
   195    8   18 0.458333
   195    8   19 0.291667
   195    8   20 0.458333
   195    8   21 0.916667
   195    8   22 0.916667
   195    8   23 0.916667
   195    8   24 0.916667
   195    8   25 0.916667
   195    8   26 0.770833
   195    8   27 0.979167
   195    9   10 0.916667
   195    9   11 0.604167
   195    9   12 0.604167
   195    9   13 0.812500
   195    9   14 0.604167
   195    9   15 0.604167
   195    9   16 0.604167
   195    9   17 0.604167
   195    9   18 0.729167
   195    9   19 0.604167
   195    9   20 0.729167
   195    9   21 0.770833
   195    9   22 0.770833
   195    9   23 0.770833
   195    9   24 0.770833
   195    9   25 0.770833
   195    9   26 0.916667
   195    9   27 0.708333
   195   10   11 0.520833
   195   10   12 0.520833
   195   10   13 0.895833
   195   10   14 0.520833
   195   10   15 0.520833
   195   10   16 0.520833
   195   10   17 0.520833
   195   10   18 0.687500
   195   10   19 0.520833
   195   10   20 0.687500
   195   10   21 0.854167
   195   10   22 0.854167
   195   10   23 0.854167
   195   10   24 0.854167
   195   10   25 0.854167
   195   10   26 1.000000
   195   10   27 0.791667
   195   11   12 1.000000
   195   11   13 0.416667
   195   11   14 1.000000
   195   11   15 1.000000
   195   11   16 1.000000
   195   11   17 1.000000
   195   11   18 0.708333
   195   11   19 1.000000
   195   11   20 0.708333
   195   11   21 0.375000
   195   11   22 0.375000
   195   11   23 0.375000
   195   11   24 0.375000
   195   11   25 0.375000
   195   11   26 0.520833
   195   11   27 0.312500
   195   12   13 0.416667
   195   12   14 1.000000
   195   12   15 1.000000
   195   12   16 1.000000
   195   12   17 1.000000
   195   12   18 0.708333
   195   12   19 1.000000
   195   12   20 0.708333
   195   12   21 0.375000
   195   12   22 0.375000
   195   12   23 0.375000
   195   12   24 0.375000
   195   12   25 0.375000
   195   12   26 0.520833
   195   12   27 0.312500
   195   13   14 0.416667
   195   13   15 0.416667
   195   13   16 0.416667
   195   13   17 0.416667
   195   13   18 0.583333
   195   13   19 0.416667
   195   13   20 0.583333
   195   13   21 0.958333
   195   13   22 0.958333
   195   13   23 0.958333
   195   13   24 0.958333
   195   13   25 0.958333
   195   13   26 0.895833
   195   13   27 0.895833
   195   14   15 1.000000
   195   14   16 1.000000
   195   14   17 1.000000
   195   14   18 0.708333
   195   14   19 1.000000
   195   14   20 0.708333
   195   14   21 0.375000
   195   14   22 0.375000
   195   14   23 0.375000
   195   14   24 0.375000
   195   14   25 0.375000
   195   14   26 0.520833
   195   14   27 0.312500
   195   15   16 1.000000
   195   15   17 1.000000
   195   15   18 0.708333
   195   15   19 1.000000
   195   15   20 0.708333
   195   15   21 0.375000
   195   15   22 0.375000
   195   15   23 0.375000
   195   15   24 0.375000
   195   15   25 0.375000
   195   15   26 0.520833
   195   15   27 0.312500
   195   16   17 1.000000
   195   16   18 0.708333
   195   16   19 1.000000
   195   16   20 0.708333
   195   16   21 0.375000
   195   16   22 0.375000
   195   16   23 0.375000
   195   16   24 0.375000
   195   16   25 0.375000
   195   16   26 0.520833
   195   16   27 0.312500
   195   17   18 0.708333
   195   17   19 1.000000
   195   17   20 0.708333
   195   17   21 0.375000
   195   17   22 0.375000
   195   17   23 0.375000
   195   17   24 0.375000
   195   17   25 0.375000
   195   17   26 0.520833
   195   17   27 0.312500
   195   18   19 0.708333
   195   18   20 1.000000
   195   18   21 0.541667
   195   18   22 0.541667
   195   18   23 0.541667
   195   18   24 0.541667
   195   18   25 0.541667
   195   18   26 0.687500
   195   18   27 0.479167
   195   19   20 0.708333
   195   19   21 0.375000
   195   19   22 0.375000
   195   19   23 0.375000
   195   19   24 0.375000
   195   19   25 0.375000
   195   19   26 0.520833
   195   19   27 0.312500
   195   20   21 0.541667
   195   20   22 0.541667
   195   20   23 0.541667
   195   20   24 0.541667
   195   20   25 0.541667
   195   20   26 0.687500
   195   20   27 0.479167
   195   21   22 1.000000
   195   21   23 1.000000
   195   21   24 1.000000
   195   21   25 1.000000
   195   21   26 0.854167
   195   21   27 0.937500
   195   22   23 1.000000
   195   22   24 1.000000
   195   22   25 1.000000
   195   22   26 0.854167
   195   22   27 0.937500
   195   23   24 1.000000
   195   23   25 1.000000
   195   23   26 0.854167
   195   23   27 0.937500
   195   24   25 1.000000
   195   24   26 0.854167
   195   24   27 0.937500
   195   25   26 0.854167
   195   25   27 0.937500
   195   26   27 0.791667
   196    1    2 0.791667
   196    1    3 1.000000
   196    1    4 1.000000
   196    1    5 0.958333
   196    1    6 0.458333
   196    1    7 0.791667
   196    1    8 0.604167
   196    1    9 0.916667
   196    1   10 0.833333
   196    1   11 0.687500
   196    1   12 0.687500
   196    1   13 0.729167
   196    1   14 0.687500
   196    1   15 0.687500
   196    1   16 0.687500
   196    1   17 0.687500
   196    1   18 0.729167
   196    1   19 0.687500
   196    1   20 0.729167
   196    1   21 0.687500
   196    1   22 0.687500
   196    1   23 0.687500
   196    1   24 0.687500
   196    1   25 0.687500
   196    1   26 0.833333
   196    1   27 0.625000
   196    2    3 0.791667
   196    2    4 0.791667
   196    2    5 0.750000
   196    2    6 0.520833
   196    2    7 1.000000
   196    2    8 0.812500
   196    2    9 0.875000
   196    2   10 0.958333
   196    2   11 0.479167
   196    2   12 0.479167
   196    2   13 0.937500
   196    2   14 0.479167
   196    2   15 0.479167
   196    2   16 0.479167
   196    2   17 0.479167
   196    2   18 0.645833
   196    2   19 0.479167
   196    2   20 0.645833
   196    2   21 0.895833
   196    2   22 0.895833
   196    2   23 0.895833
   196    2   24 0.895833
   196    2   25 0.895833
   196    2   26 0.958333
   196    2   27 0.833333
   196    3    4 1.000000
   196    3    5 0.958333
   196    3    6 0.458333
   196    3    7 0.791667
   196    3    8 0.604167
   196    3    9 0.916667
   196    3   10 0.833333
   196    3   11 0.687500
   196    3   12 0.687500
   196    3   13 0.729167
   196    3   14 0.687500
   196    3   15 0.687500
   196    3   16 0.687500
   196    3   17 0.687500
   196    3   18 0.729167
   196    3   19 0.687500
   196    3   20 0.729167
   196    3   21 0.687500
   196    3   22 0.687500
   196    3   23 0.687500
   196    3   24 0.687500
   196    3   25 0.687500
   196    3   26 0.833333
   196    3   27 0.625000
   196    4    5 0.958333
   196    4    6 0.458333
   196    4    7 0.791667
   196    4    8 0.604167
   196    4    9 0.916667
   196    4   10 0.833333
   196    4   11 0.687500
   196    4   12 0.687500
   196    4   13 0.729167
   196    4   14 0.687500
   196    4   15 0.687500
   196    4   16 0.687500
   196    4   17 0.687500
   196    4   18 0.729167
   196    4   19 0.687500
   196    4   20 0.729167
   196    4   21 0.687500
   196    4   22 0.687500
   196    4   23 0.687500
   196    4   24 0.687500
   196    4   25 0.687500
   196    4   26 0.833333
   196    4   27 0.625000
   196    5    6 0.437500
   196    5    7 0.750000
   196    5    8 0.562500
   196    5    9 0.875000
   196    5   10 0.791667
   196    5   11 0.729167
   196    5   12 0.729167
   196    5   13 0.687500
   196    5   14 0.729167
   196    5   15 0.729167
   196    5   16 0.729167
   196    5   17 0.729167
   196    5   18 0.729167
   196    5   19 0.729167
   196    5   20 0.729167
   196    5   21 0.645833
   196    5   22 0.645833
   196    5   23 0.645833
   196    5   24 0.645833
   196    5   25 0.645833
   196    5   26 0.791667
   196    5   27 0.583333
   196    6    7 0.520833
   196    6    8 0.500000
   196    6    9 0.500000
   196    6   10 0.520833
   196    6   11 0.291667
   196    6   12 0.291667
   196    6   13 0.500000
   196    6   14 0.291667
   196    6   15 0.291667
   196    6   16 0.291667
   196    6   17 0.291667
   196    6   18 0.479167
   196    6   19 0.291667
   196    6   20 0.479167
   196    6   21 0.500000
   196    6   22 0.500000
   196    6   23 0.500000
   196    6   24 0.500000
   196    6   25 0.500000
   196    6   26 0.520833
   196    6   27 0.500000
   196    7    8 0.812500
   196    7    9 0.875000
   196    7   10 0.958333
   196    7   11 0.479167
   196    7   12 0.479167
   196    7   13 0.937500
   196    7   14 0.479167
   196    7   15 0.479167
   196    7   16 0.479167
   196    7   17 0.479167
   196    7   18 0.645833
   196    7   19 0.479167
   196    7   20 0.645833
   196    7   21 0.895833
   196    7   22 0.895833
   196    7   23 0.895833
   196    7   24 0.895833
   196    7   25 0.895833
   196    7   26 0.958333
   196    7   27 0.833333
   196    8    9 0.687500
   196    8   10 0.770833
   196    8   11 0.291667
   196    8   12 0.291667
   196    8   13 0.875000
   196    8   14 0.291667
   196    8   15 0.291667
   196    8   16 0.291667
   196    8   17 0.291667
   196    8   18 0.458333
   196    8   19 0.291667
   196    8   20 0.458333
   196    8   21 0.916667
   196    8   22 0.916667
   196    8   23 0.916667
   196    8   24 0.916667
   196    8   25 0.916667
   196    8   26 0.770833
   196    8   27 0.979167
   196    9   10 0.916667
   196    9   11 0.604167
   196    9   12 0.604167
   196    9   13 0.812500
   196    9   14 0.604167
   196    9   15 0.604167
   196    9   16 0.604167
   196    9   17 0.604167
   196    9   18 0.729167
   196    9   19 0.604167
   196    9   20 0.729167
   196    9   21 0.770833
   196    9   22 0.770833
   196    9   23 0.770833
   196    9   24 0.770833
   196    9   25 0.770833
   196    9   26 0.916667
   196    9   27 0.708333
   196   10   11 0.520833
   196   10   12 0.520833
   196   10   13 0.895833
   196   10   14 0.520833
   196   10   15 0.520833
   196   10   16 0.520833
   196   10   17 0.520833
   196   10   18 0.687500
   196   10   19 0.520833
   196   10   20 0.687500
   196   10   21 0.854167
   196   10   22 0.854167
   196   10   23 0.854167
   196   10   24 0.854167
   196   10   25 0.854167
   196   10   26 1.000000
   196   10   27 0.791667
   196   11   12 1.000000
   196   11   13 0.416667
   196   11   14 1.000000
   196   11   15 1.000000
   196   11   16 1.000000
   196   11   17 1.000000
   196   11   18 0.708333
   196   11   19 1.000000
   196   11   20 0.708333
   196   11   21 0.375000
   196   11   22 0.375000
   196   11   23 0.375000
   196   11   24 0.375000
   196   11   25 0.375000
   196   11   26 0.520833
   196   11   27 0.312500
   196   12   13 0.416667
   196   12   14 1.000000
   196   12   15 1.000000
   196   12   16 1.000000
   196   12   17 1.000000
   196   12   18 0.708333
   196   12   19 1.000000
   196   12   20 0.708333
   196   12   21 0.375000
   196   12   22 0.375000
   196   12   23 0.375000
   196   12   24 0.375000
   196   12   25 0.375000
   196   12   26 0.520833
   196   12   27 0.312500
   196   13   14 0.416667
   196   13   15 0.416667
   196   13   16 0.416667
   196   13   17 0.416667
   196   13   18 0.583333
   196   13   19 0.416667
   196   13   20 0.583333
   196   13   21 0.958333
   196   13   22 0.958333
   196   13   23 0.958333
   196   13   24 0.958333
   196   13   25 0.958333
   196   13   26 0.895833
   196   13   27 0.895833
   196   14   15 1.000000
   196   14   16 1.000000
   196   14   17 1.000000
   196   14   18 0.708333
   196   14   19 1.000000
   196   14   20 0.708333
   196   14   21 0.375000
   196   14   22 0.375000
   196   14   23 0.375000
   196   14   24 0.375000
   196   14   25 0.375000
   196   14   26 0.520833
   196   14   27 0.312500
   196   15   16 1.000000
   196   15   17 1.000000
   196   15   18 0.708333
   196   15   19 1.000000
   196   15   20 0.708333
   196   15   21 0.375000
   196   15   22 0.375000
   196   15   23 0.375000
   196   15   24 0.375000
   196   15   25 0.375000
   196   15   26 0.520833
   196   15   27 0.312500
   196   16   17 1.000000
   196   16   18 0.708333
   196   16   19 1.000000
   196   16   20 0.708333
   196   16   21 0.375000
   196   16   22 0.375000
   196   16   23 0.375000
   196   16   24 0.375000
   196   16   25 0.375000
   196   16   26 0.520833
   196   16   27 0.312500
   196   17   18 0.708333
   196   17   19 1.000000
   196   17   20 0.708333
   196   17   21 0.375000
   196   17   22 0.375000
   196   17   23 0.375000
   196   17   24 0.375000
   196   17   25 0.375000
   196   17   26 0.520833
   196   17   27 0.312500
   196   18   19 0.708333
   196   18   20 1.000000
   196   18   21 0.541667
   196   18   22 0.541667
   196   18   23 0.541667
   196   18   24 0.541667
   196   18   25 0.541667
   196   18   26 0.687500
   196   18   27 0.479167
   196   19   20 0.708333
   196   19   21 0.375000
   196   19   22 0.375000
   196   19   23 0.375000
   196   19   24 0.375000
   196   19   25 0.375000
   196   19   26 0.520833
   196   19   27 0.312500
   196   20   21 0.541667
   196   20   22 0.541667
   196   20   23 0.541667
   196   20   24 0.541667
   196   20   25 0.541667
   196   20   26 0.687500
   196   20   27 0.479167
   196   21   22 1.000000
   196   21   23 1.000000
   196   21   24 1.000000
   196   21   25 1.000000
   196   21   26 0.854167
   196   21   27 0.937500
   196   22   23 1.000000
   196   22   24 1.000000
   196   22   25 1.000000
   196   22   26 0.854167
   196   22   27 0.937500
   196   23   24 1.000000
   196   23   25 1.000000
   196   23   26 0.854167
   196   23   27 0.937500
   196   24   25 1.000000
   196   24   26 0.854167
   196   24   27 0.937500
   196   25   26 0.854167
   196   25   27 0.937500
   196   26   27 0.791667
   197    1    2 0.791667
   197    1    3 1.000000
   197    1    4 1.000000
   197    1    5 0.958333
   197    1    6 0.458333
   197    1    7 0.791667
   197    1    8 0.604167
   197    1    9 0.916667
   197    1   10 0.833333
   197    1   11 0.687500
   197    1   12 0.687500
   197    1   13 0.729167
   197    1   14 0.687500
   197    1   15 0.687500
   197    1   16 0.687500
   197    1   17 0.687500
   197    1   18 0.729167
   197    1   19 0.687500
   197    1   20 0.729167
   197    1   21 0.687500
   197    1   22 0.687500
   197    1   23 0.687500
   197    1   24 0.687500
   197    1   25 0.687500
   197    1   26 0.833333
   197    1   27 0.625000
   197    2    3 0.791667
   197    2    4 0.791667
   197    2    5 0.750000
   197    2    6 0.520833
   197    2    7 1.000000
   197    2    8 0.812500
   197    2    9 0.875000
   197    2   10 0.958333
   197    2   11 0.479167
   197    2   12 0.479167
   197    2   13 0.937500
   197    2   14 0.479167
   197    2   15 0.479167
   197    2   16 0.479167
   197    2   17 0.479167
   197    2   18 0.645833
   197    2   19 0.479167
   197    2   20 0.645833
   197    2   21 0.895833
   197    2   22 0.895833
   197    2   23 0.895833
   197    2   24 0.895833
   197    2   25 0.895833
   197    2   26 0.958333
   197    2   27 0.833333
   197    3    4 1.000000
   197    3    5 0.958333
   197    3    6 0.458333
   197    3    7 0.791667
   197    3    8 0.604167
   197    3    9 0.916667
   197    3   10 0.833333
   197    3   11 0.687500
   197    3   12 0.687500
   197    3   13 0.729167
   197    3   14 0.687500
   197    3   15 0.687500
   197    3   16 0.687500
   197    3   17 0.687500
   197    3   18 0.729167
   197    3   19 0.687500
   197    3   20 0.729167
   197    3   21 0.687500
   197    3   22 0.687500
   197    3   23 0.687500
   197    3   24 0.687500
   197    3   25 0.687500
   197    3   26 0.833333
   197    3   27 0.625000
   197    4    5 0.958333
   197    4    6 0.458333
   197    4    7 0.791667
   197    4    8 0.604167
   197    4    9 0.916667
   197    4   10 0.833333
   197    4   11 0.687500
   197    4   12 0.687500
   197    4   13 0.729167
   197    4   14 0.687500
   197    4   15 0.687500
   197    4   16 0.687500
   197    4   17 0.687500
   197    4   18 0.729167
   197    4   19 0.687500
   197    4   20 0.729167
   197    4   21 0.687500
   197    4   22 0.687500
   197    4   23 0.687500
   197    4   24 0.687500
   197    4   25 0.687500
   197    4   26 0.833333
   197    4   27 0.625000
   197    5    6 0.437500
   197    5    7 0.750000
   197    5    8 0.562500
   197    5    9 0.875000
   197    5   10 0.791667
   197    5   11 0.729167
   197    5   12 0.729167
   197    5   13 0.687500
   197    5   14 0.729167
   197    5   15 0.729167
   197    5   16 0.729167
   197    5   17 0.729167
   197    5   18 0.729167
   197    5   19 0.729167
   197    5   20 0.729167
   197    5   21 0.645833
   197    5   22 0.645833
   197    5   23 0.645833
   197    5   24 0.645833
   197    5   25 0.645833
   197    5   26 0.791667
   197    5   27 0.583333
   197    6    7 0.520833
   197    6    8 0.500000
   197    6    9 0.500000
   197    6   10 0.520833
   197    6   11 0.291667
   197    6   12 0.291667
   197    6   13 0.500000
   197    6   14 0.291667
   197    6   15 0.291667
   197    6   16 0.291667
   197    6   17 0.291667
   197    6   18 0.479167
   197    6   19 0.291667
   197    6   20 0.479167
   197    6   21 0.500000
   197    6   22 0.500000
   197    6   23 0.500000
   197    6   24 0.500000
   197    6   25 0.500000
   197    6   26 0.520833
   197    6   27 0.500000
   197    7    8 0.812500
   197    7    9 0.875000
   197    7   10 0.958333
   197    7   11 0.479167
   197    7   12 0.479167
   197    7   13 0.937500
   197    7   14 0.479167
   197    7   15 0.479167
   197    7   16 0.479167
   197    7   17 0.479167
   197    7   18 0.645833
   197    7   19 0.479167
   197    7   20 0.645833
   197    7   21 0.895833
   197    7   22 0.895833
   197    7   23 0.895833
   197    7   24 0.895833
   197    7   25 0.895833
   197    7   26 0.958333
   197    7   27 0.833333
   197    8    9 0.687500
   197    8   10 0.770833
   197    8   11 0.291667
   197    8   12 0.291667
   197    8   13 0.875000
   197    8   14 0.291667
   197    8   15 0.291667
   197    8   16 0.291667
   197    8   17 0.291667
   197    8   18 0.458333
   197    8   19 0.291667
   197    8   20 0.458333
   197    8   21 0.916667
   197    8   22 0.916667
   197    8   23 0.916667
   197    8   24 0.916667
   197    8   25 0.916667
   197    8   26 0.770833
   197    8   27 0.979167
   197    9   10 0.916667
   197    9   11 0.604167
   197    9   12 0.604167
   197    9   13 0.812500
   197    9   14 0.604167
   197    9   15 0.604167
   197    9   16 0.604167
   197    9   17 0.604167
   197    9   18 0.729167
   197    9   19 0.604167
   197    9   20 0.729167
   197    9   21 0.770833
   197    9   22 0.770833
   197    9   23 0.770833
   197    9   24 0.770833
   197    9   25 0.770833
   197    9   26 0.916667
   197    9   27 0.708333
   197   10   11 0.520833
   197   10   12 0.520833
   197   10   13 0.895833
   197   10   14 0.520833
   197   10   15 0.520833
   197   10   16 0.520833
   197   10   17 0.520833
   197   10   18 0.687500
   197   10   19 0.520833
   197   10   20 0.687500
   197   10   21 0.854167
   197   10   22 0.854167
   197   10   23 0.854167
   197   10   24 0.854167
   197   10   25 0.854167
   197   10   26 1.000000
   197   10   27 0.791667
   197   11   12 1.000000
   197   11   13 0.416667
   197   11   14 1.000000
   197   11   15 1.000000
   197   11   16 1.000000
   197   11   17 1.000000
   197   11   18 0.708333
   197   11   19 1.000000
   197   11   20 0.708333
   197   11   21 0.375000
   197   11   22 0.375000
   197   11   23 0.375000
   197   11   24 0.375000
   197   11   25 0.375000
   197   11   26 0.520833
   197   11   27 0.312500
   197   12   13 0.416667
   197   12   14 1.000000
   197   12   15 1.000000
   197   12   16 1.000000
   197   12   17 1.000000
   197   12   18 0.708333
   197   12   19 1.000000
   197   12   20 0.708333
   197   12   21 0.375000
   197   12   22 0.375000
   197   12   23 0.375000
   197   12   24 0.375000
   197   12   25 0.375000
   197   12   26 0.520833
   197   12   27 0.312500
   197   13   14 0.416667
   197   13   15 0.416667
   197   13   16 0.416667
   197   13   17 0.416667
   197   13   18 0.583333
   197   13   19 0.416667
   197   13   20 0.583333
   197   13   21 0.958333
   197   13   22 0.958333
   197   13   23 0.958333
   197   13   24 0.958333
   197   13   25 0.958333
   197   13   26 0.895833
   197   13   27 0.895833
   197   14   15 1.000000
   197   14   16 1.000000
   197   14   17 1.000000
   197   14   18 0.708333
   197   14   19 1.000000
   197   14   20 0.708333
   197   14   21 0.375000
   197   14   22 0.375000
   197   14   23 0.375000
   197   14   24 0.375000
   197   14   25 0.375000
   197   14   26 0.520833
   197   14   27 0.312500
   197   15   16 1.000000
   197   15   17 1.000000
   197   15   18 0.708333
   197   15   19 1.000000
   197   15   20 0.708333
   197   15   21 0.375000
   197   15   22 0.375000
   197   15   23 0.375000
   197   15   24 0.375000
   197   15   25 0.375000
   197   15   26 0.520833
   197   15   27 0.312500
   197   16   17 1.000000
   197   16   18 0.708333
   197   16   19 1.000000
   197   16   20 0.708333
   197   16   21 0.375000
   197   16   22 0.375000
   197   16   23 0.375000
   197   16   24 0.375000
   197   16   25 0.375000
   197   16   26 0.520833
   197   16   27 0.312500
   197   17   18 0.708333
   197   17   19 1.000000
   197   17   20 0.708333
   197   17   21 0.375000
   197   17   22 0.375000
   197   17   23 0.375000
   197   17   24 0.375000
   197   17   25 0.375000
   197   17   26 0.520833
   197   17   27 0.312500
   197   18   19 0.708333
   197   18   20 1.000000
   197   18   21 0.541667
   197   18   22 0.541667
   197   18   23 0.541667
   197   18   24 0.541667
   197   18   25 0.541667
   197   18   26 0.687500
   197   18   27 0.479167
   197   19   20 0.708333
   197   19   21 0.375000
   197   19   22 0.375000
   197   19   23 0.375000
   197   19   24 0.375000
   197   19   25 0.375000
   197   19   26 0.520833
   197   19   27 0.312500
   197   20   21 0.541667
   197   20   22 0.541667
   197   20   23 0.541667
   197   20   24 0.541667
   197   20   25 0.541667
   197   20   26 0.687500
   197   20   27 0.479167
   197   21   22 1.000000
   197   21   23 1.000000
   197   21   24 1.000000
   197   21   25 1.000000
   197   21   26 0.854167
   197   21   27 0.937500
   197   22   23 1.000000
   197   22   24 1.000000
   197   22   25 1.000000
   197   22   26 0.854167
   197   22   27 0.937500
   197   23   24 1.000000
   197   23   25 1.000000
   197   23   26 0.854167
   197   23   27 0.937500
   197   24   25 1.000000
   197   24   26 0.854167
   197   24   27 0.937500
   197   25   26 0.854167
   197   25   27 0.937500
   197   26   27 0.791667
   198    1    2 0.791667
   198    1    3 1.000000
   198    1    4 1.000000
   198    1    5 0.958333
   198    1    6 0.416667
   198    1    8 0.604167
   198    1    9 0.916667
   198    1   10 0.833333
   198    1   11 0.687500
   198    1   12 0.687500
   198    1   13 0.729167
   198    1   14 0.687500
   198    1   15 0.687500
   198    1   16 0.687500
   198    1   17 0.687500
   198    1   18 0.729167
   198    1   19 0.687500
   198    1   20 0.729167
   198    1   25 0.166667
   198    1   26 0.833333
   198    1   27 0.625000
   198    2    3 0.791667
   198    2    4 0.791667
   198    2    5 0.750000
   198    2    6 0.479167
   198    2    8 0.812500
   198    2    9 0.875000
   198    2   10 0.958333
   198    2   11 0.479167
   198    2   12 0.479167
   198    2   13 0.937500
   198    2   14 0.479167
   198    2   15 0.479167
   198    2   16 0.479167
   198    2   17 0.479167
   198    2   18 0.645833
   198    2   19 0.479167
   198    2   20 0.645833
   198    2   25 0.166667
   198    2   26 0.958333
   198    2   27 0.833333
   198    3    4 1.000000
   198    3    5 0.958333
   198    3    6 0.416667
   198    3    8 0.604167
   198    3    9 0.916667
   198    3   10 0.833333
   198    3   11 0.687500
   198    3   12 0.687500
   198    3   13 0.729167
   198    3   14 0.687500
   198    3   15 0.687500
   198    3   16 0.687500
   198    3   17 0.687500
   198    3   18 0.729167
   198    3   19 0.687500
   198    3   20 0.729167
   198    3   25 0.166667
   198    3   26 0.833333
   198    3   27 0.625000
   198    4    5 0.958333
   198    4    6 0.416667
   198    4    8 0.604167
   198    4    9 0.916667
   198    4   10 0.833333
   198    4   11 0.687500
   198    4   12 0.687500
   198    4   13 0.729167
   198    4   14 0.687500
   198    4   15 0.687500
   198    4   16 0.687500
   198    4   17 0.687500
   198    4   18 0.729167
   198    4   19 0.687500
   198    4   20 0.729167
   198    4   25 0.166667
   198    4   26 0.833333
   198    4   27 0.625000
   198    5    6 0.395833
   198    5    8 0.562500
   198    5    9 0.875000
   198    5   10 0.791667
   198    5   11 0.729167
   198    5   12 0.729167
   198    5   13 0.687500
   198    5   14 0.729167
   198    5   15 0.729167
   198    5   16 0.729167
   198    5   17 0.729167
   198    5   18 0.729167
   198    5   19 0.729167
   198    5   20 0.729167
   198    5   25 0.166667
   198    5   26 0.791667
   198    5   27 0.583333
   198    6    8 0.458333
   198    6    9 0.458333
   198    6   10 0.479167
   198    6   11 0.250000
   198    6   12 0.250000
   198    6   13 0.458333
   198    6   14 0.250000
   198    6   15 0.250000
   198    6   16 0.291667
   198    6   17 0.250000
   198    6   18 0.479167
   198    6   19 0.250000
   198    6   20 0.479167
   198    6   25 0.520833
   198    6   26 0.479167
   198    6   27 0.458333
   198    8    9 0.687500
   198    8   10 0.770833
   198    8   11 0.291667
   198    8   12 0.291667
   198    8   13 0.875000
   198    8   14 0.291667
   198    8   15 0.291667
   198    8   16 0.291667
   198    8   17 0.291667
   198    8   18 0.458333
   198    8   19 0.291667
   198    8   20 0.458333
   198    8   25 0.083333
   198    8   26 0.770833
   198    8   27 0.979167
   198    9   10 0.916667
   198    9   11 0.604167
   198    9   12 0.604167
   198    9   13 0.812500
   198    9   14 0.604167
   198    9   15 0.604167
   198    9   16 0.604167
   198    9   17 0.604167
   198    9   18 0.729167
   198    9   19 0.604167
   198    9   20 0.729167
   198    9   25 0.166667
   198    9   26 0.916667
   198    9   27 0.708333
   198   10   11 0.520833
   198   10   12 0.520833
   198   10   13 0.895833
   198   10   14 0.520833
   198   10   15 0.520833
   198   10   16 0.520833
   198   10   17 0.520833
   198   10   18 0.687500
   198   10   19 0.520833
   198   10   20 0.687500
   198   10   25 0.166667
   198   10   26 1.000000
   198   10   27 0.791667
   198   11   12 1.000000
   198   11   13 0.416667
   198   11   14 1.000000
   198   11   15 1.000000
   198   11   16 0.916667
   198   11   17 1.000000
   198   11   18 0.708333
   198   11   19 1.000000
   198   11   20 0.708333
   198   11   25 0.166667
   198   11   26 0.520833
   198   11   27 0.312500
   198   12   13 0.416667
   198   12   14 1.000000
   198   12   15 1.000000
   198   12   16 0.916667
   198   12   17 1.000000
   198   12   18 0.708333
   198   12   19 1.000000
   198   12   20 0.708333
   198   12   25 0.166667
   198   12   26 0.520833
   198   12   27 0.312500
   198   13   14 0.416667
   198   13   15 0.416667
   198   13   16 0.416667
   198   13   17 0.416667
   198   13   18 0.583333
   198   13   19 0.416667
   198   13   20 0.583333
   198   13   25 0.166667
   198   13   26 0.895833
   198   13   27 0.895833
   198   14   15 1.000000
   198   14   16 0.916667
   198   14   17 1.000000
   198   14   18 0.708333
   198   14   19 1.000000
   198   14   20 0.708333
   198   14   25 0.166667
   198   14   26 0.520833
   198   14   27 0.312500
   198   15   16 0.916667
   198   15   17 1.000000
   198   15   18 0.708333
   198   15   19 1.000000
   198   15   20 0.708333
   198   15   25 0.166667
   198   15   26 0.520833
   198   15   27 0.312500
   198   16   17 0.916667
   198   16   18 0.666667
   198   16   19 0.916667
   198   16   20 0.666667
   198   16   25 0.250000
   198   16   26 0.520833
   198   16   27 0.312500
   198   17   18 0.708333
   198   17   19 1.000000
   198   17   20 0.708333
   198   17   25 0.166667
   198   17   26 0.520833
   198   17   27 0.312500
   198   18   19 0.708333
   198   18   20 1.000000
   198   18   25 0.166667
   198   18   26 0.687500
   198   18   27 0.479167
   198   19   20 0.708333
   198   19   25 0.166667
   198   19   26 0.520833
   198   19   27 0.312500
   198   20   25 0.166667
   198   20   26 0.687500
   198   20   27 0.479167
   198   25   26 0.166667
   198   25   27 0.104167
   198   26   27 0.791667
   199    1    2 0.791667
   199    1    3 1.000000
   199    1    4 1.000000
   199    1    5 0.958333
   199    1    8 0.145833
   199    1    9 0.916667
   199    1   10 0.833333
   199    1   11 0.687500
   199    1   12 0.687500
   199    1   13 0.270833
   199    1   14 0.687500
   199    1   15 0.687500
   199    1   16 0.687500
   199    1   17 0.687500
   199    1   18 0.729167
   199    1   19 0.687500
   199    1   20 0.729167
   199    1   21 0.104167
   199    1   22 0.104167
   199    1   23 0.104167
   199    1   24 0.104167
   199    1   25 0.166667
   199    1   26 0.833333
   199    1   27 0.166667
   199    2    3 0.791667
   199    2    4 0.791667
   199    2    5 0.750000
   199    2    8 0.145833
   199    2    9 0.875000
   199    2   10 0.958333
   199    2   11 0.479167
   199    2   12 0.479167
   199    2   13 0.270833
   199    2   14 0.479167
   199    2   15 0.479167
   199    2   16 0.479167
   199    2   17 0.479167
   199    2   18 0.645833
   199    2   19 0.479167
   199    2   20 0.645833
   199    2   21 0.104167
   199    2   22 0.104167
   199    2   23 0.104167
   199    2   24 0.104167
   199    2   25 0.166667
   199    2   26 0.958333
   199    2   27 0.166667
   199    3    4 1.000000
   199    3    5 0.958333
   199    3    8 0.145833
   199    3    9 0.916667
   199    3   10 0.833333
   199    3   11 0.687500
   199    3   12 0.687500
   199    3   13 0.270833
   199    3   14 0.687500
   199    3   15 0.687500
   199    3   16 0.687500
   199    3   17 0.687500
   199    3   18 0.729167
   199    3   19 0.687500
   199    3   20 0.729167
   199    3   21 0.104167
   199    3   22 0.104167
   199    3   23 0.104167
   199    3   24 0.104167
   199    3   25 0.166667
   199    3   26 0.833333
   199    3   27 0.166667
   199    4    5 0.958333
   199    4    8 0.145833
   199    4    9 0.916667
   199    4   10 0.833333
   199    4   11 0.687500
   199    4   12 0.687500
   199    4   13 0.270833
   199    4   14 0.687500
   199    4   15 0.687500
   199    4   16 0.687500
   199    4   17 0.687500
   199    4   18 0.729167
   199    4   19 0.687500
   199    4   20 0.729167
   199    4   21 0.104167
   199    4   22 0.104167
   199    4   23 0.104167
   199    4   24 0.104167
   199    4   25 0.166667
   199    4   26 0.833333
   199    4   27 0.166667
   199    5    8 0.145833
   199    5    9 0.875000
   199    5   10 0.791667
   199    5   11 0.729167
   199    5   12 0.729167
   199    5   13 0.270833
   199    5   14 0.729167
   199    5   15 0.729167
   199    5   16 0.729167
   199    5   17 0.729167
   199    5   18 0.729167
   199    5   19 0.729167
   199    5   20 0.729167
   199    5   21 0.104167
   199    5   22 0.104167
   199    5   23 0.104167
   199    5   24 0.104167
   199    5   25 0.166667
   199    5   26 0.791667
   199    5   27 0.166667
   199    8    9 0.145833
   199    8   10 0.145833
   199    8   11 0.187500
   199    8   12 0.187500
   199    8   13 0.875000
   199    8   14 0.312500
   199    8   15 0.145833
   199    8   16 0.145833
   199    8   17 0.270833
   199    8   18 0.145833
   199    8   19 0.354167
   199    8   20 0.145833
   199    8   21 0.854167
   199    8   22 0.854167
   199    8   23 0.854167
   199    8   24 0.854167
   199    8   25 0.083333
   199    8   26 0.145833
   199    8   27 0.979167
   199    9   10 0.916667
   199    9   11 0.604167
   199    9   12 0.604167
   199    9   13 0.270833
   199    9   14 0.604167
   199    9   15 0.604167
   199    9   16 0.604167
   199    9   17 0.604167
   199    9   18 0.729167
   199    9   19 0.604167
   199    9   20 0.729167
   199    9   21 0.104167
   199    9   22 0.104167
   199    9   23 0.104167
   199    9   24 0.104167
   199    9   25 0.166667
   199    9   26 0.916667
   199    9   27 0.166667
   199   10   11 0.520833
   199   10   12 0.520833
   199   10   13 0.270833
   199   10   14 0.520833
   199   10   15 0.520833
   199   10   16 0.520833
   199   10   17 0.520833
   199   10   18 0.687500
   199   10   19 0.520833
   199   10   20 0.687500
   199   10   21 0.104167
   199   10   22 0.104167
   199   10   23 0.104167
   199   10   24 0.104167
   199   10   25 0.166667
   199   10   26 1.000000
   199   10   27 0.166667
   199   11   12 1.000000
   199   11   13 0.312500
   199   11   14 0.875000
   199   11   15 0.958333
   199   11   16 0.916667
   199   11   17 0.916667
   199   11   18 0.687500
   199   11   19 0.833333
   199   11   20 0.687500
   199   11   21 0.145833
   199   11   22 0.145833
   199   11   23 0.145833
   199   11   24 0.145833
   199   11   25 0.166667
   199   11   26 0.520833
   199   11   27 0.208333
   199   12   13 0.312500
   199   12   14 0.875000
   199   12   15 0.958333
   199   12   16 0.916667
   199   12   17 0.916667
   199   12   18 0.687500
   199   12   19 0.833333
   199   12   20 0.687500
   199   12   21 0.145833
   199   12   22 0.145833
   199   12   23 0.145833
   199   12   24 0.145833
   199   12   25 0.166667
   199   12   26 0.520833
   199   12   27 0.208333
   199   13   14 0.437500
   199   13   15 0.270833
   199   13   16 0.270833
   199   13   17 0.395833
   199   13   18 0.270833
   199   13   19 0.479167
   199   13   20 0.270833
   199   13   21 0.833333
   199   13   22 0.833333
   199   13   23 0.833333
   199   13   24 0.833333
   199   13   25 0.166667
   199   13   26 0.270833
   199   13   27 0.895833
   199   14   15 0.833333
   199   14   16 0.833333
   199   14   17 0.958333
   199   14   18 0.625000
   199   14   19 0.958333
   199   14   20 0.625000
   199   14   21 0.270833
   199   14   22 0.270833
   199   14   23 0.270833
   199   14   24 0.270833
   199   14   25 0.166667
   199   14   26 0.520833
   199   14   27 0.333333
   199   15   16 0.916667
   199   15   17 0.875000
   199   15   18 0.708333
   199   15   19 0.791667
   199   15   20 0.708333
   199   15   21 0.104167
   199   15   22 0.104167
   199   15   23 0.104167
   199   15   24 0.104167
   199   15   25 0.166667
   199   15   26 0.520833
   199   15   27 0.166667
   199   16   17 0.875000
   199   16   18 0.666667
   199   16   19 0.791667
   199   16   20 0.666667
   199   16   21 0.104167
   199   16   22 0.104167
   199   16   23 0.104167
   199   16   24 0.104167
   199   16   25 0.250000
   199   16   26 0.520833
   199   16   27 0.166667
   199   17   18 0.645833
   199   17   19 0.916667
   199   17   20 0.645833
   199   17   21 0.229167
   199   17   22 0.229167
   199   17   23 0.229167
   199   17   24 0.229167
   199   17   25 0.166667
   199   17   26 0.520833
   199   17   27 0.291667
   199   18   19 0.604167
   199   18   20 1.000000
   199   18   21 0.104167
   199   18   22 0.104167
   199   18   23 0.104167
   199   18   24 0.104167
   199   18   25 0.166667
   199   18   26 0.687500
   199   18   27 0.166667
   199   19   20 0.604167
   199   19   21 0.312500
   199   19   22 0.312500
   199   19   23 0.312500
   199   19   24 0.312500
   199   19   25 0.166667
   199   19   26 0.520833
   199   19   27 0.375000
   199   20   21 0.104167
   199   20   22 0.104167
   199   20   23 0.104167
   199   20   24 0.104167
   199   20   25 0.166667
   199   20   26 0.687500
   199   20   27 0.166667
   199   21   22 1.000000
   199   21   23 1.000000
   199   21   24 1.000000
   199   21   25 0.041667
   199   21   26 0.104167
   199   21   27 0.875000
   199   22   23 1.000000
   199   22   24 1.000000
   199   22   25 0.041667
   199   22   26 0.104167
   199   22   27 0.875000
   199   23   24 1.000000
   199   23   25 0.041667
   199   23   26 0.104167
   199   23   27 0.875000
   199   24   25 0.041667
   199   24   26 0.104167
   199   24   27 0.875000
   199   25   26 0.166667
   199   25   27 0.104167
   199   26   27 0.166667
   204    1    2 1.000000
   204    1    3 1.000000
   204    1    4 1.000000
   204    1    5 1.000000
   204    1    7 1.000000
   204    1    9 1.000000
   204    1   10 1.000000
   204    1   15 1.000000
   204    1   18 1.000000
   204    1   20 1.000000
   204    1   26 1.000000
   204    2    3 1.000000
   204    2    4 1.000000
   204    2    5 1.000000
   204    2    7 1.000000
   204    2    9 1.000000
   204    2   10 1.000000
   204    2   15 1.000000
   204    2   18 1.000000
   204    2   20 1.000000
   204    2   26 1.000000
   204    3    4 1.000000
   204    3    5 1.000000
   204    3    7 1.000000
   204    3    9 1.000000
   204    3   10 1.000000
   204    3   15 1.000000
   204    3   18 1.000000
   204    3   20 1.000000
   204    3   26 1.000000
   204    4    5 1.000000
   204    4    7 1.000000
   204    4    9 1.000000
   204    4   10 1.000000
   204    4   15 1.000000
   204    4   18 1.000000
   204    4   20 1.000000
   204    4   26 1.000000
   204    5    7 1.000000
   204    5    9 1.000000
   204    5   10 1.000000
   204    5   15 1.000000
   204    5   18 1.000000
   204    5   20 1.000000
   204    5   26 1.000000
   204    7    9 1.000000
   204    7   10 1.000000
   204    7   15 1.000000
   204    7   18 1.000000
   204    7   20 1.000000
   204    7   26 1.000000
   204    9   10 1.000000
   204    9   15 1.000000
   204    9   18 1.000000
   204    9   20 1.000000
   204    9   26 1.000000
   204   10   15 1.000000
   204   10   18 1.000000
   204   10   20 1.000000
   204   10   26 1.000000
   204   15   18 1.000000
   204   15   20 1.000000
   204   15   26 1.000000
   204   18   20 1.000000
   204   18   26 1.000000
   204   20   26 1.000000
   205    1    2 1.000000
   205    1    3 1.000000
   205    1    4 1.000000
   205    1    5 1.000000
   205    1    6 1.000000
   205    1    7 1.000000
   205    1    8 1.000000
   205    1    9 1.000000
   205    1   10 1.000000
   205    1   11 1.000000
   205    1   12 1.000000
   205    1   13 1.000000
   205    1   14 1.000000
   205    1   15 1.000000
   205    1   17 1.000000
   205    1   18 1.000000
   205    1   19 1.000000
   205    1   20 1.000000
   205    1   21 0.875000
   205    1   22 0.875000
   205    1   23 0.875000
   205    1   24 0.875000
   205    1   26 1.000000
   205    1   27 1.000000
   205    2    3 1.000000
   205    2    4 1.000000
   205    2    5 1.000000
   205    2    6 1.000000
   205    2    7 1.000000
   205    2    8 1.000000
   205    2    9 1.000000
   205    2   10 1.000000
   205    2   11 1.000000
   205    2   12 1.000000
   205    2   13 1.000000
   205    2   14 1.000000
   205    2   15 1.000000
   205    2   17 1.000000
   205    2   18 1.000000
   205    2   19 1.000000
   205    2   20 1.000000
   205    2   21 0.875000
   205    2   22 0.875000
   205    2   23 0.875000
   205    2   24 0.875000
   205    2   26 1.000000
   205    2   27 1.000000
   205    3    4 1.000000
   205    3    5 1.000000
   205    3    6 1.000000
   205    3    7 1.000000
   205    3    8 1.000000
   205    3    9 1.000000
   205    3   10 1.000000
   205    3   11 1.000000
   205    3   12 1.000000
   205    3   13 1.000000
   205    3   14 1.000000
   205    3   15 1.000000
   205    3   17 1.000000
   205    3   18 1.000000
   205    3   19 1.000000
   205    3   20 1.000000
   205    3   21 0.875000
   205    3   22 0.875000
   205    3   23 0.875000
   205    3   24 0.875000
   205    3   26 1.000000
   205    3   27 1.000000
   205    4    5 1.000000
   205    4    6 1.000000
   205    4    7 1.000000
   205    4    8 1.000000
   205    4    9 1.000000
   205    4   10 1.000000
   205    4   11 1.000000
   205    4   12 1.000000
   205    4   13 1.000000
   205    4   14 1.000000
   205    4   15 1.000000
   205    4   17 1.000000
   205    4   18 1.000000
   205    4   19 1.000000
   205    4   20 1.000000
   205    4   21 0.875000
   205    4   22 0.875000
   205    4   23 0.875000
   205    4   24 0.875000
   205    4   26 1.000000
   205    4   27 1.000000
   205    5    6 1.000000
   205    5    7 1.000000
   205    5    8 1.000000
   205    5    9 1.000000
   205    5   10 1.000000
   205    5   11 1.000000
   205    5   12 1.000000
   205    5   13 1.000000
   205    5   14 1.000000
   205    5   15 1.000000
   205    5   17 1.000000
   205    5   18 1.000000
   205    5   19 1.000000
   205    5   20 1.000000
   205    5   21 0.875000
   205    5   22 0.875000
   205    5   23 0.875000
   205    5   24 0.875000
   205    5   26 1.000000
   205    5   27 1.000000
   205    6    7 1.000000
   205    6    8 1.000000
   205    6    9 1.000000
   205    6   10 1.000000
   205    6   11 1.000000
   205    6   12 1.000000
   205    6   13 1.000000
   205    6   14 1.000000
   205    6   15 1.000000
   205    6   17 1.000000
   205    6   18 1.000000
   205    6   19 1.000000
   205    6   20 1.000000
   205    6   21 0.875000
   205    6   22 0.875000
   205    6   23 0.875000
   205    6   24 0.875000
   205    6   26 1.000000
   205    6   27 1.000000
   205    7    8 1.000000
   205    7    9 1.000000
   205    7   10 1.000000
   205    7   11 1.000000
   205    7   12 1.000000
   205    7   13 1.000000
   205    7   14 1.000000
   205    7   15 1.000000
   205    7   17 1.000000
   205    7   18 1.000000
   205    7   19 1.000000
   205    7   20 1.000000
   205    7   21 0.875000
   205    7   22 0.875000
   205    7   23 0.875000
   205    7   24 0.875000
   205    7   26 1.000000
   205    7   27 1.000000
   205    8    9 1.000000
   205    8   10 1.000000
   205    8   11 1.000000
   205    8   12 1.000000
   205    8   13 1.000000
   205    8   14 1.000000
   205    8   15 1.000000
   205    8   17 1.000000
   205    8   18 1.000000
   205    8   19 1.000000
   205    8   20 1.000000
   205    8   21 0.875000
   205    8   22 0.875000
   205    8   23 0.875000
   205    8   24 0.875000
   205    8   26 1.000000
   205    8   27 1.000000
   205    9   10 1.000000
   205    9   11 1.000000
   205    9   12 1.000000
   205    9   13 1.000000
   205    9   14 1.000000
   205    9   15 1.000000
   205    9   17 1.000000
   205    9   18 1.000000
   205    9   19 1.000000
   205    9   20 1.000000
   205    9   21 0.875000
   205    9   22 0.875000
   205    9   23 0.875000
   205    9   24 0.875000
   205    9   26 1.000000
   205    9   27 1.000000
   205   10   11 1.000000
   205   10   12 1.000000
   205   10   13 1.000000
   205   10   14 1.000000
   205   10   15 1.000000
   205   10   17 1.000000
   205   10   18 1.000000
   205   10   19 1.000000
   205   10   20 1.000000
   205   10   21 0.875000
   205   10   22 0.875000
   205   10   23 0.875000
   205   10   24 0.875000
   205   10   26 1.000000
   205   10   27 1.000000
   205   11   12 1.000000
   205   11   13 1.000000
   205   11   14 1.000000
   205   11   15 1.000000
   205   11   17 1.000000
   205   11   18 1.000000
   205   11   19 1.000000
   205   11   20 1.000000
   205   11   21 0.875000
   205   11   22 0.875000
   205   11   23 0.875000
   205   11   24 0.875000
   205   11   26 1.000000
   205   11   27 1.000000
   205   12   13 1.000000
   205   12   14 1.000000
   205   12   15 1.000000
   205   12   17 1.000000
   205   12   18 1.000000
   205   12   19 1.000000
   205   12   20 1.000000
   205   12   21 0.875000
   205   12   22 0.875000
   205   12   23 0.875000
   205   12   24 0.875000
   205   12   26 1.000000
   205   12   27 1.000000
   205   13   14 1.000000
   205   13   15 1.000000
   205   13   17 1.000000
   205   13   18 1.000000
   205   13   19 1.000000
   205   13   20 1.000000
   205   13   21 0.875000
   205   13   22 0.875000
   205   13   23 0.875000
   205   13   24 0.875000
   205   13   26 1.000000
   205   13   27 1.000000
   205   14   15 1.000000
   205   14   17 1.000000
   205   14   18 1.000000
   205   14   19 1.000000
   205   14   20 1.000000
   205   14   21 0.875000
   205   14   22 0.875000
   205   14   23 0.875000
   205   14   24 0.875000
   205   14   26 1.000000
   205   14   27 1.000000
   205   15   17 1.000000
   205   15   18 1.000000
   205   15   19 1.000000
   205   15   20 1.000000
   205   15   21 0.875000
   205   15   22 0.875000
   205   15   23 0.875000
   205   15   24 0.875000
   205   15   26 1.000000
   205   15   27 1.000000
   205   17   18 1.000000
   205   17   19 1.000000
   205   17   20 1.000000
   205   17   21 0.875000
   205   17   22 0.875000
   205   17   23 0.875000
   205   17   24 0.875000
   205   17   26 1.000000
   205   17   27 1.000000
   205   18   19 1.000000
   205   18   20 1.000000
   205   18   21 0.875000
   205   18   22 0.875000
   205   18   23 0.875000
   205   18   24 0.875000
   205   18   26 1.000000
   205   18   27 1.000000
   205   19   20 1.000000
   205   19   21 0.875000
   205   19   22 0.875000
   205   19   23 0.875000
   205   19   24 0.875000
   205   19   26 1.000000
   205   19   27 1.000000
   205   20   21 0.875000
   205   20   22 0.875000
   205   20   23 0.875000
   205   20   24 0.875000
   205   20   26 1.000000
   205   20   27 1.000000
   205   21   22 1.000000
   205   21   23 1.000000
   205   21   24 1.000000
   205   21   26 0.875000
   205   21   27 0.875000
   205   22   23 1.000000
   205   22   24 1.000000
   205   22   26 0.875000
   205   22   27 0.875000
   205   23   24 1.000000
   205   23   26 0.875000
   205   23   27 0.875000
   205   24   26 0.875000
   205   24   27 0.875000
   205   26   27 1.000000
   206    1    2 1.000000
   206    1    3 1.000000
   206    1    4 1.000000
   206    1    5 1.000000
   206    1    6 1.000000
   206    1    7 1.000000
   206    1    8 1.000000
   206    1    9 1.000000
   206    1   10 1.000000
   206    1   11 1.000000
   206    1   12 1.000000
   206    1   13 1.000000
   206    1   14 1.000000
   206    1   15 1.000000
   206    1   16 1.000000
   206    1   17 1.000000
   206    1   18 1.000000
   206    1   19 1.000000
   206    1   20 1.000000
   206    1   21 1.000000
   206    1   22 1.000000
   206    1   23 1.000000
   206    1   24 1.000000
   206    1   25 1.000000
   206    1   27 1.000000
   206    2    3 1.000000
   206    2    4 1.000000
   206    2    5 1.000000
   206    2    6 1.000000
   206    2    7 1.000000
   206    2    8 1.000000
   206    2    9 1.000000
   206    2   10 1.000000
   206    2   11 1.000000
   206    2   12 1.000000
   206    2   13 1.000000
   206    2   14 1.000000
   206    2   15 1.000000
   206    2   16 1.000000
   206    2   17 1.000000
   206    2   18 1.000000
   206    2   19 1.000000
   206    2   20 1.000000
   206    2   21 1.000000
   206    2   22 1.000000
   206    2   23 1.000000
   206    2   24 1.000000
   206    2   25 1.000000
   206    2   27 1.000000
   206    3    4 1.000000
   206    3    5 1.000000
   206    3    6 1.000000
   206    3    7 1.000000
   206    3    8 1.000000
   206    3    9 1.000000
   206    3   10 1.000000
   206    3   11 1.000000
   206    3   12 1.000000
   206    3   13 1.000000
   206    3   14 1.000000
   206    3   15 1.000000
   206    3   16 1.000000
   206    3   17 1.000000
   206    3   18 1.000000
   206    3   19 1.000000
   206    3   20 1.000000
   206    3   21 1.000000
   206    3   22 1.000000
   206    3   23 1.000000
   206    3   24 1.000000
   206    3   25 1.000000
   206    3   27 1.000000
   206    4    5 1.000000
   206    4    6 1.000000
   206    4    7 1.000000
   206    4    8 1.000000
   206    4    9 1.000000
   206    4   10 1.000000
   206    4   11 1.000000
   206    4   12 1.000000
   206    4   13 1.000000
   206    4   14 1.000000
   206    4   15 1.000000
   206    4   16 1.000000
   206    4   17 1.000000
   206    4   18 1.000000
   206    4   19 1.000000
   206    4   20 1.000000
   206    4   21 1.000000
   206    4   22 1.000000
   206    4   23 1.000000
   206    4   24 1.000000
   206    4   25 1.000000
   206    4   27 1.000000
   206    5    6 1.000000
   206    5    7 1.000000
   206    5    8 1.000000
   206    5    9 1.000000
   206    5   10 1.000000
   206    5   11 1.000000
   206    5   12 1.000000
   206    5   13 1.000000
   206    5   14 1.000000
   206    5   15 1.000000
   206    5   16 1.000000
   206    5   17 1.000000
   206    5   18 1.000000
   206    5   19 1.000000
   206    5   20 1.000000
   206    5   21 1.000000
   206    5   22 1.000000
   206    5   23 1.000000
   206    5   24 1.000000
   206    5   25 1.000000
   206    5   27 1.000000
   206    6    7 1.000000
   206    6    8 1.000000
   206    6    9 1.000000
   206    6   10 1.000000
   206    6   11 1.000000
   206    6   12 1.000000
   206    6   13 1.000000
   206    6   14 1.000000
   206    6   15 1.000000
   206    6   16 1.000000
   206    6   17 1.000000
   206    6   18 1.000000
   206    6   19 1.000000
   206    6   20 1.000000
   206    6   21 1.000000
   206    6   22 1.000000
   206    6   23 1.000000
   206    6   24 1.000000
   206    6   25 1.000000
   206    6   27 1.000000
   206    7    8 1.000000
   206    7    9 1.000000
   206    7   10 1.000000
   206    7   11 1.000000
   206    7   12 1.000000
   206    7   13 1.000000
   206    7   14 1.000000
   206    7   15 1.000000
   206    7   16 1.000000
   206    7   17 1.000000
   206    7   18 1.000000
   206    7   19 1.000000
   206    7   20 1.000000
   206    7   21 1.000000
   206    7   22 1.000000
   206    7   23 1.000000
   206    7   24 1.000000
   206    7   25 1.000000
   206    7   27 1.000000
   206    8    9 1.000000
   206    8   10 1.000000
   206    8   11 1.000000
   206    8   12 1.000000
   206    8   13 1.000000
   206    8   14 1.000000
   206    8   15 1.000000
   206    8   16 1.000000
   206    8   17 1.000000
   206    8   18 1.000000
   206    8   19 1.000000
   206    8   20 1.000000
   206    8   21 1.000000
   206    8   22 1.000000
   206    8   23 1.000000
   206    8   24 1.000000
   206    8   25 1.000000
   206    8   27 1.000000
   206    9   10 1.000000
   206    9   11 1.000000
   206    9   12 1.000000
   206    9   13 1.000000
   206    9   14 1.000000
   206    9   15 1.000000
   206    9   16 1.000000
   206    9   17 1.000000
   206    9   18 1.000000
   206    9   19 1.000000
   206    9   20 1.000000
   206    9   21 1.000000
   206    9   22 1.000000
   206    9   23 1.000000
   206    9   24 1.000000
   206    9   25 1.000000
   206    9   27 1.000000
   206   10   11 1.000000
   206   10   12 1.000000
   206   10   13 1.000000
   206   10   14 1.000000
   206   10   15 1.000000
   206   10   16 1.000000
   206   10   17 1.000000
   206   10   18 1.000000
   206   10   19 1.000000
   206   10   20 1.000000
   206   10   21 1.000000
   206   10   22 1.000000
   206   10   23 1.000000
   206   10   24 1.000000
   206   10   25 1.000000
   206   10   27 1.000000
   206   11   12 1.000000
   206   11   13 1.000000
   206   11   14 1.000000
   206   11   15 1.000000
   206   11   16 1.000000
   206   11   17 1.000000
   206   11   18 1.000000
   206   11   19 1.000000
   206   11   20 1.000000
   206   11   21 1.000000
   206   11   22 1.000000
   206   11   23 1.000000
   206   11   24 1.000000
   206   11   25 1.000000
   206   11   27 1.000000
   206   12   13 1.000000
   206   12   14 1.000000
   206   12   15 1.000000
   206   12   16 1.000000
   206   12   17 1.000000
   206   12   18 1.000000
   206   12   19 1.000000
   206   12   20 1.000000
   206   12   21 1.000000
   206   12   22 1.000000
   206   12   23 1.000000
   206   12   24 1.000000
   206   12   25 1.000000
   206   12   27 1.000000
   206   13   14 1.000000
   206   13   15 1.000000
   206   13   16 1.000000
   206   13   17 1.000000
   206   13   18 1.000000
   206   13   19 1.000000
   206   13   20 1.000000
   206   13   21 1.000000
   206   13   22 1.000000
   206   13   23 1.000000
   206   13   24 1.000000
   206   13   25 1.000000
   206   13   27 1.000000
   206   14   15 1.000000
   206   14   16 1.000000
   206   14   17 1.000000
   206   14   18 1.000000
   206   14   19 1.000000
   206   14   20 1.000000
   206   14   21 1.000000
   206   14   22 1.000000
   206   14   23 1.000000
   206   14   24 1.000000
   206   14   25 1.000000
   206   14   27 1.000000
   206   15   16 1.000000
   206   15   17 1.000000
   206   15   18 1.000000
   206   15   19 1.000000
   206   15   20 1.000000
   206   15   21 1.000000
   206   15   22 1.000000
   206   15   23 1.000000
   206   15   24 1.000000
   206   15   25 1.000000
   206   15   27 1.000000
   206   16   17 1.000000
   206   16   18 1.000000
   206   16   19 1.000000
   206   16   20 1.000000
   206   16   21 1.000000
   206   16   22 1.000000
   206   16   23 1.000000
   206   16   24 1.000000
   206   16   25 1.000000
   206   16   27 1.000000
   206   17   18 1.000000
   206   17   19 1.000000
   206   17   20 1.000000
   206   17   21 1.000000
   206   17   22 1.000000
   206   17   23 1.000000
   206   17   24 1.000000
   206   17   25 1.000000
   206   17   27 1.000000
   206   18   19 1.000000
   206   18   20 1.000000
   206   18   21 1.000000
   206   18   22 1.000000
   206   18   23 1.000000
   206   18   24 1.000000
   206   18   25 1.000000
   206   18   27 1.000000
   206   19   20 1.000000
   206   19   21 1.000000
   206   19   22 1.000000
   206   19   23 1.000000
   206   19   24 1.000000
   206   19   25 1.000000
   206   19   27 1.000000
   206   20   21 1.000000
   206   20   22 1.000000
   206   20   23 1.000000
   206   20   24 1.000000
   206   20   25 1.000000
   206   20   27 1.000000
   206   21   22 1.000000
   206   21   23 1.000000
   206   21   24 1.000000
   206   21   25 1.000000
   206   21   27 1.000000
   206   22   23 1.000000
   206   22   24 1.000000
   206   22   25 1.000000
   206   22   27 1.000000
   206   23   24 1.000000
   206   23   25 1.000000
   206   23   27 1.000000
   206   24   25 1.000000
   206   24   27 1.000000
   206   25   27 1.000000
   207    1    2 1.000000
   207    1    3 1.000000
   207    1    4 1.000000
   207    1    5 1.000000
   207    1    6 1.000000
   207    1    7 1.000000
   207    1    8 1.000000
   207    1    9 1.000000
   207    1   10 1.000000
   207    1   11 1.000000
   207    1   12 1.000000
   207    1   13 1.000000
   207    1   14 1.000000
   207    1   15 1.000000
   207    1   16 1.000000
   207    1   17 1.000000
   207    1   18 1.000000
   207    1   19 1.000000
   207    1   20 1.000000
   207    1   21 1.000000
   207    1   22 1.000000
   207    1   23 1.000000
   207    1   24 1.000000
   207    1   25 1.000000
   207    1   26 1.000000
   207    1   27 1.000000
   207    2    3 1.000000
   207    2    4 1.000000
   207    2    5 1.000000
   207    2    6 1.000000
   207    2    7 1.000000
   207    2    8 1.000000
   207    2    9 1.000000
   207    2   10 1.000000
   207    2   11 1.000000
   207    2   12 1.000000
   207    2   13 1.000000
   207    2   14 1.000000
   207    2   15 1.000000
   207    2   16 1.000000
   207    2   17 1.000000
   207    2   18 1.000000
   207    2   19 1.000000
   207    2   20 1.000000
   207    2   21 1.000000
   207    2   22 1.000000
   207    2   23 1.000000
   207    2   24 1.000000
   207    2   25 1.000000
   207    2   26 1.000000
   207    2   27 1.000000
   207    3    4 1.000000
   207    3    5 1.000000
   207    3    6 1.000000
   207    3    7 1.000000
   207    3    8 1.000000
   207    3    9 1.000000
   207    3   10 1.000000
   207    3   11 1.000000
   207    3   12 1.000000
   207    3   13 1.000000
   207    3   14 1.000000
   207    3   15 1.000000
   207    3   16 1.000000
   207    3   17 1.000000
   207    3   18 1.000000
   207    3   19 1.000000
   207    3   20 1.000000
   207    3   21 1.000000
   207    3   22 1.000000
   207    3   23 1.000000
   207    3   24 1.000000
   207    3   25 1.000000
   207    3   26 1.000000
   207    3   27 1.000000
   207    4    5 1.000000
   207    4    6 1.000000
   207    4    7 1.000000
   207    4    8 1.000000
   207    4    9 1.000000
   207    4   10 1.000000
   207    4   11 1.000000
   207    4   12 1.000000
   207    4   13 1.000000
   207    4   14 1.000000
   207    4   15 1.000000
   207    4   16 1.000000
   207    4   17 1.000000
   207    4   18 1.000000
   207    4   19 1.000000
   207    4   20 1.000000
   207    4   21 1.000000
   207    4   22 1.000000
   207    4   23 1.000000
   207    4   24 1.000000
   207    4   25 1.000000
   207    4   26 1.000000
   207    4   27 1.000000
   207    5    6 1.000000
   207    5    7 1.000000
   207    5    8 1.000000
   207    5    9 1.000000
   207    5   10 1.000000
   207    5   11 1.000000
   207    5   12 1.000000
   207    5   13 1.000000
   207    5   14 1.000000
   207    5   15 1.000000
   207    5   16 1.000000
   207    5   17 1.000000
   207    5   18 1.000000
   207    5   19 1.000000
   207    5   20 1.000000
   207    5   21 1.000000
   207    5   22 1.000000
   207    5   23 1.000000
   207    5   24 1.000000
   207    5   25 1.000000
   207    5   26 1.000000
   207    5   27 1.000000
   207    6    7 1.000000
   207    6    8 1.000000
   207    6    9 1.000000
   207    6   10 1.000000
   207    6   11 1.000000
   207    6   12 1.000000
   207    6   13 1.000000
   207    6   14 1.000000
   207    6   15 1.000000
   207    6   16 1.000000
   207    6   17 1.000000
   207    6   18 1.000000
   207    6   19 1.000000
   207    6   20 1.000000
   207    6   21 1.000000
   207    6   22 1.000000
   207    6   23 1.000000
   207    6   24 1.000000
   207    6   25 1.000000
   207    6   26 1.000000
   207    6   27 1.000000
   207    7    8 1.000000
   207    7    9 1.000000
   207    7   10 1.000000
   207    7   11 1.000000
   207    7   12 1.000000
   207    7   13 1.000000
   207    7   14 1.000000
   207    7   15 1.000000
   207    7   16 1.000000
   207    7   17 1.000000
   207    7   18 1.000000
   207    7   19 1.000000
   207    7   20 1.000000
   207    7   21 1.000000
   207    7   22 1.000000
   207    7   23 1.000000
   207    7   24 1.000000
   207    7   25 1.000000
   207    7   26 1.000000
   207    7   27 1.000000
   207    8    9 1.000000
   207    8   10 1.000000
   207    8   11 1.000000
   207    8   12 1.000000
   207    8   13 1.000000
   207    8   14 1.000000
   207    8   15 1.000000
   207    8   16 1.000000
   207    8   17 1.000000
   207    8   18 1.000000
   207    8   19 1.000000
   207    8   20 1.000000
   207    8   21 1.000000
   207    8   22 1.000000
   207    8   23 1.000000
   207    8   24 1.000000
   207    8   25 1.000000
   207    8   26 1.000000
   207    8   27 1.000000
   207    9   10 1.000000
   207    9   11 1.000000
   207    9   12 1.000000
   207    9   13 1.000000
   207    9   14 1.000000
   207    9   15 1.000000
   207    9   16 1.000000
   207    9   17 1.000000
   207    9   18 1.000000
   207    9   19 1.000000
   207    9   20 1.000000
   207    9   21 1.000000
   207    9   22 1.000000
   207    9   23 1.000000
   207    9   24 1.000000
   207    9   25 1.000000
   207    9   26 1.000000
   207    9   27 1.000000
   207   10   11 1.000000
   207   10   12 1.000000
   207   10   13 1.000000
   207   10   14 1.000000
   207   10   15 1.000000
   207   10   16 1.000000
   207   10   17 1.000000
   207   10   18 1.000000
   207   10   19 1.000000
   207   10   20 1.000000
   207   10   21 1.000000
   207   10   22 1.000000
   207   10   23 1.000000
   207   10   24 1.000000
   207   10   25 1.000000
   207   10   26 1.000000
   207   10   27 1.000000
   207   11   12 1.000000
   207   11   13 1.000000
   207   11   14 1.000000
   207   11   15 1.000000
   207   11   16 1.000000
   207   11   17 1.000000
   207   11   18 1.000000
   207   11   19 1.000000
   207   11   20 1.000000
   207   11   21 1.000000
   207   11   22 1.000000
   207   11   23 1.000000
   207   11   24 1.000000
   207   11   25 1.000000
   207   11   26 1.000000
   207   11   27 1.000000
   207   12   13 1.000000
   207   12   14 1.000000
   207   12   15 1.000000
   207   12   16 1.000000
   207   12   17 1.000000
   207   12   18 1.000000
   207   12   19 1.000000
   207   12   20 1.000000
   207   12   21 1.000000
   207   12   22 1.000000
   207   12   23 1.000000
   207   12   24 1.000000
   207   12   25 1.000000
   207   12   26 1.000000
   207   12   27 1.000000
   207   13   14 1.000000
   207   13   15 1.000000
   207   13   16 1.000000
   207   13   17 1.000000
   207   13   18 1.000000
   207   13   19 1.000000
   207   13   20 1.000000
   207   13   21 1.000000
   207   13   22 1.000000
   207   13   23 1.000000
   207   13   24 1.000000
   207   13   25 1.000000
   207   13   26 1.000000
   207   13   27 1.000000
   207   14   15 1.000000
   207   14   16 1.000000
   207   14   17 1.000000
   207   14   18 1.000000
   207   14   19 1.000000
   207   14   20 1.000000
   207   14   21 1.000000
   207   14   22 1.000000
   207   14   23 1.000000
   207   14   24 1.000000
   207   14   25 1.000000
   207   14   26 1.000000
   207   14   27 1.000000
   207   15   16 1.000000
   207   15   17 1.000000
   207   15   18 1.000000
   207   15   19 1.000000
   207   15   20 1.000000
   207   15   21 1.000000
   207   15   22 1.000000
   207   15   23 1.000000
   207   15   24 1.000000
   207   15   25 1.000000
   207   15   26 1.000000
   207   15   27 1.000000
   207   16   17 1.000000
   207   16   18 1.000000
   207   16   19 1.000000
   207   16   20 1.000000
   207   16   21 1.000000
   207   16   22 1.000000
   207   16   23 1.000000
   207   16   24 1.000000
   207   16   25 1.000000
   207   16   26 1.000000
   207   16   27 1.000000
   207   17   18 1.000000
   207   17   19 1.000000
   207   17   20 1.000000
   207   17   21 1.000000
   207   17   22 1.000000
   207   17   23 1.000000
   207   17   24 1.000000
   207   17   25 1.000000
   207   17   26 1.000000
   207   17   27 1.000000
   207   18   19 1.000000
   207   18   20 1.000000
   207   18   21 1.000000
   207   18   22 1.000000
   207   18   23 1.000000
   207   18   24 1.000000
   207   18   25 1.000000
   207   18   26 1.000000
   207   18   27 1.000000
   207   19   20 1.000000
   207   19   21 1.000000
   207   19   22 1.000000
   207   19   23 1.000000
   207   19   24 1.000000
   207   19   25 1.000000
   207   19   26 1.000000
   207   19   27 1.000000
   207   20   21 1.000000
   207   20   22 1.000000
   207   20   23 1.000000
   207   20   24 1.000000
   207   20   25 1.000000
   207   20   26 1.000000
   207   20   27 1.000000
   207   21   22 1.000000
   207   21   23 1.000000
   207   21   24 1.000000
   207   21   25 1.000000
   207   21   26 1.000000
   207   21   27 1.000000
   207   22   23 1.000000
   207   22   24 1.000000
   207   22   25 1.000000
   207   22   26 1.000000
   207   22   27 1.000000
   207   23   24 1.000000
   207   23   25 1.000000
   207   23   26 1.000000
   207   23   27 1.000000
   207   24   25 1.000000
   207   24   26 1.000000
   207   24   27 1.000000
   207   25   26 1.000000
   207   25   27 1.000000
   207   26   27 1.000000
   208    1    2 1.000000
   208    1    3 1.000000
   208    1    4 1.000000
   208    1    5 1.000000
   208    1    6 1.000000
   208    1    7 1.000000
   208    1    8 1.000000
   208    1    9 1.000000
   208    1   10 1.000000
   208    1   11 1.000000
   208    1   12 1.000000
   208    1   13 1.000000
   208    1   14 1.000000
   208    1   15 1.000000
   208    1   16 1.000000
   208    1   17 1.000000
   208    1   18 1.000000
   208    1   19 1.000000
   208    1   20 1.000000
   208    1   21 1.000000
   208    1   22 1.000000
   208    1   23 1.000000
   208    1   24 1.000000
   208    1   25 1.000000
   208    1   26 1.000000
   208    1   27 1.000000
   208    2    3 1.000000
   208    2    4 1.000000
   208    2    5 1.000000
   208    2    6 1.000000
   208    2    7 1.000000
   208    2    8 1.000000
   208    2    9 1.000000
   208    2   10 1.000000
   208    2   11 1.000000
   208    2   12 1.000000
   208    2   13 1.000000
   208    2   14 1.000000
   208    2   15 1.000000
   208    2   16 1.000000
   208    2   17 1.000000
   208    2   18 1.000000
   208    2   19 1.000000
   208    2   20 1.000000
   208    2   21 1.000000
   208    2   22 1.000000
   208    2   23 1.000000
   208    2   24 1.000000
   208    2   25 1.000000
   208    2   26 1.000000
   208    2   27 1.000000
   208    3    4 1.000000
   208    3    5 1.000000
   208    3    6 1.000000
   208    3    7 1.000000
   208    3    8 1.000000
   208    3    9 1.000000
   208    3   10 1.000000
   208    3   11 1.000000
   208    3   12 1.000000
   208    3   13 1.000000
   208    3   14 1.000000
   208    3   15 1.000000
   208    3   16 1.000000
   208    3   17 1.000000
   208    3   18 1.000000
   208    3   19 1.000000
   208    3   20 1.000000
   208    3   21 1.000000
   208    3   22 1.000000
   208    3   23 1.000000
   208    3   24 1.000000
   208    3   25 1.000000
   208    3   26 1.000000
   208    3   27 1.000000
   208    4    5 1.000000
   208    4    6 1.000000
   208    4    7 1.000000
   208    4    8 1.000000
   208    4    9 1.000000
   208    4   10 1.000000
   208    4   11 1.000000
   208    4   12 1.000000
   208    4   13 1.000000
   208    4   14 1.000000
   208    4   15 1.000000
   208    4   16 1.000000
   208    4   17 1.000000
   208    4   18 1.000000
   208    4   19 1.000000
   208    4   20 1.000000
   208    4   21 1.000000
   208    4   22 1.000000
   208    4   23 1.000000
   208    4   24 1.000000
   208    4   25 1.000000
   208    4   26 1.000000
   208    4   27 1.000000
   208    5    6 1.000000
   208    5    7 1.000000
   208    5    8 1.000000
   208    5    9 1.000000
   208    5   10 1.000000
   208    5   11 1.000000
   208    5   12 1.000000
   208    5   13 1.000000
   208    5   14 1.000000
   208    5   15 1.000000
   208    5   16 1.000000
   208    5   17 1.000000
   208    5   18 1.000000
   208    5   19 1.000000
   208    5   20 1.000000
   208    5   21 1.000000
   208    5   22 1.000000
   208    5   23 1.000000
   208    5   24 1.000000
   208    5   25 1.000000
   208    5   26 1.000000
   208    5   27 1.000000
   208    6    7 1.000000
   208    6    8 1.000000
   208    6    9 1.000000
   208    6   10 1.000000
   208    6   11 1.000000
   208    6   12 1.000000
   208    6   13 1.000000
   208    6   14 1.000000
   208    6   15 1.000000
   208    6   16 1.000000
   208    6   17 1.000000
   208    6   18 1.000000
   208    6   19 1.000000
   208    6   20 1.000000
   208    6   21 1.000000
   208    6   22 1.000000
   208    6   23 1.000000
   208    6   24 1.000000
   208    6   25 1.000000
   208    6   26 1.000000
   208    6   27 1.000000
   208    7    8 1.000000
   208    7    9 1.000000
   208    7   10 1.000000
   208    7   11 1.000000
   208    7   12 1.000000
   208    7   13 1.000000
   208    7   14 1.000000
   208    7   15 1.000000
   208    7   16 1.000000
   208    7   17 1.000000
   208    7   18 1.000000
   208    7   19 1.000000
   208    7   20 1.000000
   208    7   21 1.000000
   208    7   22 1.000000
   208    7   23 1.000000
   208    7   24 1.000000
   208    7   25 1.000000
   208    7   26 1.000000
   208    7   27 1.000000
   208    8    9 1.000000
   208    8   10 1.000000
   208    8   11 1.000000
   208    8   12 1.000000
   208    8   13 1.000000
   208    8   14 1.000000
   208    8   15 1.000000
   208    8   16 1.000000
   208    8   17 1.000000
   208    8   18 1.000000
   208    8   19 1.000000
   208    8   20 1.000000
   208    8   21 1.000000
   208    8   22 1.000000
   208    8   23 1.000000
   208    8   24 1.000000
   208    8   25 1.000000
   208    8   26 1.000000
   208    8   27 1.000000
   208    9   10 1.000000
   208    9   11 1.000000
   208    9   12 1.000000
   208    9   13 1.000000
   208    9   14 1.000000
   208    9   15 1.000000
   208    9   16 1.000000
   208    9   17 1.000000
   208    9   18 1.000000
   208    9   19 1.000000
   208    9   20 1.000000
   208    9   21 1.000000
   208    9   22 1.000000
   208    9   23 1.000000
   208    9   24 1.000000
   208    9   25 1.000000
   208    9   26 1.000000
   208    9   27 1.000000
   208   10   11 1.000000
   208   10   12 1.000000
   208   10   13 1.000000
   208   10   14 1.000000
   208   10   15 1.000000
   208   10   16 1.000000
   208   10   17 1.000000
   208   10   18 1.000000
   208   10   19 1.000000
   208   10   20 1.000000
   208   10   21 1.000000
   208   10   22 1.000000
   208   10   23 1.000000
   208   10   24 1.000000
   208   10   25 1.000000
   208   10   26 1.000000
   208   10   27 1.000000
   208   11   12 1.000000
   208   11   13 1.000000
   208   11   14 1.000000
   208   11   15 1.000000
   208   11   16 1.000000
   208   11   17 1.000000
   208   11   18 1.000000
   208   11   19 1.000000
   208   11   20 1.000000
   208   11   21 1.000000
   208   11   22 1.000000
   208   11   23 1.000000
   208   11   24 1.000000
   208   11   25 1.000000
   208   11   26 1.000000
   208   11   27 1.000000
   208   12   13 1.000000
   208   12   14 1.000000
   208   12   15 1.000000
   208   12   16 1.000000
   208   12   17 1.000000
   208   12   18 1.000000
   208   12   19 1.000000
   208   12   20 1.000000
   208   12   21 1.000000
   208   12   22 1.000000
   208   12   23 1.000000
   208   12   24 1.000000
   208   12   25 1.000000
   208   12   26 1.000000
   208   12   27 1.000000
   208   13   14 1.000000
   208   13   15 1.000000
   208   13   16 1.000000
   208   13   17 1.000000
   208   13   18 1.000000
   208   13   19 1.000000
   208   13   20 1.000000
   208   13   21 1.000000
   208   13   22 1.000000
   208   13   23 1.000000
   208   13   24 1.000000
   208   13   25 1.000000
   208   13   26 1.000000
   208   13   27 1.000000
   208   14   15 1.000000
   208   14   16 1.000000
   208   14   17 1.000000
   208   14   18 1.000000
   208   14   19 1.000000
   208   14   20 1.000000
   208   14   21 1.000000
   208   14   22 1.000000
   208   14   23 1.000000
   208   14   24 1.000000
   208   14   25 1.000000
   208   14   26 1.000000
   208   14   27 1.000000
   208   15   16 1.000000
   208   15   17 1.000000
   208   15   18 1.000000
   208   15   19 1.000000
   208   15   20 1.000000
   208   15   21 1.000000
   208   15   22 1.000000
   208   15   23 1.000000
   208   15   24 1.000000
   208   15   25 1.000000
   208   15   26 1.000000
   208   15   27 1.000000
   208   16   17 1.000000
   208   16   18 1.000000
   208   16   19 1.000000
   208   16   20 1.000000
   208   16   21 1.000000
   208   16   22 1.000000
   208   16   23 1.000000
   208   16   24 1.000000
   208   16   25 1.000000
   208   16   26 1.000000
   208   16   27 1.000000
   208   17   18 1.000000
   208   17   19 1.000000
   208   17   20 1.000000
   208   17   21 1.000000
   208   17   22 1.000000
   208   17   23 1.000000
   208   17   24 1.000000
   208   17   25 1.000000
   208   17   26 1.000000
   208   17   27 1.000000
   208   18   19 1.000000
   208   18   20 1.000000
   208   18   21 1.000000
   208   18   22 1.000000
   208   18   23 1.000000
   208   18   24 1.000000
   208   18   25 1.000000
   208   18   26 1.000000
   208   18   27 1.000000
   208   19   20 1.000000
   208   19   21 1.000000
   208   19   22 1.000000
   208   19   23 1.000000
   208   19   24 1.000000
   208   19   25 1.000000
   208   19   26 1.000000
   208   19   27 1.000000
   208   20   21 1.000000
   208   20   22 1.000000
   208   20   23 1.000000
   208   20   24 1.000000
   208   20   25 1.000000
   208   20   26 1.000000
   208   20   27 1.000000
   208   21   22 1.000000
   208   21   23 1.000000
   208   21   24 1.000000
   208   21   25 1.000000
   208   21   26 1.000000
   208   21   27 1.000000
   208   22   23 1.000000
   208   22   24 1.000000
   208   22   25 1.000000
   208   22   26 1.000000
   208   22   27 1.000000
   208   23   24 1.000000
   208   23   25 1.000000
   208   23   26 1.000000
   208   23   27 1.000000
   208   24   25 1.000000
   208   24   26 1.000000
   208   24   27 1.000000
   208   25   26 1.000000
   208   25   27 1.000000
   208   26   27 1.000000
   209    1    2 1.000000
   209    1    3 1.000000
   209    1    4 1.000000
   209    1    5 1.000000
   209    1    6 1.000000
   209    1    7 1.000000
   209    1    8 1.000000
   209    1    9 1.000000
   209    1   10 1.000000
   209    1   11 1.000000
   209    1   12 1.000000
   209    1   13 1.000000
   209    1   14 1.000000
   209    1   15 1.000000
   209    1   16 1.000000
   209    1   17 1.000000
   209    1   18 1.000000
   209    1   19 1.000000
   209    1   20 1.000000
   209    1   21 1.000000
   209    1   22 1.000000
   209    1   23 1.000000
   209    1   24 1.000000
   209    1   25 1.000000
   209    1   26 1.000000
   209    1   27 1.000000
   209    2    3 1.000000
   209    2    4 1.000000
   209    2    5 1.000000
   209    2    6 1.000000
   209    2    7 1.000000
   209    2    8 1.000000
   209    2    9 1.000000
   209    2   10 1.000000
   209    2   11 1.000000
   209    2   12 1.000000
   209    2   13 1.000000
   209    2   14 1.000000
   209    2   15 1.000000
   209    2   16 1.000000
   209    2   17 1.000000
   209    2   18 1.000000
   209    2   19 1.000000
   209    2   20 1.000000
   209    2   21 1.000000
   209    2   22 1.000000
   209    2   23 1.000000
   209    2   24 1.000000
   209    2   25 1.000000
   209    2   26 1.000000
   209    2   27 1.000000
   209    3    4 1.000000
   209    3    5 1.000000
   209    3    6 1.000000
   209    3    7 1.000000
   209    3    8 1.000000
   209    3    9 1.000000
   209    3   10 1.000000
   209    3   11 1.000000
   209    3   12 1.000000
   209    3   13 1.000000
   209    3   14 1.000000
   209    3   15 1.000000
   209    3   16 1.000000
   209    3   17 1.000000
   209    3   18 1.000000
   209    3   19 1.000000
   209    3   20 1.000000
   209    3   21 1.000000
   209    3   22 1.000000
   209    3   23 1.000000
   209    3   24 1.000000
   209    3   25 1.000000
   209    3   26 1.000000
   209    3   27 1.000000
   209    4    5 1.000000
   209    4    6 1.000000
   209    4    7 1.000000
   209    4    8 1.000000
   209    4    9 1.000000
   209    4   10 1.000000
   209    4   11 1.000000
   209    4   12 1.000000
   209    4   13 1.000000
   209    4   14 1.000000
   209    4   15 1.000000
   209    4   16 1.000000
   209    4   17 1.000000
   209    4   18 1.000000
   209    4   19 1.000000
   209    4   20 1.000000
   209    4   21 1.000000
   209    4   22 1.000000
   209    4   23 1.000000
   209    4   24 1.000000
   209    4   25 1.000000
   209    4   26 1.000000
   209    4   27 1.000000
   209    5    6 1.000000
   209    5    7 1.000000
   209    5    8 1.000000
   209    5    9 1.000000
   209    5   10 1.000000
   209    5   11 1.000000
   209    5   12 1.000000
   209    5   13 1.000000
   209    5   14 1.000000
   209    5   15 1.000000
   209    5   16 1.000000
   209    5   17 1.000000
   209    5   18 1.000000
   209    5   19 1.000000
   209    5   20 1.000000
   209    5   21 1.000000
   209    5   22 1.000000
   209    5   23 1.000000
   209    5   24 1.000000
   209    5   25 1.000000
   209    5   26 1.000000
   209    5   27 1.000000
   209    6    7 1.000000
   209    6    8 1.000000
   209    6    9 1.000000
   209    6   10 1.000000
   209    6   11 1.000000
   209    6   12 1.000000
   209    6   13 1.000000
   209    6   14 1.000000
   209    6   15 1.000000
   209    6   16 1.000000
   209    6   17 1.000000
   209    6   18 1.000000
   209    6   19 1.000000
   209    6   20 1.000000
   209    6   21 1.000000
   209    6   22 1.000000
   209    6   23 1.000000
   209    6   24 1.000000
   209    6   25 1.000000
   209    6   26 1.000000
   209    6   27 1.000000
   209    7    8 1.000000
   209    7    9 1.000000
   209    7   10 1.000000
   209    7   11 1.000000
   209    7   12 1.000000
   209    7   13 1.000000
   209    7   14 1.000000
   209    7   15 1.000000
   209    7   16 1.000000
   209    7   17 1.000000
   209    7   18 1.000000
   209    7   19 1.000000
   209    7   20 1.000000
   209    7   21 1.000000
   209    7   22 1.000000
   209    7   23 1.000000
   209    7   24 1.000000
   209    7   25 1.000000
   209    7   26 1.000000
   209    7   27 1.000000
   209    8    9 1.000000
   209    8   10 1.000000
   209    8   11 1.000000
   209    8   12 1.000000
   209    8   13 1.000000
   209    8   14 1.000000
   209    8   15 1.000000
   209    8   16 1.000000
   209    8   17 1.000000
   209    8   18 1.000000
   209    8   19 1.000000
   209    8   20 1.000000
   209    8   21 1.000000
   209    8   22 1.000000
   209    8   23 1.000000
   209    8   24 1.000000
   209    8   25 1.000000
   209    8   26 1.000000
   209    8   27 1.000000
   209    9   10 1.000000
   209    9   11 1.000000
   209    9   12 1.000000
   209    9   13 1.000000
   209    9   14 1.000000
   209    9   15 1.000000
   209    9   16 1.000000
   209    9   17 1.000000
   209    9   18 1.000000
   209    9   19 1.000000
   209    9   20 1.000000
   209    9   21 1.000000
   209    9   22 1.000000
   209    9   23 1.000000
   209    9   24 1.000000
   209    9   25 1.000000
   209    9   26 1.000000
   209    9   27 1.000000
   209   10   11 1.000000
   209   10   12 1.000000
   209   10   13 1.000000
   209   10   14 1.000000
   209   10   15 1.000000
   209   10   16 1.000000
   209   10   17 1.000000
   209   10   18 1.000000
   209   10   19 1.000000
   209   10   20 1.000000
   209   10   21 1.000000
   209   10   22 1.000000
   209   10   23 1.000000
   209   10   24 1.000000
   209   10   25 1.000000
   209   10   26 1.000000
   209   10   27 1.000000
   209   11   12 1.000000
   209   11   13 1.000000
   209   11   14 1.000000
   209   11   15 1.000000
   209   11   16 1.000000
   209   11   17 1.000000
   209   11   18 1.000000
   209   11   19 1.000000
   209   11   20 1.000000
   209   11   21 1.000000
   209   11   22 1.000000
   209   11   23 1.000000
   209   11   24 1.000000
   209   11   25 1.000000
   209   11   26 1.000000
   209   11   27 1.000000
   209   12   13 1.000000
   209   12   14 1.000000
   209   12   15 1.000000
   209   12   16 1.000000
   209   12   17 1.000000
   209   12   18 1.000000
   209   12   19 1.000000
   209   12   20 1.000000
   209   12   21 1.000000
   209   12   22 1.000000
   209   12   23 1.000000
   209   12   24 1.000000
   209   12   25 1.000000
   209   12   26 1.000000
   209   12   27 1.000000
   209   13   14 1.000000
   209   13   15 1.000000
   209   13   16 1.000000
   209   13   17 1.000000
   209   13   18 1.000000
   209   13   19 1.000000
   209   13   20 1.000000
   209   13   21 1.000000
   209   13   22 1.000000
   209   13   23 1.000000
   209   13   24 1.000000
   209   13   25 1.000000
   209   13   26 1.000000
   209   13   27 1.000000
   209   14   15 1.000000
   209   14   16 1.000000
   209   14   17 1.000000
   209   14   18 1.000000
   209   14   19 1.000000
   209   14   20 1.000000
   209   14   21 1.000000
   209   14   22 1.000000
   209   14   23 1.000000
   209   14   24 1.000000
   209   14   25 1.000000
   209   14   26 1.000000
   209   14   27 1.000000
   209   15   16 1.000000
   209   15   17 1.000000
   209   15   18 1.000000
   209   15   19 1.000000
   209   15   20 1.000000
   209   15   21 1.000000
   209   15   22 1.000000
   209   15   23 1.000000
   209   15   24 1.000000
   209   15   25 1.000000
   209   15   26 1.000000
   209   15   27 1.000000
   209   16   17 1.000000
   209   16   18 1.000000
   209   16   19 1.000000
   209   16   20 1.000000
   209   16   21 1.000000
   209   16   22 1.000000
   209   16   23 1.000000
   209   16   24 1.000000
   209   16   25 1.000000
   209   16   26 1.000000
   209   16   27 1.000000
   209   17   18 1.000000
   209   17   19 1.000000
   209   17   20 1.000000
   209   17   21 1.000000
   209   17   22 1.000000
   209   17   23 1.000000
   209   17   24 1.000000
   209   17   25 1.000000
   209   17   26 1.000000
   209   17   27 1.000000
   209   18   19 1.000000
   209   18   20 1.000000
   209   18   21 1.000000
   209   18   22 1.000000
   209   18   23 1.000000
   209   18   24 1.000000
   209   18   25 1.000000
   209   18   26 1.000000
   209   18   27 1.000000
   209   19   20 1.000000
   209   19   21 1.000000
   209   19   22 1.000000
   209   19   23 1.000000
   209   19   24 1.000000
   209   19   25 1.000000
   209   19   26 1.000000
   209   19   27 1.000000
   209   20   21 1.000000
   209   20   22 1.000000
   209   20   23 1.000000
   209   20   24 1.000000
   209   20   25 1.000000
   209   20   26 1.000000
   209   20   27 1.000000
   209   21   22 1.000000
   209   21   23 1.000000
   209   21   24 1.000000
   209   21   25 1.000000
   209   21   26 1.000000
   209   21   27 1.000000
   209   22   23 1.000000
   209   22   24 1.000000
   209   22   25 1.000000
   209   22   26 1.000000
   209   22   27 1.000000
   209   23   24 1.000000
   209   23   25 1.000000
   209   23   26 1.000000
   209   23   27 1.000000
   209   24   25 1.000000
   209   24   26 1.000000
   209   24   27 1.000000
   209   25   26 1.000000
   209   25   27 1.000000
   209   26   27 1.000000
   210    1    2 1.000000
   210    1    3 1.000000
   210    1    4 1.000000
   210    1    5 1.000000
   210    1    6 1.000000
   210    1    7 1.000000
   210    1    8 1.000000
   210    1    9 1.000000
   210    1   10 1.000000
   210    1   11 1.000000
   210    1   12 1.000000
   210    1   13 1.000000
   210    1   14 1.000000
   210    1   15 1.000000
   210    1   16 1.000000
   210    1   17 1.000000
   210    1   18 1.000000
   210    1   19 1.000000
   210    1   20 1.000000
   210    1   21 1.000000
   210    1   22 1.000000
   210    1   23 1.000000
   210    1   24 1.000000
   210    1   25 1.000000
   210    1   26 1.000000
   210    1   27 1.000000
   210    2    3 1.000000
   210    2    4 1.000000
   210    2    5 1.000000
   210    2    6 1.000000
   210    2    7 1.000000
   210    2    8 1.000000
   210    2    9 1.000000
   210    2   10 1.000000
   210    2   11 1.000000
   210    2   12 1.000000
   210    2   13 1.000000
   210    2   14 1.000000
   210    2   15 1.000000
   210    2   16 1.000000
   210    2   17 1.000000
   210    2   18 1.000000
   210    2   19 1.000000
   210    2   20 1.000000
   210    2   21 1.000000
   210    2   22 1.000000
   210    2   23 1.000000
   210    2   24 1.000000
   210    2   25 1.000000
   210    2   26 1.000000
   210    2   27 1.000000
   210    3    4 1.000000
   210    3    5 1.000000
   210    3    6 1.000000
   210    3    7 1.000000
   210    3    8 1.000000
   210    3    9 1.000000
   210    3   10 1.000000
   210    3   11 1.000000
   210    3   12 1.000000
   210    3   13 1.000000
   210    3   14 1.000000
   210    3   15 1.000000
   210    3   16 1.000000
   210    3   17 1.000000
   210    3   18 1.000000
   210    3   19 1.000000
   210    3   20 1.000000
   210    3   21 1.000000
   210    3   22 1.000000
   210    3   23 1.000000
   210    3   24 1.000000
   210    3   25 1.000000
   210    3   26 1.000000
   210    3   27 1.000000
   210    4    5 1.000000
   210    4    6 1.000000
   210    4    7 1.000000
   210    4    8 1.000000
   210    4    9 1.000000
   210    4   10 1.000000
   210    4   11 1.000000
   210    4   12 1.000000
   210    4   13 1.000000
   210    4   14 1.000000
   210    4   15 1.000000
   210    4   16 1.000000
   210    4   17 1.000000
   210    4   18 1.000000
   210    4   19 1.000000
   210    4   20 1.000000
   210    4   21 1.000000
   210    4   22 1.000000
   210    4   23 1.000000
   210    4   24 1.000000
   210    4   25 1.000000
   210    4   26 1.000000
   210    4   27 1.000000
   210    5    6 1.000000
   210    5    7 1.000000
   210    5    8 1.000000
   210    5    9 1.000000
   210    5   10 1.000000
   210    5   11 1.000000
   210    5   12 1.000000
   210    5   13 1.000000
   210    5   14 1.000000
   210    5   15 1.000000
   210    5   16 1.000000
   210    5   17 1.000000
   210    5   18 1.000000
   210    5   19 1.000000
   210    5   20 1.000000
   210    5   21 1.000000
   210    5   22 1.000000
   210    5   23 1.000000
   210    5   24 1.000000
   210    5   25 1.000000
   210    5   26 1.000000
   210    5   27 1.000000
   210    6    7 1.000000
   210    6    8 1.000000
   210    6    9 1.000000
   210    6   10 1.000000
   210    6   11 1.000000
   210    6   12 1.000000
   210    6   13 1.000000
   210    6   14 1.000000
   210    6   15 1.000000
   210    6   16 1.000000
   210    6   17 1.000000
   210    6   18 1.000000
   210    6   19 1.000000
   210    6   20 1.000000
   210    6   21 1.000000
   210    6   22 1.000000
   210    6   23 1.000000
   210    6   24 1.000000
   210    6   25 1.000000
   210    6   26 1.000000
   210    6   27 1.000000
   210    7    8 1.000000
   210    7    9 1.000000
   210    7   10 1.000000
   210    7   11 1.000000
   210    7   12 1.000000
   210    7   13 1.000000
   210    7   14 1.000000
   210    7   15 1.000000
   210    7   16 1.000000
   210    7   17 1.000000
   210    7   18 1.000000
   210    7   19 1.000000
   210    7   20 1.000000
   210    7   21 1.000000
   210    7   22 1.000000
   210    7   23 1.000000
   210    7   24 1.000000
   210    7   25 1.000000
   210    7   26 1.000000
   210    7   27 1.000000
   210    8    9 1.000000
   210    8   10 1.000000
   210    8   11 1.000000
   210    8   12 1.000000
   210    8   13 1.000000
   210    8   14 1.000000
   210    8   15 1.000000
   210    8   16 1.000000
   210    8   17 1.000000
   210    8   18 1.000000
   210    8   19 1.000000
   210    8   20 1.000000
   210    8   21 1.000000
   210    8   22 1.000000
   210    8   23 1.000000
   210    8   24 1.000000
   210    8   25 1.000000
   210    8   26 1.000000
   210    8   27 1.000000
   210    9   10 1.000000
   210    9   11 1.000000
   210    9   12 1.000000
   210    9   13 1.000000
   210    9   14 1.000000
   210    9   15 1.000000
   210    9   16 1.000000
   210    9   17 1.000000
   210    9   18 1.000000
   210    9   19 1.000000
   210    9   20 1.000000
   210    9   21 1.000000
   210    9   22 1.000000
   210    9   23 1.000000
   210    9   24 1.000000
   210    9   25 1.000000
   210    9   26 1.000000
   210    9   27 1.000000
   210   10   11 1.000000
   210   10   12 1.000000
   210   10   13 1.000000
   210   10   14 1.000000
   210   10   15 1.000000
   210   10   16 1.000000
   210   10   17 1.000000
   210   10   18 1.000000
   210   10   19 1.000000
   210   10   20 1.000000
   210   10   21 1.000000
   210   10   22 1.000000
   210   10   23 1.000000
   210   10   24 1.000000
   210   10   25 1.000000
   210   10   26 1.000000
   210   10   27 1.000000
   210   11   12 1.000000
   210   11   13 1.000000
   210   11   14 1.000000
   210   11   15 1.000000
   210   11   16 1.000000
   210   11   17 1.000000
   210   11   18 1.000000
   210   11   19 1.000000
   210   11   20 1.000000
   210   11   21 1.000000
   210   11   22 1.000000
   210   11   23 1.000000
   210   11   24 1.000000
   210   11   25 1.000000
   210   11   26 1.000000
   210   11   27 1.000000
   210   12   13 1.000000
   210   12   14 1.000000
   210   12   15 1.000000
   210   12   16 1.000000
   210   12   17 1.000000
   210   12   18 1.000000
   210   12   19 1.000000
   210   12   20 1.000000
   210   12   21 1.000000
   210   12   22 1.000000
   210   12   23 1.000000
   210   12   24 1.000000
   210   12   25 1.000000
   210   12   26 1.000000
   210   12   27 1.000000
   210   13   14 1.000000
   210   13   15 1.000000
   210   13   16 1.000000
   210   13   17 1.000000
   210   13   18 1.000000
   210   13   19 1.000000
   210   13   20 1.000000
   210   13   21 1.000000
   210   13   22 1.000000
   210   13   23 1.000000
   210   13   24 1.000000
   210   13   25 1.000000
   210   13   26 1.000000
   210   13   27 1.000000
   210   14   15 1.000000
   210   14   16 1.000000
   210   14   17 1.000000
   210   14   18 1.000000
   210   14   19 1.000000
   210   14   20 1.000000
   210   14   21 1.000000
   210   14   22 1.000000
   210   14   23 1.000000
   210   14   24 1.000000
   210   14   25 1.000000
   210   14   26 1.000000
   210   14   27 1.000000
   210   15   16 1.000000
   210   15   17 1.000000
   210   15   18 1.000000
   210   15   19 1.000000
   210   15   20 1.000000
   210   15   21 1.000000
   210   15   22 1.000000
   210   15   23 1.000000
   210   15   24 1.000000
   210   15   25 1.000000
   210   15   26 1.000000
   210   15   27 1.000000
   210   16   17 1.000000
   210   16   18 1.000000
   210   16   19 1.000000
   210   16   20 1.000000
   210   16   21 1.000000
   210   16   22 1.000000
   210   16   23 1.000000
   210   16   24 1.000000
   210   16   25 1.000000
   210   16   26 1.000000
   210   16   27 1.000000
   210   17   18 1.000000
   210   17   19 1.000000
   210   17   20 1.000000
   210   17   21 1.000000
   210   17   22 1.000000
   210   17   23 1.000000
   210   17   24 1.000000
   210   17   25 1.000000
   210   17   26 1.000000
   210   17   27 1.000000
   210   18   19 1.000000
   210   18   20 1.000000
   210   18   21 1.000000
   210   18   22 1.000000
   210   18   23 1.000000
   210   18   24 1.000000
   210   18   25 1.000000
   210   18   26 1.000000
   210   18   27 1.000000
   210   19   20 1.000000
   210   19   21 1.000000
   210   19   22 1.000000
   210   19   23 1.000000
   210   19   24 1.000000
   210   19   25 1.000000
   210   19   26 1.000000
   210   19   27 1.000000
   210   20   21 1.000000
   210   20   22 1.000000
   210   20   23 1.000000
   210   20   24 1.000000
   210   20   25 1.000000
   210   20   26 1.000000
   210   20   27 1.000000
   210   21   22 1.000000
   210   21   23 1.000000
   210   21   24 1.000000
   210   21   25 1.000000
   210   21   26 1.000000
   210   21   27 1.000000
   210   22   23 1.000000
   210   22   24 1.000000
   210   22   25 1.000000
   210   22   26 1.000000
   210   22   27 1.000000
   210   23   24 1.000000
   210   23   25 1.000000
   210   23   26 1.000000
   210   23   27 1.000000
   210   24   25 1.000000
   210   24   26 1.000000
   210   24   27 1.000000
   210   25   26 1.000000
   210   25   27 1.000000
   210   26   27 1.000000
   211    1    2 1.000000
   211    1    3 1.000000
   211    1    4 1.000000
   211    1    5 1.000000
   211    1    6 1.000000
   211    1    7 1.000000
   211    1    8 1.000000
   211    1    9 1.000000
   211    1   10 1.000000
   211    1   11 1.000000
   211    1   12 1.000000
   211    1   13 1.000000
   211    1   14 1.000000
   211    1   15 1.000000
   211    1   16 1.000000
   211    1   17 1.000000
   211    1   18 1.000000
   211    1   19 1.000000
   211    1   20 1.000000
   211    1   21 1.000000
   211    1   22 1.000000
   211    1   23 1.000000
   211    1   24 1.000000
   211    1   25 1.000000
   211    1   26 1.000000
   211    1   27 1.000000
   211    2    3 1.000000
   211    2    4 1.000000
   211    2    5 1.000000
   211    2    6 1.000000
   211    2    7 1.000000
   211    2    8 1.000000
   211    2    9 1.000000
   211    2   10 1.000000
   211    2   11 1.000000
   211    2   12 1.000000
   211    2   13 1.000000
   211    2   14 1.000000
   211    2   15 1.000000
   211    2   16 1.000000
   211    2   17 1.000000
   211    2   18 1.000000
   211    2   19 1.000000
   211    2   20 1.000000
   211    2   21 1.000000
   211    2   22 1.000000
   211    2   23 1.000000
   211    2   24 1.000000
   211    2   25 1.000000
   211    2   26 1.000000
   211    2   27 1.000000
   211    3    4 1.000000
   211    3    5 1.000000
   211    3    6 1.000000
   211    3    7 1.000000
   211    3    8 1.000000
   211    3    9 1.000000
   211    3   10 1.000000
   211    3   11 1.000000
   211    3   12 1.000000
   211    3   13 1.000000
   211    3   14 1.000000
   211    3   15 1.000000
   211    3   16 1.000000
   211    3   17 1.000000
   211    3   18 1.000000
   211    3   19 1.000000
   211    3   20 1.000000
   211    3   21 1.000000
   211    3   22 1.000000
   211    3   23 1.000000
   211    3   24 1.000000
   211    3   25 1.000000
   211    3   26 1.000000
   211    3   27 1.000000
   211    4    5 1.000000
   211    4    6 1.000000
   211    4    7 1.000000
   211    4    8 1.000000
   211    4    9 1.000000
   211    4   10 1.000000
   211    4   11 1.000000
   211    4   12 1.000000
   211    4   13 1.000000
   211    4   14 1.000000
   211    4   15 1.000000
   211    4   16 1.000000
   211    4   17 1.000000
   211    4   18 1.000000
   211    4   19 1.000000
   211    4   20 1.000000
   211    4   21 1.000000
   211    4   22 1.000000
   211    4   23 1.000000
   211    4   24 1.000000
   211    4   25 1.000000
   211    4   26 1.000000
   211    4   27 1.000000
   211    5    6 1.000000
   211    5    7 1.000000
   211    5    8 1.000000
   211    5    9 1.000000
   211    5   10 1.000000
   211    5   11 1.000000
   211    5   12 1.000000
   211    5   13 1.000000
   211    5   14 1.000000
   211    5   15 1.000000
   211    5   16 1.000000
   211    5   17 1.000000
   211    5   18 1.000000
   211    5   19 1.000000
   211    5   20 1.000000
   211    5   21 1.000000
   211    5   22 1.000000
   211    5   23 1.000000
   211    5   24 1.000000
   211    5   25 1.000000
   211    5   26 1.000000
   211    5   27 1.000000
   211    6    7 1.000000
   211    6    8 1.000000
   211    6    9 1.000000
   211    6   10 1.000000
   211    6   11 1.000000
   211    6   12 1.000000
   211    6   13 1.000000
   211    6   14 1.000000
   211    6   15 1.000000
   211    6   16 1.000000
   211    6   17 1.000000
   211    6   18 1.000000
   211    6   19 1.000000
   211    6   20 1.000000
   211    6   21 1.000000
   211    6   22 1.000000
   211    6   23 1.000000
   211    6   24 1.000000
   211    6   25 1.000000
   211    6   26 1.000000
   211    6   27 1.000000
   211    7    8 1.000000
   211    7    9 1.000000
   211    7   10 1.000000
   211    7   11 1.000000
   211    7   12 1.000000
   211    7   13 1.000000
   211    7   14 1.000000
   211    7   15 1.000000
   211    7   16 1.000000
   211    7   17 1.000000
   211    7   18 1.000000
   211    7   19 1.000000
   211    7   20 1.000000
   211    7   21 1.000000
   211    7   22 1.000000
   211    7   23 1.000000
   211    7   24 1.000000
   211    7   25 1.000000
   211    7   26 1.000000
   211    7   27 1.000000
   211    8    9 1.000000
   211    8   10 1.000000
   211    8   11 1.000000
   211    8   12 1.000000
   211    8   13 1.000000
   211    8   14 1.000000
   211    8   15 1.000000
   211    8   16 1.000000
   211    8   17 1.000000
   211    8   18 1.000000
   211    8   19 1.000000
   211    8   20 1.000000
   211    8   21 1.000000
   211    8   22 1.000000
   211    8   23 1.000000
   211    8   24 1.000000
   211    8   25 1.000000
   211    8   26 1.000000
   211    8   27 1.000000
   211    9   10 1.000000
   211    9   11 1.000000
   211    9   12 1.000000
   211    9   13 1.000000
   211    9   14 1.000000
   211    9   15 1.000000
   211    9   16 1.000000
   211    9   17 1.000000
   211    9   18 1.000000
   211    9   19 1.000000
   211    9   20 1.000000
   211    9   21 1.000000
   211    9   22 1.000000
   211    9   23 1.000000
   211    9   24 1.000000
   211    9   25 1.000000
   211    9   26 1.000000
   211    9   27 1.000000
   211   10   11 1.000000
   211   10   12 1.000000
   211   10   13 1.000000
   211   10   14 1.000000
   211   10   15 1.000000
   211   10   16 1.000000
   211   10   17 1.000000
   211   10   18 1.000000
   211   10   19 1.000000
   211   10   20 1.000000
   211   10   21 1.000000
   211   10   22 1.000000
   211   10   23 1.000000
   211   10   24 1.000000
   211   10   25 1.000000
   211   10   26 1.000000
   211   10   27 1.000000
   211   11   12 1.000000
   211   11   13 1.000000
   211   11   14 1.000000
   211   11   15 1.000000
   211   11   16 1.000000
   211   11   17 1.000000
   211   11   18 1.000000
   211   11   19 1.000000
   211   11   20 1.000000
   211   11   21 1.000000
   211   11   22 1.000000
   211   11   23 1.000000
   211   11   24 1.000000
   211   11   25 1.000000
   211   11   26 1.000000
   211   11   27 1.000000
   211   12   13 1.000000
   211   12   14 1.000000
   211   12   15 1.000000
   211   12   16 1.000000
   211   12   17 1.000000
   211   12   18 1.000000
   211   12   19 1.000000
   211   12   20 1.000000
   211   12   21 1.000000
   211   12   22 1.000000
   211   12   23 1.000000
   211   12   24 1.000000
   211   12   25 1.000000
   211   12   26 1.000000
   211   12   27 1.000000
   211   13   14 1.000000
   211   13   15 1.000000
   211   13   16 1.000000
   211   13   17 1.000000
   211   13   18 1.000000
   211   13   19 1.000000
   211   13   20 1.000000
   211   13   21 1.000000
   211   13   22 1.000000
   211   13   23 1.000000
   211   13   24 1.000000
   211   13   25 1.000000
   211   13   26 1.000000
   211   13   27 1.000000
   211   14   15 1.000000
   211   14   16 1.000000
   211   14   17 1.000000
   211   14   18 1.000000
   211   14   19 1.000000
   211   14   20 1.000000
   211   14   21 1.000000
   211   14   22 1.000000
   211   14   23 1.000000
   211   14   24 1.000000
   211   14   25 1.000000
   211   14   26 1.000000
   211   14   27 1.000000
   211   15   16 1.000000
   211   15   17 1.000000
   211   15   18 1.000000
   211   15   19 1.000000
   211   15   20 1.000000
   211   15   21 1.000000
   211   15   22 1.000000
   211   15   23 1.000000
   211   15   24 1.000000
   211   15   25 1.000000
   211   15   26 1.000000
   211   15   27 1.000000
   211   16   17 1.000000
   211   16   18 1.000000
   211   16   19 1.000000
   211   16   20 1.000000
   211   16   21 1.000000
   211   16   22 1.000000
   211   16   23 1.000000
   211   16   24 1.000000
   211   16   25 1.000000
   211   16   26 1.000000
   211   16   27 1.000000
   211   17   18 1.000000
   211   17   19 1.000000
   211   17   20 1.000000
   211   17   21 1.000000
   211   17   22 1.000000
   211   17   23 1.000000
   211   17   24 1.000000
   211   17   25 1.000000
   211   17   26 1.000000
   211   17   27 1.000000
   211   18   19 1.000000
   211   18   20 1.000000
   211   18   21 1.000000
   211   18   22 1.000000
   211   18   23 1.000000
   211   18   24 1.000000
   211   18   25 1.000000
   211   18   26 1.000000
   211   18   27 1.000000
   211   19   20 1.000000
   211   19   21 1.000000
   211   19   22 1.000000
   211   19   23 1.000000
   211   19   24 1.000000
   211   19   25 1.000000
   211   19   26 1.000000
   211   19   27 1.000000
   211   20   21 1.000000
   211   20   22 1.000000
   211   20   23 1.000000
   211   20   24 1.000000
   211   20   25 1.000000
   211   20   26 1.000000
   211   20   27 1.000000
   211   21   22 1.000000
   211   21   23 1.000000
   211   21   24 1.000000
   211   21   25 1.000000
   211   21   26 1.000000
   211   21   27 1.000000
   211   22   23 1.000000
   211   22   24 1.000000
   211   22   25 1.000000
   211   22   26 1.000000
   211   22   27 1.000000
   211   23   24 1.000000
   211   23   25 1.000000
   211   23   26 1.000000
   211   23   27 1.000000
   211   24   25 1.000000
   211   24   26 1.000000
   211   24   27 1.000000
   211   25   26 1.000000
   211   25   27 1.000000
   211   26   27 1.000000
   212    1    2 1.000000
   212    1    3 1.000000
   212    1    4 1.000000
   212    1    5 1.000000
   212    1    6 1.000000
   212    1    7 1.000000
   212    1    8 1.000000
   212    1    9 1.000000
   212    1   10 1.000000
   212    1   11 1.000000
   212    1   12 1.000000
   212    1   13 1.000000
   212    1   14 1.000000
   212    1   15 1.000000
   212    1   16 1.000000
   212    1   17 1.000000
   212    1   18 1.000000
   212    1   19 1.000000
   212    1   20 1.000000
   212    1   21 1.000000
   212    1   22 1.000000
   212    1   23 1.000000
   212    1   24 1.000000
   212    1   25 1.000000
   212    1   26 1.000000
   212    1   27 1.000000
   212    2    3 1.000000
   212    2    4 1.000000
   212    2    5 1.000000
   212    2    6 1.000000
   212    2    7 1.000000
   212    2    8 1.000000
   212    2    9 1.000000
   212    2   10 1.000000
   212    2   11 1.000000
   212    2   12 1.000000
   212    2   13 1.000000
   212    2   14 1.000000
   212    2   15 1.000000
   212    2   16 1.000000
   212    2   17 1.000000
   212    2   18 1.000000
   212    2   19 1.000000
   212    2   20 1.000000
   212    2   21 1.000000
   212    2   22 1.000000
   212    2   23 1.000000
   212    2   24 1.000000
   212    2   25 1.000000
   212    2   26 1.000000
   212    2   27 1.000000
   212    3    4 1.000000
   212    3    5 1.000000
   212    3    6 1.000000
   212    3    7 1.000000
   212    3    8 1.000000
   212    3    9 1.000000
   212    3   10 1.000000
   212    3   11 1.000000
   212    3   12 1.000000
   212    3   13 1.000000
   212    3   14 1.000000
   212    3   15 1.000000
   212    3   16 1.000000
   212    3   17 1.000000
   212    3   18 1.000000
   212    3   19 1.000000
   212    3   20 1.000000
   212    3   21 1.000000
   212    3   22 1.000000
   212    3   23 1.000000
   212    3   24 1.000000
   212    3   25 1.000000
   212    3   26 1.000000
   212    3   27 1.000000
   212    4    5 1.000000
   212    4    6 1.000000
   212    4    7 1.000000
   212    4    8 1.000000
   212    4    9 1.000000
   212    4   10 1.000000
   212    4   11 1.000000
   212    4   12 1.000000
   212    4   13 1.000000
   212    4   14 1.000000
   212    4   15 1.000000
   212    4   16 1.000000
   212    4   17 1.000000
   212    4   18 1.000000
   212    4   19 1.000000
   212    4   20 1.000000
   212    4   21 1.000000
   212    4   22 1.000000
   212    4   23 1.000000
   212    4   24 1.000000
   212    4   25 1.000000
   212    4   26 1.000000
   212    4   27 1.000000
   212    5    6 1.000000
   212    5    7 1.000000
   212    5    8 1.000000
   212    5    9 1.000000
   212    5   10 1.000000
   212    5   11 1.000000
   212    5   12 1.000000
   212    5   13 1.000000
   212    5   14 1.000000
   212    5   15 1.000000
   212    5   16 1.000000
   212    5   17 1.000000
   212    5   18 1.000000
   212    5   19 1.000000
   212    5   20 1.000000
   212    5   21 1.000000
   212    5   22 1.000000
   212    5   23 1.000000
   212    5   24 1.000000
   212    5   25 1.000000
   212    5   26 1.000000
   212    5   27 1.000000
   212    6    7 1.000000
   212    6    8 1.000000
   212    6    9 1.000000
   212    6   10 1.000000
   212    6   11 1.000000
   212    6   12 1.000000
   212    6   13 1.000000
   212    6   14 1.000000
   212    6   15 1.000000
   212    6   16 1.000000
   212    6   17 1.000000
   212    6   18 1.000000
   212    6   19 1.000000
   212    6   20 1.000000
   212    6   21 1.000000
   212    6   22 1.000000
   212    6   23 1.000000
   212    6   24 1.000000
   212    6   25 1.000000
   212    6   26 1.000000
   212    6   27 1.000000
   212    7    8 1.000000
   212    7    9 1.000000
   212    7   10 1.000000
   212    7   11 1.000000
   212    7   12 1.000000
   212    7   13 1.000000
   212    7   14 1.000000
   212    7   15 1.000000
   212    7   16 1.000000
   212    7   17 1.000000
   212    7   18 1.000000
   212    7   19 1.000000
   212    7   20 1.000000
   212    7   21 1.000000
   212    7   22 1.000000
   212    7   23 1.000000
   212    7   24 1.000000
   212    7   25 1.000000
   212    7   26 1.000000
   212    7   27 1.000000
   212    8    9 1.000000
   212    8   10 1.000000
   212    8   11 1.000000
   212    8   12 1.000000
   212    8   13 1.000000
   212    8   14 1.000000
   212    8   15 1.000000
   212    8   16 1.000000
   212    8   17 1.000000
   212    8   18 1.000000
   212    8   19 1.000000
   212    8   20 1.000000
   212    8   21 1.000000
   212    8   22 1.000000
   212    8   23 1.000000
   212    8   24 1.000000
   212    8   25 1.000000
   212    8   26 1.000000
   212    8   27 1.000000
   212    9   10 1.000000
   212    9   11 1.000000
   212    9   12 1.000000
   212    9   13 1.000000
   212    9   14 1.000000
   212    9   15 1.000000
   212    9   16 1.000000
   212    9   17 1.000000
   212    9   18 1.000000
   212    9   19 1.000000
   212    9   20 1.000000
   212    9   21 1.000000
   212    9   22 1.000000
   212    9   23 1.000000
   212    9   24 1.000000
   212    9   25 1.000000
   212    9   26 1.000000
   212    9   27 1.000000
   212   10   11 1.000000
   212   10   12 1.000000
   212   10   13 1.000000
   212   10   14 1.000000
   212   10   15 1.000000
   212   10   16 1.000000
   212   10   17 1.000000
   212   10   18 1.000000
   212   10   19 1.000000
   212   10   20 1.000000
   212   10   21 1.000000
   212   10   22 1.000000
   212   10   23 1.000000
   212   10   24 1.000000
   212   10   25 1.000000
   212   10   26 1.000000
   212   10   27 1.000000
   212   11   12 1.000000
   212   11   13 1.000000
   212   11   14 1.000000
   212   11   15 1.000000
   212   11   16 1.000000
   212   11   17 1.000000
   212   11   18 1.000000
   212   11   19 1.000000
   212   11   20 1.000000
   212   11   21 1.000000
   212   11   22 1.000000
   212   11   23 1.000000
   212   11   24 1.000000
   212   11   25 1.000000
   212   11   26 1.000000
   212   11   27 1.000000
   212   12   13 1.000000
   212   12   14 1.000000
   212   12   15 1.000000
   212   12   16 1.000000
   212   12   17 1.000000
   212   12   18 1.000000
   212   12   19 1.000000
   212   12   20 1.000000
   212   12   21 1.000000
   212   12   22 1.000000
   212   12   23 1.000000
   212   12   24 1.000000
   212   12   25 1.000000
   212   12   26 1.000000
   212   12   27 1.000000
   212   13   14 1.000000
   212   13   15 1.000000
   212   13   16 1.000000
   212   13   17 1.000000
   212   13   18 1.000000
   212   13   19 1.000000
   212   13   20 1.000000
   212   13   21 1.000000
   212   13   22 1.000000
   212   13   23 1.000000
   212   13   24 1.000000
   212   13   25 1.000000
   212   13   26 1.000000
   212   13   27 1.000000
   212   14   15 1.000000
   212   14   16 1.000000
   212   14   17 1.000000
   212   14   18 1.000000
   212   14   19 1.000000
   212   14   20 1.000000
   212   14   21 1.000000
   212   14   22 1.000000
   212   14   23 1.000000
   212   14   24 1.000000
   212   14   25 1.000000
   212   14   26 1.000000
   212   14   27 1.000000
   212   15   16 1.000000
   212   15   17 1.000000
   212   15   18 1.000000
   212   15   19 1.000000
   212   15   20 1.000000
   212   15   21 1.000000
   212   15   22 1.000000
   212   15   23 1.000000
   212   15   24 1.000000
   212   15   25 1.000000
   212   15   26 1.000000
   212   15   27 1.000000
   212   16   17 1.000000
   212   16   18 1.000000
   212   16   19 1.000000
   212   16   20 1.000000
   212   16   21 1.000000
   212   16   22 1.000000
   212   16   23 1.000000
   212   16   24 1.000000
   212   16   25 1.000000
   212   16   26 1.000000
   212   16   27 1.000000
   212   17   18 1.000000
   212   17   19 1.000000
   212   17   20 1.000000
   212   17   21 1.000000
   212   17   22 1.000000
   212   17   23 1.000000
   212   17   24 1.000000
   212   17   25 1.000000
   212   17   26 1.000000
   212   17   27 1.000000
   212   18   19 1.000000
   212   18   20 1.000000
   212   18   21 1.000000
   212   18   22 1.000000
   212   18   23 1.000000
   212   18   24 1.000000
   212   18   25 1.000000
   212   18   26 1.000000
   212   18   27 1.000000
   212   19   20 1.000000
   212   19   21 1.000000
   212   19   22 1.000000
   212   19   23 1.000000
   212   19   24 1.000000
   212   19   25 1.000000
   212   19   26 1.000000
   212   19   27 1.000000
   212   20   21 1.000000
   212   20   22 1.000000
   212   20   23 1.000000
   212   20   24 1.000000
   212   20   25 1.000000
   212   20   26 1.000000
   212   20   27 1.000000
   212   21   22 1.000000
   212   21   23 1.000000
   212   21   24 1.000000
   212   21   25 1.000000
   212   21   26 1.000000
   212   21   27 1.000000
   212   22   23 1.000000
   212   22   24 1.000000
   212   22   25 1.000000
   212   22   26 1.000000
   212   22   27 1.000000
   212   23   24 1.000000
   212   23   25 1.000000
   212   23   26 1.000000
   212   23   27 1.000000
   212   24   25 1.000000
   212   24   26 1.000000
   212   24   27 1.000000
   212   25   26 1.000000
   212   25   27 1.000000
   212   26   27 1.000000
   213    1    2 1.000000
   213    1    3 1.000000
   213    1    4 1.000000
   213    1    5 1.000000
   213    1    6 1.000000
   213    1    7 1.000000
   213    1    8 1.000000
   213    1    9 1.000000
   213    1   10 1.000000
   213    1   11 1.000000
   213    1   12 1.000000
   213    1   13 1.000000
   213    1   14 1.000000
   213    1   15 1.000000
   213    1   16 1.000000
   213    1   17 1.000000
   213    1   18 1.000000
   213    1   19 1.000000
   213    1   20 1.000000
   213    1   21 1.000000
   213    1   22 1.000000
   213    1   23 1.000000
   213    1   24 1.000000
   213    1   25 1.000000
   213    1   26 1.000000
   213    1   27 1.000000
   213    2    3 1.000000
   213    2    4 1.000000
   213    2    5 1.000000
   213    2    6 1.000000
   213    2    7 1.000000
   213    2    8 1.000000
   213    2    9 1.000000
   213    2   10 1.000000
   213    2   11 1.000000
   213    2   12 1.000000
   213    2   13 1.000000
   213    2   14 1.000000
   213    2   15 1.000000
   213    2   16 1.000000
   213    2   17 1.000000
   213    2   18 1.000000
   213    2   19 1.000000
   213    2   20 1.000000
   213    2   21 1.000000
   213    2   22 1.000000
   213    2   23 1.000000
   213    2   24 1.000000
   213    2   25 1.000000
   213    2   26 1.000000
   213    2   27 1.000000
   213    3    4 1.000000
   213    3    5 1.000000
   213    3    6 1.000000
   213    3    7 1.000000
   213    3    8 1.000000
   213    3    9 1.000000
   213    3   10 1.000000
   213    3   11 1.000000
   213    3   12 1.000000
   213    3   13 1.000000
   213    3   14 1.000000
   213    3   15 1.000000
   213    3   16 1.000000
   213    3   17 1.000000
   213    3   18 1.000000
   213    3   19 1.000000
   213    3   20 1.000000
   213    3   21 1.000000
   213    3   22 1.000000
   213    3   23 1.000000
   213    3   24 1.000000
   213    3   25 1.000000
   213    3   26 1.000000
   213    3   27 1.000000
   213    4    5 1.000000
   213    4    6 1.000000
   213    4    7 1.000000
   213    4    8 1.000000
   213    4    9 1.000000
   213    4   10 1.000000
   213    4   11 1.000000
   213    4   12 1.000000
   213    4   13 1.000000
   213    4   14 1.000000
   213    4   15 1.000000
   213    4   16 1.000000
   213    4   17 1.000000
   213    4   18 1.000000
   213    4   19 1.000000
   213    4   20 1.000000
   213    4   21 1.000000
   213    4   22 1.000000
   213    4   23 1.000000
   213    4   24 1.000000
   213    4   25 1.000000
   213    4   26 1.000000
   213    4   27 1.000000
   213    5    6 1.000000
   213    5    7 1.000000
   213    5    8 1.000000
   213    5    9 1.000000
   213    5   10 1.000000
   213    5   11 1.000000
   213    5   12 1.000000
   213    5   13 1.000000
   213    5   14 1.000000
   213    5   15 1.000000
   213    5   16 1.000000
   213    5   17 1.000000
   213    5   18 1.000000
   213    5   19 1.000000
   213    5   20 1.000000
   213    5   21 1.000000
   213    5   22 1.000000
   213    5   23 1.000000
   213    5   24 1.000000
   213    5   25 1.000000
   213    5   26 1.000000
   213    5   27 1.000000
   213    6    7 1.000000
   213    6    8 1.000000
   213    6    9 1.000000
   213    6   10 1.000000
   213    6   11 1.000000
   213    6   12 1.000000
   213    6   13 1.000000
   213    6   14 1.000000
   213    6   15 1.000000
   213    6   16 1.000000
   213    6   17 1.000000
   213    6   18 1.000000
   213    6   19 1.000000
   213    6   20 1.000000
   213    6   21 1.000000
   213    6   22 1.000000
   213    6   23 1.000000
   213    6   24 1.000000
   213    6   25 1.000000
   213    6   26 1.000000
   213    6   27 1.000000
   213    7    8 1.000000
   213    7    9 1.000000
   213    7   10 1.000000
   213    7   11 1.000000
   213    7   12 1.000000
   213    7   13 1.000000
   213    7   14 1.000000
   213    7   15 1.000000
   213    7   16 1.000000
   213    7   17 1.000000
   213    7   18 1.000000
   213    7   19 1.000000
   213    7   20 1.000000
   213    7   21 1.000000
   213    7   22 1.000000
   213    7   23 1.000000
   213    7   24 1.000000
   213    7   25 1.000000
   213    7   26 1.000000
   213    7   27 1.000000
   213    8    9 1.000000
   213    8   10 1.000000
   213    8   11 1.000000
   213    8   12 1.000000
   213    8   13 1.000000
   213    8   14 1.000000
   213    8   15 1.000000
   213    8   16 1.000000
   213    8   17 1.000000
   213    8   18 1.000000
   213    8   19 1.000000
   213    8   20 1.000000
   213    8   21 1.000000
   213    8   22 1.000000
   213    8   23 1.000000
   213    8   24 1.000000
   213    8   25 1.000000
   213    8   26 1.000000
   213    8   27 1.000000
   213    9   10 1.000000
   213    9   11 1.000000
   213    9   12 1.000000
   213    9   13 1.000000
   213    9   14 1.000000
   213    9   15 1.000000
   213    9   16 1.000000
   213    9   17 1.000000
   213    9   18 1.000000
   213    9   19 1.000000
   213    9   20 1.000000
   213    9   21 1.000000
   213    9   22 1.000000
   213    9   23 1.000000
   213    9   24 1.000000
   213    9   25 1.000000
   213    9   26 1.000000
   213    9   27 1.000000
   213   10   11 1.000000
   213   10   12 1.000000
   213   10   13 1.000000
   213   10   14 1.000000
   213   10   15 1.000000
   213   10   16 1.000000
   213   10   17 1.000000
   213   10   18 1.000000
   213   10   19 1.000000
   213   10   20 1.000000
   213   10   21 1.000000
   213   10   22 1.000000
   213   10   23 1.000000
   213   10   24 1.000000
   213   10   25 1.000000
   213   10   26 1.000000
   213   10   27 1.000000
   213   11   12 1.000000
   213   11   13 1.000000
   213   11   14 1.000000
   213   11   15 1.000000
   213   11   16 1.000000
   213   11   17 1.000000
   213   11   18 1.000000
   213   11   19 1.000000
   213   11   20 1.000000
   213   11   21 1.000000
   213   11   22 1.000000
   213   11   23 1.000000
   213   11   24 1.000000
   213   11   25 1.000000
   213   11   26 1.000000
   213   11   27 1.000000
   213   12   13 1.000000
   213   12   14 1.000000
   213   12   15 1.000000
   213   12   16 1.000000
   213   12   17 1.000000
   213   12   18 1.000000
   213   12   19 1.000000
   213   12   20 1.000000
   213   12   21 1.000000
   213   12   22 1.000000
   213   12   23 1.000000
   213   12   24 1.000000
   213   12   25 1.000000
   213   12   26 1.000000
   213   12   27 1.000000
   213   13   14 1.000000
   213   13   15 1.000000
   213   13   16 1.000000
   213   13   17 1.000000
   213   13   18 1.000000
   213   13   19 1.000000
   213   13   20 1.000000
   213   13   21 1.000000
   213   13   22 1.000000
   213   13   23 1.000000
   213   13   24 1.000000
   213   13   25 1.000000
   213   13   26 1.000000
   213   13   27 1.000000
   213   14   15 1.000000
   213   14   16 1.000000
   213   14   17 1.000000
   213   14   18 1.000000
   213   14   19 1.000000
   213   14   20 1.000000
   213   14   21 1.000000
   213   14   22 1.000000
   213   14   23 1.000000
   213   14   24 1.000000
   213   14   25 1.000000
   213   14   26 1.000000
   213   14   27 1.000000
   213   15   16 1.000000
   213   15   17 1.000000
   213   15   18 1.000000
   213   15   19 1.000000
   213   15   20 1.000000
   213   15   21 1.000000
   213   15   22 1.000000
   213   15   23 1.000000
   213   15   24 1.000000
   213   15   25 1.000000
   213   15   26 1.000000
   213   15   27 1.000000
   213   16   17 1.000000
   213   16   18 1.000000
   213   16   19 1.000000
   213   16   20 1.000000
   213   16   21 1.000000
   213   16   22 1.000000
   213   16   23 1.000000
   213   16   24 1.000000
   213   16   25 1.000000
   213   16   26 1.000000
   213   16   27 1.000000
   213   17   18 1.000000
   213   17   19 1.000000
   213   17   20 1.000000
   213   17   21 1.000000
   213   17   22 1.000000
   213   17   23 1.000000
   213   17   24 1.000000
   213   17   25 1.000000
   213   17   26 1.000000
   213   17   27 1.000000
   213   18   19 1.000000
   213   18   20 1.000000
   213   18   21 1.000000
   213   18   22 1.000000
   213   18   23 1.000000
   213   18   24 1.000000
   213   18   25 1.000000
   213   18   26 1.000000
   213   18   27 1.000000
   213   19   20 1.000000
   213   19   21 1.000000
   213   19   22 1.000000
   213   19   23 1.000000
   213   19   24 1.000000
   213   19   25 1.000000
   213   19   26 1.000000
   213   19   27 1.000000
   213   20   21 1.000000
   213   20   22 1.000000
   213   20   23 1.000000
   213   20   24 1.000000
   213   20   25 1.000000
   213   20   26 1.000000
   213   20   27 1.000000
   213   21   22 1.000000
   213   21   23 1.000000
   213   21   24 1.000000
   213   21   25 1.000000
   213   21   26 1.000000
   213   21   27 1.000000
   213   22   23 1.000000
   213   22   24 1.000000
   213   22   25 1.000000
   213   22   26 1.000000
   213   22   27 1.000000
   213   23   24 1.000000
   213   23   25 1.000000
   213   23   26 1.000000
   213   23   27 1.000000
   213   24   25 1.000000
   213   24   26 1.000000
   213   24   27 1.000000
   213   25   26 1.000000
   213   25   27 1.000000
   213   26   27 1.000000
   214    1    2 1.000000
   214    1    3 1.000000
   214    1    4 1.000000
   214    1    5 1.000000
   214    1    6 1.000000
   214    1    7 1.000000
   214    1    8 1.000000
   214    1    9 1.000000
   214    1   10 1.000000
   214    1   11 1.000000
   214    1   12 1.000000
   214    1   13 1.000000
   214    1   14 1.000000
   214    1   15 1.000000
   214    1   16 1.000000
   214    1   17 1.000000
   214    1   18 1.000000
   214    1   19 1.000000
   214    1   20 1.000000
   214    1   21 1.000000
   214    1   22 1.000000
   214    1   23 1.000000
   214    1   24 1.000000
   214    1   25 1.000000
   214    1   26 1.000000
   214    1   27 1.000000
   214    2    3 1.000000
   214    2    4 1.000000
   214    2    5 1.000000
   214    2    6 1.000000
   214    2    7 1.000000
   214    2    8 1.000000
   214    2    9 1.000000
   214    2   10 1.000000
   214    2   11 1.000000
   214    2   12 1.000000
   214    2   13 1.000000
   214    2   14 1.000000
   214    2   15 1.000000
   214    2   16 1.000000
   214    2   17 1.000000
   214    2   18 1.000000
   214    2   19 1.000000
   214    2   20 1.000000
   214    2   21 1.000000
   214    2   22 1.000000
   214    2   23 1.000000
   214    2   24 1.000000
   214    2   25 1.000000
   214    2   26 1.000000
   214    2   27 1.000000
   214    3    4 1.000000
   214    3    5 1.000000
   214    3    6 1.000000
   214    3    7 1.000000
   214    3    8 1.000000
   214    3    9 1.000000
   214    3   10 1.000000
   214    3   11 1.000000
   214    3   12 1.000000
   214    3   13 1.000000
   214    3   14 1.000000
   214    3   15 1.000000
   214    3   16 1.000000
   214    3   17 1.000000
   214    3   18 1.000000
   214    3   19 1.000000
   214    3   20 1.000000
   214    3   21 1.000000
   214    3   22 1.000000
   214    3   23 1.000000
   214    3   24 1.000000
   214    3   25 1.000000
   214    3   26 1.000000
   214    3   27 1.000000
   214    4    5 1.000000
   214    4    6 1.000000
   214    4    7 1.000000
   214    4    8 1.000000
   214    4    9 1.000000
   214    4   10 1.000000
   214    4   11 1.000000
   214    4   12 1.000000
   214    4   13 1.000000
   214    4   14 1.000000
   214    4   15 1.000000
   214    4   16 1.000000
   214    4   17 1.000000
   214    4   18 1.000000
   214    4   19 1.000000
   214    4   20 1.000000
   214    4   21 1.000000
   214    4   22 1.000000
   214    4   23 1.000000
   214    4   24 1.000000
   214    4   25 1.000000
   214    4   26 1.000000
   214    4   27 1.000000
   214    5    6 1.000000
   214    5    7 1.000000
   214    5    8 1.000000
   214    5    9 1.000000
   214    5   10 1.000000
   214    5   11 1.000000
   214    5   12 1.000000
   214    5   13 1.000000
   214    5   14 1.000000
   214    5   15 1.000000
   214    5   16 1.000000
   214    5   17 1.000000
   214    5   18 1.000000
   214    5   19 1.000000
   214    5   20 1.000000
   214    5   21 1.000000
   214    5   22 1.000000
   214    5   23 1.000000
   214    5   24 1.000000
   214    5   25 1.000000
   214    5   26 1.000000
   214    5   27 1.000000
   214    6    7 1.000000
   214    6    8 1.000000
   214    6    9 1.000000
   214    6   10 1.000000
   214    6   11 1.000000
   214    6   12 1.000000
   214    6   13 1.000000
   214    6   14 1.000000
   214    6   15 1.000000
   214    6   16 1.000000
   214    6   17 1.000000
   214    6   18 1.000000
   214    6   19 1.000000
   214    6   20 1.000000
   214    6   21 1.000000
   214    6   22 1.000000
   214    6   23 1.000000
   214    6   24 1.000000
   214    6   25 1.000000
   214    6   26 1.000000
   214    6   27 1.000000
   214    7    8 1.000000
   214    7    9 1.000000
   214    7   10 1.000000
   214    7   11 1.000000
   214    7   12 1.000000
   214    7   13 1.000000
   214    7   14 1.000000
   214    7   15 1.000000
   214    7   16 1.000000
   214    7   17 1.000000
   214    7   18 1.000000
   214    7   19 1.000000
   214    7   20 1.000000
   214    7   21 1.000000
   214    7   22 1.000000
   214    7   23 1.000000
   214    7   24 1.000000
   214    7   25 1.000000
   214    7   26 1.000000
   214    7   27 1.000000
   214    8    9 1.000000
   214    8   10 1.000000
   214    8   11 1.000000
   214    8   12 1.000000
   214    8   13 1.000000
   214    8   14 1.000000
   214    8   15 1.000000
   214    8   16 1.000000
   214    8   17 1.000000
   214    8   18 1.000000
   214    8   19 1.000000
   214    8   20 1.000000
   214    8   21 1.000000
   214    8   22 1.000000
   214    8   23 1.000000
   214    8   24 1.000000
   214    8   25 1.000000
   214    8   26 1.000000
   214    8   27 1.000000
   214    9   10 1.000000
   214    9   11 1.000000
   214    9   12 1.000000
   214    9   13 1.000000
   214    9   14 1.000000
   214    9   15 1.000000
   214    9   16 1.000000
   214    9   17 1.000000
   214    9   18 1.000000
   214    9   19 1.000000
   214    9   20 1.000000
   214    9   21 1.000000
   214    9   22 1.000000
   214    9   23 1.000000
   214    9   24 1.000000
   214    9   25 1.000000
   214    9   26 1.000000
   214    9   27 1.000000
   214   10   11 1.000000
   214   10   12 1.000000
   214   10   13 1.000000
   214   10   14 1.000000
   214   10   15 1.000000
   214   10   16 1.000000
   214   10   17 1.000000
   214   10   18 1.000000
   214   10   19 1.000000
   214   10   20 1.000000
   214   10   21 1.000000
   214   10   22 1.000000
   214   10   23 1.000000
   214   10   24 1.000000
   214   10   25 1.000000
   214   10   26 1.000000
   214   10   27 1.000000
   214   11   12 1.000000
   214   11   13 1.000000
   214   11   14 1.000000
   214   11   15 1.000000
   214   11   16 1.000000
   214   11   17 1.000000
   214   11   18 1.000000
   214   11   19 1.000000
   214   11   20 1.000000
   214   11   21 1.000000
   214   11   22 1.000000
   214   11   23 1.000000
   214   11   24 1.000000
   214   11   25 1.000000
   214   11   26 1.000000
   214   11   27 1.000000
   214   12   13 1.000000
   214   12   14 1.000000
   214   12   15 1.000000
   214   12   16 1.000000
   214   12   17 1.000000
   214   12   18 1.000000
   214   12   19 1.000000
   214   12   20 1.000000
   214   12   21 1.000000
   214   12   22 1.000000
   214   12   23 1.000000
   214   12   24 1.000000
   214   12   25 1.000000
   214   12   26 1.000000
   214   12   27 1.000000
   214   13   14 1.000000
   214   13   15 1.000000
   214   13   16 1.000000
   214   13   17 1.000000
   214   13   18 1.000000
   214   13   19 1.000000
   214   13   20 1.000000
   214   13   21 1.000000
   214   13   22 1.000000
   214   13   23 1.000000
   214   13   24 1.000000
   214   13   25 1.000000
   214   13   26 1.000000
   214   13   27 1.000000
   214   14   15 1.000000
   214   14   16 1.000000
   214   14   17 1.000000
   214   14   18 1.000000
   214   14   19 1.000000
   214   14   20 1.000000
   214   14   21 1.000000
   214   14   22 1.000000
   214   14   23 1.000000
   214   14   24 1.000000
   214   14   25 1.000000
   214   14   26 1.000000
   214   14   27 1.000000
   214   15   16 1.000000
   214   15   17 1.000000
   214   15   18 1.000000
   214   15   19 1.000000
   214   15   20 1.000000
   214   15   21 1.000000
   214   15   22 1.000000
   214   15   23 1.000000
   214   15   24 1.000000
   214   15   25 1.000000
   214   15   26 1.000000
   214   15   27 1.000000
   214   16   17 1.000000
   214   16   18 1.000000
   214   16   19 1.000000
   214   16   20 1.000000
   214   16   21 1.000000
   214   16   22 1.000000
   214   16   23 1.000000
   214   16   24 1.000000
   214   16   25 1.000000
   214   16   26 1.000000
   214   16   27 1.000000
   214   17   18 1.000000
   214   17   19 1.000000
   214   17   20 1.000000
   214   17   21 1.000000
   214   17   22 1.000000
   214   17   23 1.000000
   214   17   24 1.000000
   214   17   25 1.000000
   214   17   26 1.000000
   214   17   27 1.000000
   214   18   19 1.000000
   214   18   20 1.000000
   214   18   21 1.000000
   214   18   22 1.000000
   214   18   23 1.000000
   214   18   24 1.000000
   214   18   25 1.000000
   214   18   26 1.000000
   214   18   27 1.000000
   214   19   20 1.000000
   214   19   21 1.000000
   214   19   22 1.000000
   214   19   23 1.000000
   214   19   24 1.000000
   214   19   25 1.000000
   214   19   26 1.000000
   214   19   27 1.000000
   214   20   21 1.000000
   214   20   22 1.000000
   214   20   23 1.000000
   214   20   24 1.000000
   214   20   25 1.000000
   214   20   26 1.000000
   214   20   27 1.000000
   214   21   22 1.000000
   214   21   23 1.000000
   214   21   24 1.000000
   214   21   25 1.000000
   214   21   26 1.000000
   214   21   27 1.000000
   214   22   23 1.000000
   214   22   24 1.000000
   214   22   25 1.000000
   214   22   26 1.000000
   214   22   27 1.000000
   214   23   24 1.000000
   214   23   25 1.000000
   214   23   26 1.000000
   214   23   27 1.000000
   214   24   25 1.000000
   214   24   26 1.000000
   214   24   27 1.000000
   214   25   26 1.000000
   214   25   27 1.000000
   214   26   27 1.000000
   215    1    2 1.000000
   215    1    3 1.000000
   215    1    4 1.000000
   215    1    5 1.000000
   215    1    6 1.000000
   215    1    7 1.000000
   215    1    8 1.000000
   215    1    9 1.000000
   215    1   10 1.000000
   215    1   11 1.000000
   215    1   12 1.000000
   215    1   13 1.000000
   215    1   14 1.000000
   215    1   15 1.000000
   215    1   16 1.000000
   215    1   17 1.000000
   215    1   18 1.000000
   215    1   19 1.000000
   215    1   20 1.000000
   215    1   21 1.000000
   215    1   22 1.000000
   215    1   23 1.000000
   215    1   24 1.000000
   215    1   25 1.000000
   215    1   26 1.000000
   215    1   27 1.000000
   215    2    3 1.000000
   215    2    4 1.000000
   215    2    5 1.000000
   215    2    6 1.000000
   215    2    7 1.000000
   215    2    8 1.000000
   215    2    9 1.000000
   215    2   10 1.000000
   215    2   11 1.000000
   215    2   12 1.000000
   215    2   13 1.000000
   215    2   14 1.000000
   215    2   15 1.000000
   215    2   16 1.000000
   215    2   17 1.000000
   215    2   18 1.000000
   215    2   19 1.000000
   215    2   20 1.000000
   215    2   21 1.000000
   215    2   22 1.000000
   215    2   23 1.000000
   215    2   24 1.000000
   215    2   25 1.000000
   215    2   26 1.000000
   215    2   27 1.000000
   215    3    4 1.000000
   215    3    5 1.000000
   215    3    6 1.000000
   215    3    7 1.000000
   215    3    8 1.000000
   215    3    9 1.000000
   215    3   10 1.000000
   215    3   11 1.000000
   215    3   12 1.000000
   215    3   13 1.000000
   215    3   14 1.000000
   215    3   15 1.000000
   215    3   16 1.000000
   215    3   17 1.000000
   215    3   18 1.000000
   215    3   19 1.000000
   215    3   20 1.000000
   215    3   21 1.000000
   215    3   22 1.000000
   215    3   23 1.000000
   215    3   24 1.000000
   215    3   25 1.000000
   215    3   26 1.000000
   215    3   27 1.000000
   215    4    5 1.000000
   215    4    6 1.000000
   215    4    7 1.000000
   215    4    8 1.000000
   215    4    9 1.000000
   215    4   10 1.000000
   215    4   11 1.000000
   215    4   12 1.000000
   215    4   13 1.000000
   215    4   14 1.000000
   215    4   15 1.000000
   215    4   16 1.000000
   215    4   17 1.000000
   215    4   18 1.000000
   215    4   19 1.000000
   215    4   20 1.000000
   215    4   21 1.000000
   215    4   22 1.000000
   215    4   23 1.000000
   215    4   24 1.000000
   215    4   25 1.000000
   215    4   26 1.000000
   215    4   27 1.000000
   215    5    6 1.000000
   215    5    7 1.000000
   215    5    8 1.000000
   215    5    9 1.000000
   215    5   10 1.000000
   215    5   11 1.000000
   215    5   12 1.000000
   215    5   13 1.000000
   215    5   14 1.000000
   215    5   15 1.000000
   215    5   16 1.000000
   215    5   17 1.000000
   215    5   18 1.000000
   215    5   19 1.000000
   215    5   20 1.000000
   215    5   21 1.000000
   215    5   22 1.000000
   215    5   23 1.000000
   215    5   24 1.000000
   215    5   25 1.000000
   215    5   26 1.000000
   215    5   27 1.000000
   215    6    7 1.000000
   215    6    8 1.000000
   215    6    9 1.000000
   215    6   10 1.000000
   215    6   11 1.000000
   215    6   12 1.000000
   215    6   13 1.000000
   215    6   14 1.000000
   215    6   15 1.000000
   215    6   16 1.000000
   215    6   17 1.000000
   215    6   18 1.000000
   215    6   19 1.000000
   215    6   20 1.000000
   215    6   21 1.000000
   215    6   22 1.000000
   215    6   23 1.000000
   215    6   24 1.000000
   215    6   25 1.000000
   215    6   26 1.000000
   215    6   27 1.000000
   215    7    8 1.000000
   215    7    9 1.000000
   215    7   10 1.000000
   215    7   11 1.000000
   215    7   12 1.000000
   215    7   13 1.000000
   215    7   14 1.000000
   215    7   15 1.000000
   215    7   16 1.000000
   215    7   17 1.000000
   215    7   18 1.000000
   215    7   19 1.000000
   215    7   20 1.000000
   215    7   21 1.000000
   215    7   22 1.000000
   215    7   23 1.000000
   215    7   24 1.000000
   215    7   25 1.000000
   215    7   26 1.000000
   215    7   27 1.000000
   215    8    9 1.000000
   215    8   10 1.000000
   215    8   11 1.000000
   215    8   12 1.000000
   215    8   13 1.000000
   215    8   14 1.000000
   215    8   15 1.000000
   215    8   16 1.000000
   215    8   17 1.000000
   215    8   18 1.000000
   215    8   19 1.000000
   215    8   20 1.000000
   215    8   21 1.000000
   215    8   22 1.000000
   215    8   23 1.000000
   215    8   24 1.000000
   215    8   25 1.000000
   215    8   26 1.000000
   215    8   27 1.000000
   215    9   10 1.000000
   215    9   11 1.000000
   215    9   12 1.000000
   215    9   13 1.000000
   215    9   14 1.000000
   215    9   15 1.000000
   215    9   16 1.000000
   215    9   17 1.000000
   215    9   18 1.000000
   215    9   19 1.000000
   215    9   20 1.000000
   215    9   21 1.000000
   215    9   22 1.000000
   215    9   23 1.000000
   215    9   24 1.000000
   215    9   25 1.000000
   215    9   26 1.000000
   215    9   27 1.000000
   215   10   11 1.000000
   215   10   12 1.000000
   215   10   13 1.000000
   215   10   14 1.000000
   215   10   15 1.000000
   215   10   16 1.000000
   215   10   17 1.000000
   215   10   18 1.000000
   215   10   19 1.000000
   215   10   20 1.000000
   215   10   21 1.000000
   215   10   22 1.000000
   215   10   23 1.000000
   215   10   24 1.000000
   215   10   25 1.000000
   215   10   26 1.000000
   215   10   27 1.000000
   215   11   12 1.000000
   215   11   13 1.000000
   215   11   14 1.000000
   215   11   15 1.000000
   215   11   16 1.000000
   215   11   17 1.000000
   215   11   18 1.000000
   215   11   19 1.000000
   215   11   20 1.000000
   215   11   21 1.000000
   215   11   22 1.000000
   215   11   23 1.000000
   215   11   24 1.000000
   215   11   25 1.000000
   215   11   26 1.000000
   215   11   27 1.000000
   215   12   13 1.000000
   215   12   14 1.000000
   215   12   15 1.000000
   215   12   16 1.000000
   215   12   17 1.000000
   215   12   18 1.000000
   215   12   19 1.000000
   215   12   20 1.000000
   215   12   21 1.000000
   215   12   22 1.000000
   215   12   23 1.000000
   215   12   24 1.000000
   215   12   25 1.000000
   215   12   26 1.000000
   215   12   27 1.000000
   215   13   14 1.000000
   215   13   15 1.000000
   215   13   16 1.000000
   215   13   17 1.000000
   215   13   18 1.000000
   215   13   19 1.000000
   215   13   20 1.000000
   215   13   21 1.000000
   215   13   22 1.000000
   215   13   23 1.000000
   215   13   24 1.000000
   215   13   25 1.000000
   215   13   26 1.000000
   215   13   27 1.000000
   215   14   15 1.000000
   215   14   16 1.000000
   215   14   17 1.000000
   215   14   18 1.000000
   215   14   19 1.000000
   215   14   20 1.000000
   215   14   21 1.000000
   215   14   22 1.000000
   215   14   23 1.000000
   215   14   24 1.000000
   215   14   25 1.000000
   215   14   26 1.000000
   215   14   27 1.000000
   215   15   16 1.000000
   215   15   17 1.000000
   215   15   18 1.000000
   215   15   19 1.000000
   215   15   20 1.000000
   215   15   21 1.000000
   215   15   22 1.000000
   215   15   23 1.000000
   215   15   24 1.000000
   215   15   25 1.000000
   215   15   26 1.000000
   215   15   27 1.000000
   215   16   17 1.000000
   215   16   18 1.000000
   215   16   19 1.000000
   215   16   20 1.000000
   215   16   21 1.000000
   215   16   22 1.000000
   215   16   23 1.000000
   215   16   24 1.000000
   215   16   25 1.000000
   215   16   26 1.000000
   215   16   27 1.000000
   215   17   18 1.000000
   215   17   19 1.000000
   215   17   20 1.000000
   215   17   21 1.000000
   215   17   22 1.000000
   215   17   23 1.000000
   215   17   24 1.000000
   215   17   25 1.000000
   215   17   26 1.000000
   215   17   27 1.000000
   215   18   19 1.000000
   215   18   20 1.000000
   215   18   21 1.000000
   215   18   22 1.000000
   215   18   23 1.000000
   215   18   24 1.000000
   215   18   25 1.000000
   215   18   26 1.000000
   215   18   27 1.000000
   215   19   20 1.000000
   215   19   21 1.000000
   215   19   22 1.000000
   215   19   23 1.000000
   215   19   24 1.000000
   215   19   25 1.000000
   215   19   26 1.000000
   215   19   27 1.000000
   215   20   21 1.000000
   215   20   22 1.000000
   215   20   23 1.000000
   215   20   24 1.000000
   215   20   25 1.000000
   215   20   26 1.000000
   215   20   27 1.000000
   215   21   22 1.000000
   215   21   23 1.000000
   215   21   24 1.000000
   215   21   25 1.000000
   215   21   26 1.000000
   215   21   27 1.000000
   215   22   23 1.000000
   215   22   24 1.000000
   215   22   25 1.000000
   215   22   26 1.000000
   215   22   27 1.000000
   215   23   24 1.000000
   215   23   25 1.000000
   215   23   26 1.000000
   215   23   27 1.000000
   215   24   25 1.000000
   215   24   26 1.000000
   215   24   27 1.000000
   215   25   26 1.000000
   215   25   27 1.000000
   215   26   27 1.000000
   216    1    2 1.000000
   216    1    3 1.000000
   216    1    4 1.000000
   216    1    5 1.000000
   216    1    6 1.000000
   216    1    7 1.000000
   216    1    8 1.000000
   216    1    9 1.000000
   216    1   10 1.000000
   216    1   11 1.000000
   216    1   12 1.000000
   216    1   13 1.000000
   216    1   14 1.000000
   216    1   15 1.000000
   216    1   16 1.000000
   216    1   17 1.000000
   216    1   18 1.000000
   216    1   19 1.000000
   216    1   20 1.000000
   216    1   21 1.000000
   216    1   22 1.000000
   216    1   23 1.000000
   216    1   24 1.000000
   216    1   25 1.000000
   216    1   26 1.000000
   216    1   27 1.000000
   216    2    3 1.000000
   216    2    4 1.000000
   216    2    5 1.000000
   216    2    6 1.000000
   216    2    7 1.000000
   216    2    8 1.000000
   216    2    9 1.000000
   216    2   10 1.000000
   216    2   11 1.000000
   216    2   12 1.000000
   216    2   13 1.000000
   216    2   14 1.000000
   216    2   15 1.000000
   216    2   16 1.000000
   216    2   17 1.000000
   216    2   18 1.000000
   216    2   19 1.000000
   216    2   20 1.000000
   216    2   21 1.000000
   216    2   22 1.000000
   216    2   23 1.000000
   216    2   24 1.000000
   216    2   25 1.000000
   216    2   26 1.000000
   216    2   27 1.000000
   216    3    4 1.000000
   216    3    5 1.000000
   216    3    6 1.000000
   216    3    7 1.000000
   216    3    8 1.000000
   216    3    9 1.000000
   216    3   10 1.000000
   216    3   11 1.000000
   216    3   12 1.000000
   216    3   13 1.000000
   216    3   14 1.000000
   216    3   15 1.000000
   216    3   16 1.000000
   216    3   17 1.000000
   216    3   18 1.000000
   216    3   19 1.000000
   216    3   20 1.000000
   216    3   21 1.000000
   216    3   22 1.000000
   216    3   23 1.000000
   216    3   24 1.000000
   216    3   25 1.000000
   216    3   26 1.000000
   216    3   27 1.000000
   216    4    5 1.000000
   216    4    6 1.000000
   216    4    7 1.000000
   216    4    8 1.000000
   216    4    9 1.000000
   216    4   10 1.000000
   216    4   11 1.000000
   216    4   12 1.000000
   216    4   13 1.000000
   216    4   14 1.000000
   216    4   15 1.000000
   216    4   16 1.000000
   216    4   17 1.000000
   216    4   18 1.000000
   216    4   19 1.000000
   216    4   20 1.000000
   216    4   21 1.000000
   216    4   22 1.000000
   216    4   23 1.000000
   216    4   24 1.000000
   216    4   25 1.000000
   216    4   26 1.000000
   216    4   27 1.000000
   216    5    6 1.000000
   216    5    7 1.000000
   216    5    8 1.000000
   216    5    9 1.000000
   216    5   10 1.000000
   216    5   11 1.000000
   216    5   12 1.000000
   216    5   13 1.000000
   216    5   14 1.000000
   216    5   15 1.000000
   216    5   16 1.000000
   216    5   17 1.000000
   216    5   18 1.000000
   216    5   19 1.000000
   216    5   20 1.000000
   216    5   21 1.000000
   216    5   22 1.000000
   216    5   23 1.000000
   216    5   24 1.000000
   216    5   25 1.000000
   216    5   26 1.000000
   216    5   27 1.000000
   216    6    7 1.000000
   216    6    8 1.000000
   216    6    9 1.000000
   216    6   10 1.000000
   216    6   11 1.000000
   216    6   12 1.000000
   216    6   13 1.000000
   216    6   14 1.000000
   216    6   15 1.000000
   216    6   16 1.000000
   216    6   17 1.000000
   216    6   18 1.000000
   216    6   19 1.000000
   216    6   20 1.000000
   216    6   21 1.000000
   216    6   22 1.000000
   216    6   23 1.000000
   216    6   24 1.000000
   216    6   25 1.000000
   216    6   26 1.000000
   216    6   27 1.000000
   216    7    8 1.000000
   216    7    9 1.000000
   216    7   10 1.000000
   216    7   11 1.000000
   216    7   12 1.000000
   216    7   13 1.000000
   216    7   14 1.000000
   216    7   15 1.000000
   216    7   16 1.000000
   216    7   17 1.000000
   216    7   18 1.000000
   216    7   19 1.000000
   216    7   20 1.000000
   216    7   21 1.000000
   216    7   22 1.000000
   216    7   23 1.000000
   216    7   24 1.000000
   216    7   25 1.000000
   216    7   26 1.000000
   216    7   27 1.000000
   216    8    9 1.000000
   216    8   10 1.000000
   216    8   11 1.000000
   216    8   12 1.000000
   216    8   13 1.000000
   216    8   14 1.000000
   216    8   15 1.000000
   216    8   16 1.000000
   216    8   17 1.000000
   216    8   18 1.000000
   216    8   19 1.000000
   216    8   20 1.000000
   216    8   21 1.000000
   216    8   22 1.000000
   216    8   23 1.000000
   216    8   24 1.000000
   216    8   25 1.000000
   216    8   26 1.000000
   216    8   27 1.000000
   216    9   10 1.000000
   216    9   11 1.000000
   216    9   12 1.000000
   216    9   13 1.000000
   216    9   14 1.000000
   216    9   15 1.000000
   216    9   16 1.000000
   216    9   17 1.000000
   216    9   18 1.000000
   216    9   19 1.000000
   216    9   20 1.000000
   216    9   21 1.000000
   216    9   22 1.000000
   216    9   23 1.000000
   216    9   24 1.000000
   216    9   25 1.000000
   216    9   26 1.000000
   216    9   27 1.000000
   216   10   11 1.000000
   216   10   12 1.000000
   216   10   13 1.000000
   216   10   14 1.000000
   216   10   15 1.000000
   216   10   16 1.000000
   216   10   17 1.000000
   216   10   18 1.000000
   216   10   19 1.000000
   216   10   20 1.000000
   216   10   21 1.000000
   216   10   22 1.000000
   216   10   23 1.000000
   216   10   24 1.000000
   216   10   25 1.000000
   216   10   26 1.000000
   216   10   27 1.000000
   216   11   12 1.000000
   216   11   13 1.000000
   216   11   14 1.000000
   216   11   15 1.000000
   216   11   16 1.000000
   216   11   17 1.000000
   216   11   18 1.000000
   216   11   19 1.000000
   216   11   20 1.000000
   216   11   21 1.000000
   216   11   22 1.000000
   216   11   23 1.000000
   216   11   24 1.000000
   216   11   25 1.000000
   216   11   26 1.000000
   216   11   27 1.000000
   216   12   13 1.000000
   216   12   14 1.000000
   216   12   15 1.000000
   216   12   16 1.000000
   216   12   17 1.000000
   216   12   18 1.000000
   216   12   19 1.000000
   216   12   20 1.000000
   216   12   21 1.000000
   216   12   22 1.000000
   216   12   23 1.000000
   216   12   24 1.000000
   216   12   25 1.000000
   216   12   26 1.000000
   216   12   27 1.000000
   216   13   14 1.000000
   216   13   15 1.000000
   216   13   16 1.000000
   216   13   17 1.000000
   216   13   18 1.000000
   216   13   19 1.000000
   216   13   20 1.000000
   216   13   21 1.000000
   216   13   22 1.000000
   216   13   23 1.000000
   216   13   24 1.000000
   216   13   25 1.000000
   216   13   26 1.000000
   216   13   27 1.000000
   216   14   15 1.000000
   216   14   16 1.000000
   216   14   17 1.000000
   216   14   18 1.000000
   216   14   19 1.000000
   216   14   20 1.000000
   216   14   21 1.000000
   216   14   22 1.000000
   216   14   23 1.000000
   216   14   24 1.000000
   216   14   25 1.000000
   216   14   26 1.000000
   216   14   27 1.000000
   216   15   16 1.000000
   216   15   17 1.000000
   216   15   18 1.000000
   216   15   19 1.000000
   216   15   20 1.000000
   216   15   21 1.000000
   216   15   22 1.000000
   216   15   23 1.000000
   216   15   24 1.000000
   216   15   25 1.000000
   216   15   26 1.000000
   216   15   27 1.000000
   216   16   17 1.000000
   216   16   18 1.000000
   216   16   19 1.000000
   216   16   20 1.000000
   216   16   21 1.000000
   216   16   22 1.000000
   216   16   23 1.000000
   216   16   24 1.000000
   216   16   25 1.000000
   216   16   26 1.000000
   216   16   27 1.000000
   216   17   18 1.000000
   216   17   19 1.000000
   216   17   20 1.000000
   216   17   21 1.000000
   216   17   22 1.000000
   216   17   23 1.000000
   216   17   24 1.000000
   216   17   25 1.000000
   216   17   26 1.000000
   216   17   27 1.000000
   216   18   19 1.000000
   216   18   20 1.000000
   216   18   21 1.000000
   216   18   22 1.000000
   216   18   23 1.000000
   216   18   24 1.000000
   216   18   25 1.000000
   216   18   26 1.000000
   216   18   27 1.000000
   216   19   20 1.000000
   216   19   21 1.000000
   216   19   22 1.000000
   216   19   23 1.000000
   216   19   24 1.000000
   216   19   25 1.000000
   216   19   26 1.000000
   216   19   27 1.000000
   216   20   21 1.000000
   216   20   22 1.000000
   216   20   23 1.000000
   216   20   24 1.000000
   216   20   25 1.000000
   216   20   26 1.000000
   216   20   27 1.000000
   216   21   22 1.000000
   216   21   23 1.000000
   216   21   24 1.000000
   216   21   25 1.000000
   216   21   26 1.000000
   216   21   27 1.000000
   216   22   23 1.000000
   216   22   24 1.000000
   216   22   25 1.000000
   216   22   26 1.000000
   216   22   27 1.000000
   216   23   24 1.000000
   216   23   25 1.000000
   216   23   26 1.000000
   216   23   27 1.000000
   216   24   25 1.000000
   216   24   26 1.000000
   216   24   27 1.000000
   216   25   26 1.000000
   216   25   27 1.000000
   216   26   27 1.000000
   217    1    2 1.000000
   217    1    3 1.000000
   217    1    4 1.000000
   217    1    5 1.000000
   217    1    6 1.000000
   217    1    7 1.000000
   217    1    8 1.000000
   217    1    9 1.000000
   217    1   10 1.000000
   217    1   11 1.000000
   217    1   12 1.000000
   217    1   13 1.000000
   217    1   14 1.000000
   217    1   15 1.000000
   217    1   16 1.000000
   217    1   17 1.000000
   217    1   18 1.000000
   217    1   19 1.000000
   217    1   20 1.000000
   217    1   21 1.000000
   217    1   22 1.000000
   217    1   24 1.000000
   217    1   25 1.000000
   217    1   26 1.000000
   217    1   27 1.000000
   217    2    3 1.000000
   217    2    4 1.000000
   217    2    5 1.000000
   217    2    6 1.000000
   217    2    7 1.000000
   217    2    8 1.000000
   217    2    9 1.000000
   217    2   10 1.000000
   217    2   11 1.000000
   217    2   12 1.000000
   217    2   13 1.000000
   217    2   14 1.000000
   217    2   15 1.000000
   217    2   16 1.000000
   217    2   17 1.000000
   217    2   18 1.000000
   217    2   19 1.000000
   217    2   20 1.000000
   217    2   21 1.000000
   217    2   22 1.000000
   217    2   24 1.000000
   217    2   25 1.000000
   217    2   26 1.000000
   217    2   27 1.000000
   217    3    4 1.000000
   217    3    5 1.000000
   217    3    6 1.000000
   217    3    7 1.000000
   217    3    8 1.000000
   217    3    9 1.000000
   217    3   10 1.000000
   217    3   11 1.000000
   217    3   12 1.000000
   217    3   13 1.000000
   217    3   14 1.000000
   217    3   15 1.000000
   217    3   16 1.000000
   217    3   17 1.000000
   217    3   18 1.000000
   217    3   19 1.000000
   217    3   20 1.000000
   217    3   21 1.000000
   217    3   22 1.000000
   217    3   24 1.000000
   217    3   25 1.000000
   217    3   26 1.000000
   217    3   27 1.000000
   217    4    5 1.000000
   217    4    6 1.000000
   217    4    7 1.000000
   217    4    8 1.000000
   217    4    9 1.000000
   217    4   10 1.000000
   217    4   11 1.000000
   217    4   12 1.000000
   217    4   13 1.000000
   217    4   14 1.000000
   217    4   15 1.000000
   217    4   16 1.000000
   217    4   17 1.000000
   217    4   18 1.000000
   217    4   19 1.000000
   217    4   20 1.000000
   217    4   21 1.000000
   217    4   22 1.000000
   217    4   24 1.000000
   217    4   25 1.000000
   217    4   26 1.000000
   217    4   27 1.000000
   217    5    6 1.000000
   217    5    7 1.000000
   217    5    8 1.000000
   217    5    9 1.000000
   217    5   10 1.000000
   217    5   11 1.000000
   217    5   12 1.000000
   217    5   13 1.000000
   217    5   14 1.000000
   217    5   15 1.000000
   217    5   16 1.000000
   217    5   17 1.000000
   217    5   18 1.000000
   217    5   19 1.000000
   217    5   20 1.000000
   217    5   21 1.000000
   217    5   22 1.000000
   217    5   24 1.000000
   217    5   25 1.000000
   217    5   26 1.000000
   217    5   27 1.000000
   217    6    7 1.000000
   217    6    8 1.000000
   217    6    9 1.000000
   217    6   10 1.000000
   217    6   11 1.000000
   217    6   12 1.000000
   217    6   13 1.000000
   217    6   14 1.000000
   217    6   15 1.000000
   217    6   16 1.000000
   217    6   17 1.000000
   217    6   18 1.000000
   217    6   19 1.000000
   217    6   20 1.000000
   217    6   21 1.000000
   217    6   22 1.000000
   217    6   24 1.000000
   217    6   25 1.000000
   217    6   26 1.000000
   217    6   27 1.000000
   217    7    8 1.000000
   217    7    9 1.000000
   217    7   10 1.000000
   217    7   11 1.000000
   217    7   12 1.000000
   217    7   13 1.000000
   217    7   14 1.000000
   217    7   15 1.000000
   217    7   16 1.000000
   217    7   17 1.000000
   217    7   18 1.000000
   217    7   19 1.000000
   217    7   20 1.000000
   217    7   21 1.000000
   217    7   22 1.000000
   217    7   24 1.000000
   217    7   25 1.000000
   217    7   26 1.000000
   217    7   27 1.000000
   217    8    9 1.000000
   217    8   10 1.000000
   217    8   11 1.000000
   217    8   12 1.000000
   217    8   13 1.000000
   217    8   14 1.000000
   217    8   15 1.000000
   217    8   16 1.000000
   217    8   17 1.000000
   217    8   18 1.000000
   217    8   19 1.000000
   217    8   20 1.000000
   217    8   21 1.000000
   217    8   22 1.000000
   217    8   24 1.000000
   217    8   25 1.000000
   217    8   26 1.000000
   217    8   27 1.000000
   217    9   10 1.000000
   217    9   11 1.000000
   217    9   12 1.000000
   217    9   13 1.000000
   217    9   14 1.000000
   217    9   15 1.000000
   217    9   16 1.000000
   217    9   17 1.000000
   217    9   18 1.000000
   217    9   19 1.000000
   217    9   20 1.000000
   217    9   21 1.000000
   217    9   22 1.000000
   217    9   24 1.000000
   217    9   25 1.000000
   217    9   26 1.000000
   217    9   27 1.000000
   217   10   11 1.000000
   217   10   12 1.000000
   217   10   13 1.000000
   217   10   14 1.000000
   217   10   15 1.000000
   217   10   16 1.000000
   217   10   17 1.000000
   217   10   18 1.000000
   217   10   19 1.000000
   217   10   20 1.000000
   217   10   21 1.000000
   217   10   22 1.000000
   217   10   24 1.000000
   217   10   25 1.000000
   217   10   26 1.000000
   217   10   27 1.000000
   217   11   12 1.000000
   217   11   13 1.000000
   217   11   14 1.000000
   217   11   15 1.000000
   217   11   16 1.000000
   217   11   17 1.000000
   217   11   18 1.000000
   217   11   19 1.000000
   217   11   20 1.000000
   217   11   21 1.000000
   217   11   22 1.000000
   217   11   24 1.000000
   217   11   25 1.000000
   217   11   26 1.000000
   217   11   27 1.000000
   217   12   13 1.000000
   217   12   14 1.000000
   217   12   15 1.000000
   217   12   16 1.000000
   217   12   17 1.000000
   217   12   18 1.000000
   217   12   19 1.000000
   217   12   20 1.000000
   217   12   21 1.000000
   217   12   22 1.000000
   217   12   24 1.000000
   217   12   25 1.000000
   217   12   26 1.000000
   217   12   27 1.000000
   217   13   14 1.000000
   217   13   15 1.000000
   217   13   16 1.000000
   217   13   17 1.000000
   217   13   18 1.000000
   217   13   19 1.000000
   217   13   20 1.000000
   217   13   21 1.000000
   217   13   22 1.000000
   217   13   24 1.000000
   217   13   25 1.000000
   217   13   26 1.000000
   217   13   27 1.000000
   217   14   15 1.000000
   217   14   16 1.000000
   217   14   17 1.000000
   217   14   18 1.000000
   217   14   19 1.000000
   217   14   20 1.000000
   217   14   21 1.000000
   217   14   22 1.000000
   217   14   24 1.000000
   217   14   25 1.000000
   217   14   26 1.000000
   217   14   27 1.000000
   217   15   16 1.000000
   217   15   17 1.000000
   217   15   18 1.000000
   217   15   19 1.000000
   217   15   20 1.000000
   217   15   21 1.000000
   217   15   22 1.000000
   217   15   24 1.000000
   217   15   25 1.000000
   217   15   26 1.000000
   217   15   27 1.000000
   217   16   17 1.000000
   217   16   18 1.000000
   217   16   19 1.000000
   217   16   20 1.000000
   217   16   21 1.000000
   217   16   22 1.000000
   217   16   24 1.000000
   217   16   25 1.000000
   217   16   26 1.000000
   217   16   27 1.000000
   217   17   18 1.000000
   217   17   19 1.000000
   217   17   20 1.000000
   217   17   21 1.000000
   217   17   22 1.000000
   217   17   24 1.000000
   217   17   25 1.000000
   217   17   26 1.000000
   217   17   27 1.000000
   217   18   19 1.000000
   217   18   20 1.000000
   217   18   21 1.000000
   217   18   22 1.000000
   217   18   24 1.000000
   217   18   25 1.000000
   217   18   26 1.000000
   217   18   27 1.000000
   217   19   20 1.000000
   217   19   21 1.000000
   217   19   22 1.000000
   217   19   24 1.000000
   217   19   25 1.000000
   217   19   26 1.000000
   217   19   27 1.000000
   217   20   21 1.000000
   217   20   22 1.000000
   217   20   24 1.000000
   217   20   25 1.000000
   217   20   26 1.000000
   217   20   27 1.000000
   217   21   22 1.000000
   217   21   24 1.000000
   217   21   25 1.000000
   217   21   26 1.000000
   217   21   27 1.000000
   217   22   24 1.000000
   217   22   25 1.000000
   217   22   26 1.000000
   217   22   27 1.000000
   217   24   25 1.000000
   217   24   26 1.000000
   217   24   27 1.000000
   217   25   26 1.000000
   217   25   27 1.000000
   217   26   27 1.000000
   218    1    2 1.000000
   218    1    3 1.000000
   218    1    4 1.000000
   218    1    5 1.000000
   218    1    6 1.000000
   218    1    7 1.000000
   218    1    8 1.000000
   218    1    9 1.000000
   218    1   10 1.000000
   218    1   11 1.000000
   218    1   12 1.000000
   218    1   13 1.000000
   218    1   14 1.000000
   218    1   15 1.000000
   218    1   16 1.000000
   218    1   17 1.000000
   218    1   18 1.000000
   218    1   19 1.000000
   218    1   20 1.000000
   218    1   21 1.000000
   218    1   22 1.000000
   218    1   23 0.479167
   218    1   24 1.000000
   218    1   25 1.000000
   218    1   26 1.000000
   218    1   27 1.000000
   218    2    3 1.000000
   218    2    4 1.000000
   218    2    5 1.000000
   218    2    6 1.000000
   218    2    7 1.000000
   218    2    8 1.000000
   218    2    9 1.000000
   218    2   10 1.000000
   218    2   11 1.000000
   218    2   12 1.000000
   218    2   13 1.000000
   218    2   14 1.000000
   218    2   15 1.000000
   218    2   16 1.000000
   218    2   17 1.000000
   218    2   18 1.000000
   218    2   19 1.000000
   218    2   20 1.000000
   218    2   21 1.000000
   218    2   22 1.000000
   218    2   23 0.479167
   218    2   24 1.000000
   218    2   25 1.000000
   218    2   26 1.000000
   218    2   27 1.000000
   218    3    4 1.000000
   218    3    5 1.000000
   218    3    6 1.000000
   218    3    7 1.000000
   218    3    8 1.000000
   218    3    9 1.000000
   218    3   10 1.000000
   218    3   11 1.000000
   218    3   12 1.000000
   218    3   13 1.000000
   218    3   14 1.000000
   218    3   15 1.000000
   218    3   16 1.000000
   218    3   17 1.000000
   218    3   18 1.000000
   218    3   19 1.000000
   218    3   20 1.000000
   218    3   21 1.000000
   218    3   22 1.000000
   218    3   23 0.479167
   218    3   24 1.000000
   218    3   25 1.000000
   218    3   26 1.000000
   218    3   27 1.000000
   218    4    5 1.000000
   218    4    6 1.000000
   218    4    7 1.000000
   218    4    8 1.000000
   218    4    9 1.000000
   218    4   10 1.000000
   218    4   11 1.000000
   218    4   12 1.000000
   218    4   13 1.000000
   218    4   14 1.000000
   218    4   15 1.000000
   218    4   16 1.000000
   218    4   17 1.000000
   218    4   18 1.000000
   218    4   19 1.000000
   218    4   20 1.000000
   218    4   21 1.000000
   218    4   22 1.000000
   218    4   23 0.479167
   218    4   24 1.000000
   218    4   25 1.000000
   218    4   26 1.000000
   218    4   27 1.000000
   218    5    6 1.000000
   218    5    7 1.000000
   218    5    8 1.000000
   218    5    9 1.000000
   218    5   10 1.000000
   218    5   11 1.000000
   218    5   12 1.000000
   218    5   13 1.000000
   218    5   14 1.000000
   218    5   15 1.000000
   218    5   16 1.000000
   218    5   17 1.000000
   218    5   18 1.000000
   218    5   19 1.000000
   218    5   20 1.000000
   218    5   21 1.000000
   218    5   22 1.000000
   218    5   23 0.479167
   218    5   24 1.000000
   218    5   25 1.000000
   218    5   26 1.000000
   218    5   27 1.000000
   218    6    7 1.000000
   218    6    8 1.000000
   218    6    9 1.000000
   218    6   10 1.000000
   218    6   11 1.000000
   218    6   12 1.000000
   218    6   13 1.000000
   218    6   14 1.000000
   218    6   15 1.000000
   218    6   16 1.000000
   218    6   17 1.000000
   218    6   18 1.000000
   218    6   19 1.000000
   218    6   20 1.000000
   218    6   21 1.000000
   218    6   22 1.000000
   218    6   23 0.479167
   218    6   24 1.000000
   218    6   25 1.000000
   218    6   26 1.000000
   218    6   27 1.000000
   218    7    8 1.000000
   218    7    9 1.000000
   218    7   10 1.000000
   218    7   11 1.000000
   218    7   12 1.000000
   218    7   13 1.000000
   218    7   14 1.000000
   218    7   15 1.000000
   218    7   16 1.000000
   218    7   17 1.000000
   218    7   18 1.000000
   218    7   19 1.000000
   218    7   20 1.000000
   218    7   21 1.000000
   218    7   22 1.000000
   218    7   23 0.479167
   218    7   24 1.000000
   218    7   25 1.000000
   218    7   26 1.000000
   218    7   27 1.000000
   218    8    9 1.000000
   218    8   10 1.000000
   218    8   11 1.000000
   218    8   12 1.000000
   218    8   13 1.000000
   218    8   14 1.000000
   218    8   15 1.000000
   218    8   16 1.000000
   218    8   17 1.000000
   218    8   18 1.000000
   218    8   19 1.000000
   218    8   20 1.000000
   218    8   21 1.000000
   218    8   22 1.000000
   218    8   23 0.479167
   218    8   24 1.000000
   218    8   25 1.000000
   218    8   26 1.000000
   218    8   27 1.000000
   218    9   10 1.000000
   218    9   11 1.000000
   218    9   12 1.000000
   218    9   13 1.000000
   218    9   14 1.000000
   218    9   15 1.000000
   218    9   16 1.000000
   218    9   17 1.000000
   218    9   18 1.000000
   218    9   19 1.000000
   218    9   20 1.000000
   218    9   21 1.000000
   218    9   22 1.000000
   218    9   23 0.479167
   218    9   24 1.000000
   218    9   25 1.000000
   218    9   26 1.000000
   218    9   27 1.000000
   218   10   11 1.000000
   218   10   12 1.000000
   218   10   13 1.000000
   218   10   14 1.000000
   218   10   15 1.000000
   218   10   16 1.000000
   218   10   17 1.000000
   218   10   18 1.000000
   218   10   19 1.000000
   218   10   20 1.000000
   218   10   21 1.000000
   218   10   22 1.000000
   218   10   23 0.479167
   218   10   24 1.000000
   218   10   25 1.000000
   218   10   26 1.000000
   218   10   27 1.000000
   218   11   12 1.000000
   218   11   13 1.000000
   218   11   14 1.000000
   218   11   15 1.000000
   218   11   16 1.000000
   218   11   17 1.000000
   218   11   18 1.000000
   218   11   19 1.000000
   218   11   20 1.000000
   218   11   21 1.000000
   218   11   22 1.000000
   218   11   23 0.479167
   218   11   24 1.000000
   218   11   25 1.000000
   218   11   26 1.000000
   218   11   27 1.000000
   218   12   13 1.000000
   218   12   14 1.000000
   218   12   15 1.000000
   218   12   16 1.000000
   218   12   17 1.000000
   218   12   18 1.000000
   218   12   19 1.000000
   218   12   20 1.000000
   218   12   21 1.000000
   218   12   22 1.000000
   218   12   23 0.479167
   218   12   24 1.000000
   218   12   25 1.000000
   218   12   26 1.000000
   218   12   27 1.000000
   218   13   14 1.000000
   218   13   15 1.000000
   218   13   16 1.000000
   218   13   17 1.000000
   218   13   18 1.000000
   218   13   19 1.000000
   218   13   20 1.000000
   218   13   21 1.000000
   218   13   22 1.000000
   218   13   23 0.479167
   218   13   24 1.000000
   218   13   25 1.000000
   218   13   26 1.000000
   218   13   27 1.000000
   218   14   15 1.000000
   218   14   16 1.000000
   218   14   17 1.000000
   218   14   18 1.000000
   218   14   19 1.000000
   218   14   20 1.000000
   218   14   21 1.000000
   218   14   22 1.000000
   218   14   23 0.479167
   218   14   24 1.000000
   218   14   25 1.000000
   218   14   26 1.000000
   218   14   27 1.000000
   218   15   16 1.000000
   218   15   17 1.000000
   218   15   18 1.000000
   218   15   19 1.000000
   218   15   20 1.000000
   218   15   21 1.000000
   218   15   22 1.000000
   218   15   23 0.479167
   218   15   24 1.000000
   218   15   25 1.000000
   218   15   26 1.000000
   218   15   27 1.000000
   218   16   17 1.000000
   218   16   18 1.000000
   218   16   19 1.000000
   218   16   20 1.000000
   218   16   21 1.000000
   218   16   22 1.000000
   218   16   23 0.479167
   218   16   24 1.000000
   218   16   25 1.000000
   218   16   26 1.000000
   218   16   27 1.000000
   218   17   18 1.000000
   218   17   19 1.000000
   218   17   20 1.000000
   218   17   21 1.000000
   218   17   22 1.000000
   218   17   23 0.479167
   218   17   24 1.000000
   218   17   25 1.000000
   218   17   26 1.000000
   218   17   27 1.000000
   218   18   19 1.000000
   218   18   20 1.000000
   218   18   21 1.000000
   218   18   22 1.000000
   218   18   23 0.479167
   218   18   24 1.000000
   218   18   25 1.000000
   218   18   26 1.000000
   218   18   27 1.000000
   218   19   20 1.000000
   218   19   21 1.000000
   218   19   22 1.000000
   218   19   23 0.479167
   218   19   24 1.000000
   218   19   25 1.000000
   218   19   26 1.000000
   218   19   27 1.000000
   218   20   21 1.000000
   218   20   22 1.000000
   218   20   23 0.479167
   218   20   24 1.000000
   218   20   25 1.000000
   218   20   26 1.000000
   218   20   27 1.000000
   218   21   22 1.000000
   218   21   23 0.479167
   218   21   24 1.000000
   218   21   25 1.000000
   218   21   26 1.000000
   218   21   27 1.000000
   218   22   23 0.479167
   218   22   24 1.000000
   218   22   25 1.000000
   218   22   26 1.000000
   218   22   27 1.000000
   218   23   24 0.479167
   218   23   25 0.479167
   218   23   26 0.479167
   218   23   27 0.479167
   218   24   25 1.000000
   218   24   26 1.000000
   218   24   27 1.000000
   218   25   26 1.000000
   218   25   27 1.000000
   218   26   27 1.000000
   219    1    2 1.000000
   219    1    3 1.000000
   219    1    4 1.000000
   219    1    5 1.000000
   219    1    6 1.000000
   219    1    7 1.000000
   219    1    8 1.000000
   219    1    9 1.000000
   219    1   10 1.000000
   219    1   11 1.000000
   219    1   12 1.000000
   219    1   13 1.000000
   219    1   14 1.000000
   219    1   15 1.000000
   219    1   16 1.000000
   219    1   17 1.000000
   219    1   18 1.000000
   219    1   19 1.000000
   219    1   20 1.000000
   219    1   21 1.000000
   219    1   22 1.000000
   219    1   23 0.958333
   219    1   24 1.000000
   219    1   25 1.000000
   219    1   26 1.000000
   219    1   27 1.000000
   219    2    3 1.000000
   219    2    4 1.000000
   219    2    5 1.000000
   219    2    6 1.000000
   219    2    7 1.000000
   219    2    8 1.000000
   219    2    9 1.000000
   219    2   10 1.000000
   219    2   11 1.000000
   219    2   12 1.000000
   219    2   13 1.000000
   219    2   14 1.000000
   219    2   15 1.000000
   219    2   16 1.000000
   219    2   17 1.000000
   219    2   18 1.000000
   219    2   19 1.000000
   219    2   20 1.000000
   219    2   21 1.000000
   219    2   22 1.000000
   219    2   23 0.958333
   219    2   24 1.000000
   219    2   25 1.000000
   219    2   26 1.000000
   219    2   27 1.000000
   219    3    4 1.000000
   219    3    5 1.000000
   219    3    6 1.000000
   219    3    7 1.000000
   219    3    8 1.000000
   219    3    9 1.000000
   219    3   10 1.000000
   219    3   11 1.000000
   219    3   12 1.000000
   219    3   13 1.000000
   219    3   14 1.000000
   219    3   15 1.000000
   219    3   16 1.000000
   219    3   17 1.000000
   219    3   18 1.000000
   219    3   19 1.000000
   219    3   20 1.000000
   219    3   21 1.000000
   219    3   22 1.000000
   219    3   23 0.958333
   219    3   24 1.000000
   219    3   25 1.000000
   219    3   26 1.000000
   219    3   27 1.000000
   219    4    5 1.000000
   219    4    6 1.000000
   219    4    7 1.000000
   219    4    8 1.000000
   219    4    9 1.000000
   219    4   10 1.000000
   219    4   11 1.000000
   219    4   12 1.000000
   219    4   13 1.000000
   219    4   14 1.000000
   219    4   15 1.000000
   219    4   16 1.000000
   219    4   17 1.000000
   219    4   18 1.000000
   219    4   19 1.000000
   219    4   20 1.000000
   219    4   21 1.000000
   219    4   22 1.000000
   219    4   23 0.958333
   219    4   24 1.000000
   219    4   25 1.000000
   219    4   26 1.000000
   219    4   27 1.000000
   219    5    6 1.000000
   219    5    7 1.000000
   219    5    8 1.000000
   219    5    9 1.000000
   219    5   10 1.000000
   219    5   11 1.000000
   219    5   12 1.000000
   219    5   13 1.000000
   219    5   14 1.000000
   219    5   15 1.000000
   219    5   16 1.000000
   219    5   17 1.000000
   219    5   18 1.000000
   219    5   19 1.000000
   219    5   20 1.000000
   219    5   21 1.000000
   219    5   22 1.000000
   219    5   23 0.958333
   219    5   24 1.000000
   219    5   25 1.000000
   219    5   26 1.000000
   219    5   27 1.000000
   219    6    7 1.000000
   219    6    8 1.000000
   219    6    9 1.000000
   219    6   10 1.000000
   219    6   11 1.000000
   219    6   12 1.000000
   219    6   13 1.000000
   219    6   14 1.000000
   219    6   15 1.000000
   219    6   16 1.000000
   219    6   17 1.000000
   219    6   18 1.000000
   219    6   19 1.000000
   219    6   20 1.000000
   219    6   21 1.000000
   219    6   22 1.000000
   219    6   23 0.958333
   219    6   24 1.000000
   219    6   25 1.000000
   219    6   26 1.000000
   219    6   27 1.000000
   219    7    8 1.000000
   219    7    9 1.000000
   219    7   10 1.000000
   219    7   11 1.000000
   219    7   12 1.000000
   219    7   13 1.000000
   219    7   14 1.000000
   219    7   15 1.000000
   219    7   16 1.000000
   219    7   17 1.000000
   219    7   18 1.000000
   219    7   19 1.000000
   219    7   20 1.000000
   219    7   21 1.000000
   219    7   22 1.000000
   219    7   23 0.958333
   219    7   24 1.000000
   219    7   25 1.000000
   219    7   26 1.000000
   219    7   27 1.000000
   219    8    9 1.000000
   219    8   10 1.000000
   219    8   11 1.000000
   219    8   12 1.000000
   219    8   13 1.000000
   219    8   14 1.000000
   219    8   15 1.000000
   219    8   16 1.000000
   219    8   17 1.000000
   219    8   18 1.000000
   219    8   19 1.000000
   219    8   20 1.000000
   219    8   21 1.000000
   219    8   22 1.000000
   219    8   23 0.958333
   219    8   24 1.000000
   219    8   25 1.000000
   219    8   26 1.000000
   219    8   27 1.000000
   219    9   10 1.000000
   219    9   11 1.000000
   219    9   12 1.000000
   219    9   13 1.000000
   219    9   14 1.000000
   219    9   15 1.000000
   219    9   16 1.000000
   219    9   17 1.000000
   219    9   18 1.000000
   219    9   19 1.000000
   219    9   20 1.000000
   219    9   21 1.000000
   219    9   22 1.000000
   219    9   23 0.958333
   219    9   24 1.000000
   219    9   25 1.000000
   219    9   26 1.000000
   219    9   27 1.000000
   219   10   11 1.000000
   219   10   12 1.000000
   219   10   13 1.000000
   219   10   14 1.000000
   219   10   15 1.000000
   219   10   16 1.000000
   219   10   17 1.000000
   219   10   18 1.000000
   219   10   19 1.000000
   219   10   20 1.000000
   219   10   21 1.000000
   219   10   22 1.000000
   219   10   23 0.958333
   219   10   24 1.000000
   219   10   25 1.000000
   219   10   26 1.000000
   219   10   27 1.000000
   219   11   12 1.000000
   219   11   13 1.000000
   219   11   14 1.000000
   219   11   15 1.000000
   219   11   16 1.000000
   219   11   17 1.000000
   219   11   18 1.000000
   219   11   19 1.000000
   219   11   20 1.000000
   219   11   21 1.000000
   219   11   22 1.000000
   219   11   23 0.958333
   219   11   24 1.000000
   219   11   25 1.000000
   219   11   26 1.000000
   219   11   27 1.000000
   219   12   13 1.000000
   219   12   14 1.000000
   219   12   15 1.000000
   219   12   16 1.000000
   219   12   17 1.000000
   219   12   18 1.000000
   219   12   19 1.000000
   219   12   20 1.000000
   219   12   21 1.000000
   219   12   22 1.000000
   219   12   23 0.958333
   219   12   24 1.000000
   219   12   25 1.000000
   219   12   26 1.000000
   219   12   27 1.000000
   219   13   14 1.000000
   219   13   15 1.000000
   219   13   16 1.000000
   219   13   17 1.000000
   219   13   18 1.000000
   219   13   19 1.000000
   219   13   20 1.000000
   219   13   21 1.000000
   219   13   22 1.000000
   219   13   23 0.958333
   219   13   24 1.000000
   219   13   25 1.000000
   219   13   26 1.000000
   219   13   27 1.000000
   219   14   15 1.000000
   219   14   16 1.000000
   219   14   17 1.000000
   219   14   18 1.000000
   219   14   19 1.000000
   219   14   20 1.000000
   219   14   21 1.000000
   219   14   22 1.000000
   219   14   23 0.958333
   219   14   24 1.000000
   219   14   25 1.000000
   219   14   26 1.000000
   219   14   27 1.000000
   219   15   16 1.000000
   219   15   17 1.000000
   219   15   18 1.000000
   219   15   19 1.000000
   219   15   20 1.000000
   219   15   21 1.000000
   219   15   22 1.000000
   219   15   23 0.958333
   219   15   24 1.000000
   219   15   25 1.000000
   219   15   26 1.000000
   219   15   27 1.000000
   219   16   17 1.000000
   219   16   18 1.000000
   219   16   19 1.000000
   219   16   20 1.000000
   219   16   21 1.000000
   219   16   22 1.000000
   219   16   23 0.958333
   219   16   24 1.000000
   219   16   25 1.000000
   219   16   26 1.000000
   219   16   27 1.000000
   219   17   18 1.000000
   219   17   19 1.000000
   219   17   20 1.000000
   219   17   21 1.000000
   219   17   22 1.000000
   219   17   23 0.958333
   219   17   24 1.000000
   219   17   25 1.000000
   219   17   26 1.000000
   219   17   27 1.000000
   219   18   19 1.000000
   219   18   20 1.000000
   219   18   21 1.000000
   219   18   22 1.000000
   219   18   23 0.958333
   219   18   24 1.000000
   219   18   25 1.000000
   219   18   26 1.000000
   219   18   27 1.000000
   219   19   20 1.000000
   219   19   21 1.000000
   219   19   22 1.000000
   219   19   23 0.958333
   219   19   24 1.000000
   219   19   25 1.000000
   219   19   26 1.000000
   219   19   27 1.000000
   219   20   21 1.000000
   219   20   22 1.000000
   219   20   23 0.958333
   219   20   24 1.000000
   219   20   25 1.000000
   219   20   26 1.000000
   219   20   27 1.000000
   219   21   22 1.000000
   219   21   23 0.958333
   219   21   24 1.000000
   219   21   25 1.000000
   219   21   26 1.000000
   219   21   27 1.000000
   219   22   23 0.958333
   219   22   24 1.000000
   219   22   25 1.000000
   219   22   26 1.000000
   219   22   27 1.000000
   219   23   24 0.958333
   219   23   25 0.958333
   219   23   26 0.958333
   219   23   27 0.958333
   219   24   25 1.000000
   219   24   26 1.000000
   219   24   27 1.000000
   219   25   26 1.000000
   219   25   27 1.000000
   219   26   27 1.000000
   220    1    2 1.000000
   220    1    3 1.000000
   220    1    4 1.000000
   220    1    5 1.000000
   220    1    6 1.000000
   220    1    7 1.000000
   220    1    8 1.000000
   220    1    9 1.000000
   220    1   10 1.000000
   220    1   11 1.000000
   220    1   12 1.000000
   220    1   13 1.000000
   220    1   14 1.000000
   220    1   15 1.000000
   220    1   16 1.000000
   220    1   17 1.000000
   220    1   18 1.000000
   220    1   19 1.000000
   220    1   20 1.000000
   220    1   21 1.000000
   220    1   22 1.000000
   220    1   23 1.000000
   220    1   24 1.000000
   220    1   25 1.000000
   220    1   26 1.000000
   220    1   27 1.000000
   220    2    3 1.000000
   220    2    4 1.000000
   220    2    5 1.000000
   220    2    6 1.000000
   220    2    7 1.000000
   220    2    8 1.000000
   220    2    9 1.000000
   220    2   10 1.000000
   220    2   11 1.000000
   220    2   12 1.000000
   220    2   13 1.000000
   220    2   14 1.000000
   220    2   15 1.000000
   220    2   16 1.000000
   220    2   17 1.000000
   220    2   18 1.000000
   220    2   19 1.000000
   220    2   20 1.000000
   220    2   21 1.000000
   220    2   22 1.000000
   220    2   23 1.000000
   220    2   24 1.000000
   220    2   25 1.000000
   220    2   26 1.000000
   220    2   27 1.000000
   220    3    4 1.000000
   220    3    5 1.000000
   220    3    6 1.000000
   220    3    7 1.000000
   220    3    8 1.000000
   220    3    9 1.000000
   220    3   10 1.000000
   220    3   11 1.000000
   220    3   12 1.000000
   220    3   13 1.000000
   220    3   14 1.000000
   220    3   15 1.000000
   220    3   16 1.000000
   220    3   17 1.000000
   220    3   18 1.000000
   220    3   19 1.000000
   220    3   20 1.000000
   220    3   21 1.000000
   220    3   22 1.000000
   220    3   23 1.000000
   220    3   24 1.000000
   220    3   25 1.000000
   220    3   26 1.000000
   220    3   27 1.000000
   220    4    5 1.000000
   220    4    6 1.000000
   220    4    7 1.000000
   220    4    8 1.000000
   220    4    9 1.000000
   220    4   10 1.000000
   220    4   11 1.000000
   220    4   12 1.000000
   220    4   13 1.000000
   220    4   14 1.000000
   220    4   15 1.000000
   220    4   16 1.000000
   220    4   17 1.000000
   220    4   18 1.000000
   220    4   19 1.000000
   220    4   20 1.000000
   220    4   21 1.000000
   220    4   22 1.000000
   220    4   23 1.000000
   220    4   24 1.000000
   220    4   25 1.000000
   220    4   26 1.000000
   220    4   27 1.000000
   220    5    6 1.000000
   220    5    7 1.000000
   220    5    8 1.000000
   220    5    9 1.000000
   220    5   10 1.000000
   220    5   11 1.000000
   220    5   12 1.000000
   220    5   13 1.000000
   220    5   14 1.000000
   220    5   15 1.000000
   220    5   16 1.000000
   220    5   17 1.000000
   220    5   18 1.000000
   220    5   19 1.000000
   220    5   20 1.000000
   220    5   21 1.000000
   220    5   22 1.000000
   220    5   23 1.000000
   220    5   24 1.000000
   220    5   25 1.000000
   220    5   26 1.000000
   220    5   27 1.000000
   220    6    7 1.000000
   220    6    8 1.000000
   220    6    9 1.000000
   220    6   10 1.000000
   220    6   11 1.000000
   220    6   12 1.000000
   220    6   13 1.000000
   220    6   14 1.000000
   220    6   15 1.000000
   220    6   16 1.000000
   220    6   17 1.000000
   220    6   18 1.000000
   220    6   19 1.000000
   220    6   20 1.000000
   220    6   21 1.000000
   220    6   22 1.000000
   220    6   23 1.000000
   220    6   24 1.000000
   220    6   25 1.000000
   220    6   26 1.000000
   220    6   27 1.000000
   220    7    8 1.000000
   220    7    9 1.000000
   220    7   10 1.000000
   220    7   11 1.000000
   220    7   12 1.000000
   220    7   13 1.000000
   220    7   14 1.000000
   220    7   15 1.000000
   220    7   16 1.000000
   220    7   17 1.000000
   220    7   18 1.000000
   220    7   19 1.000000
   220    7   20 1.000000
   220    7   21 1.000000
   220    7   22 1.000000
   220    7   23 1.000000
   220    7   24 1.000000
   220    7   25 1.000000
   220    7   26 1.000000
   220    7   27 1.000000
   220    8    9 1.000000
   220    8   10 1.000000
   220    8   11 1.000000
   220    8   12 1.000000
   220    8   13 1.000000
   220    8   14 1.000000
   220    8   15 1.000000
   220    8   16 1.000000
   220    8   17 1.000000
   220    8   18 1.000000
   220    8   19 1.000000
   220    8   20 1.000000
   220    8   21 1.000000
   220    8   22 1.000000
   220    8   23 1.000000
   220    8   24 1.000000
   220    8   25 1.000000
   220    8   26 1.000000
   220    8   27 1.000000
   220    9   10 1.000000
   220    9   11 1.000000
   220    9   12 1.000000
   220    9   13 1.000000
   220    9   14 1.000000
   220    9   15 1.000000
   220    9   16 1.000000
   220    9   17 1.000000
   220    9   18 1.000000
   220    9   19 1.000000
   220    9   20 1.000000
   220    9   21 1.000000
   220    9   22 1.000000
   220    9   23 1.000000
   220    9   24 1.000000
   220    9   25 1.000000
   220    9   26 1.000000
   220    9   27 1.000000
   220   10   11 1.000000
   220   10   12 1.000000
   220   10   13 1.000000
   220   10   14 1.000000
   220   10   15 1.000000
   220   10   16 1.000000
   220   10   17 1.000000
   220   10   18 1.000000
   220   10   19 1.000000
   220   10   20 1.000000
   220   10   21 1.000000
   220   10   22 1.000000
   220   10   23 1.000000
   220   10   24 1.000000
   220   10   25 1.000000
   220   10   26 1.000000
   220   10   27 1.000000
   220   11   12 1.000000
   220   11   13 1.000000
   220   11   14 1.000000
   220   11   15 1.000000
   220   11   16 1.000000
   220   11   17 1.000000
   220   11   18 1.000000
   220   11   19 1.000000
   220   11   20 1.000000
   220   11   21 1.000000
   220   11   22 1.000000
   220   11   23 1.000000
   220   11   24 1.000000
   220   11   25 1.000000
   220   11   26 1.000000
   220   11   27 1.000000
   220   12   13 1.000000
   220   12   14 1.000000
   220   12   15 1.000000
   220   12   16 1.000000
   220   12   17 1.000000
   220   12   18 1.000000
   220   12   19 1.000000
   220   12   20 1.000000
   220   12   21 1.000000
   220   12   22 1.000000
   220   12   23 1.000000
   220   12   24 1.000000
   220   12   25 1.000000
   220   12   26 1.000000
   220   12   27 1.000000
   220   13   14 1.000000
   220   13   15 1.000000
   220   13   16 1.000000
   220   13   17 1.000000
   220   13   18 1.000000
   220   13   19 1.000000
   220   13   20 1.000000
   220   13   21 1.000000
   220   13   22 1.000000
   220   13   23 1.000000
   220   13   24 1.000000
   220   13   25 1.000000
   220   13   26 1.000000
   220   13   27 1.000000
   220   14   15 1.000000
   220   14   16 1.000000
   220   14   17 1.000000
   220   14   18 1.000000
   220   14   19 1.000000
   220   14   20 1.000000
   220   14   21 1.000000
   220   14   22 1.000000
   220   14   23 1.000000
   220   14   24 1.000000
   220   14   25 1.000000
   220   14   26 1.000000
   220   14   27 1.000000
   220   15   16 1.000000
   220   15   17 1.000000
   220   15   18 1.000000
   220   15   19 1.000000
   220   15   20 1.000000
   220   15   21 1.000000
   220   15   22 1.000000
   220   15   23 1.000000
   220   15   24 1.000000
   220   15   25 1.000000
   220   15   26 1.000000
   220   15   27 1.000000
   220   16   17 1.000000
   220   16   18 1.000000
   220   16   19 1.000000
   220   16   20 1.000000
   220   16   21 1.000000
   220   16   22 1.000000
   220   16   23 1.000000
   220   16   24 1.000000
   220   16   25 1.000000
   220   16   26 1.000000
   220   16   27 1.000000
   220   17   18 1.000000
   220   17   19 1.000000
   220   17   20 1.000000
   220   17   21 1.000000
   220   17   22 1.000000
   220   17   23 1.000000
   220   17   24 1.000000
   220   17   25 1.000000
   220   17   26 1.000000
   220   17   27 1.000000
   220   18   19 1.000000
   220   18   20 1.000000
   220   18   21 1.000000
   220   18   22 1.000000
   220   18   23 1.000000
   220   18   24 1.000000
   220   18   25 1.000000
   220   18   26 1.000000
   220   18   27 1.000000
   220   19   20 1.000000
   220   19   21 1.000000
   220   19   22 1.000000
   220   19   23 1.000000
   220   19   24 1.000000
   220   19   25 1.000000
   220   19   26 1.000000
   220   19   27 1.000000
   220   20   21 1.000000
   220   20   22 1.000000
   220   20   23 1.000000
   220   20   24 1.000000
   220   20   25 1.000000
   220   20   26 1.000000
   220   20   27 1.000000
   220   21   22 1.000000
   220   21   23 1.000000
   220   21   24 1.000000
   220   21   25 1.000000
   220   21   26 1.000000
   220   21   27 1.000000
   220   22   23 1.000000
   220   22   24 1.000000
   220   22   25 1.000000
   220   22   26 1.000000
   220   22   27 1.000000
   220   23   24 1.000000
   220   23   25 1.000000
   220   23   26 1.000000
   220   23   27 1.000000
   220   24   25 1.000000
   220   24   26 1.000000
   220   24   27 1.000000
   220   25   26 1.000000
   220   25   27 1.000000
   220   26   27 1.000000
   221    1    2 1.000000
   221    1    3 1.000000
   221    1    4 1.000000
   221    1    5 1.000000
   221    1    6 1.000000
   221    1    7 1.000000
   221    1    8 1.000000
   221    1    9 1.000000
   221    1   10 1.000000
   221    1   11 1.000000
   221    1   12 1.000000
   221    1   13 1.000000
   221    1   14 1.000000
   221    1   15 1.000000
   221    1   16 1.000000
   221    1   17 1.000000
   221    1   18 1.000000
   221    1   19 1.000000
   221    1   20 1.000000
   221    1   21 1.000000
   221    1   22 1.000000
   221    1   23 1.000000
   221    1   24 1.000000
   221    1   25 1.000000
   221    1   26 1.000000
   221    1   27 1.000000
   221    2    3 1.000000
   221    2    4 1.000000
   221    2    5 1.000000
   221    2    6 1.000000
   221    2    7 1.000000
   221    2    8 1.000000
   221    2    9 1.000000
   221    2   10 1.000000
   221    2   11 1.000000
   221    2   12 1.000000
   221    2   13 1.000000
   221    2   14 1.000000
   221    2   15 1.000000
   221    2   16 1.000000
   221    2   17 1.000000
   221    2   18 1.000000
   221    2   19 1.000000
   221    2   20 1.000000
   221    2   21 1.000000
   221    2   22 1.000000
   221    2   23 1.000000
   221    2   24 1.000000
   221    2   25 1.000000
   221    2   26 1.000000
   221    2   27 1.000000
   221    3    4 1.000000
   221    3    5 1.000000
   221    3    6 1.000000
   221    3    7 1.000000
   221    3    8 1.000000
   221    3    9 1.000000
   221    3   10 1.000000
   221    3   11 1.000000
   221    3   12 1.000000
   221    3   13 1.000000
   221    3   14 1.000000
   221    3   15 1.000000
   221    3   16 1.000000
   221    3   17 1.000000
   221    3   18 1.000000
   221    3   19 1.000000
   221    3   20 1.000000
   221    3   21 1.000000
   221    3   22 1.000000
   221    3   23 1.000000
   221    3   24 1.000000
   221    3   25 1.000000
   221    3   26 1.000000
   221    3   27 1.000000
   221    4    5 1.000000
   221    4    6 1.000000
   221    4    7 1.000000
   221    4    8 1.000000
   221    4    9 1.000000
   221    4   10 1.000000
   221    4   11 1.000000
   221    4   12 1.000000
   221    4   13 1.000000
   221    4   14 1.000000
   221    4   15 1.000000
   221    4   16 1.000000
   221    4   17 1.000000
   221    4   18 1.000000
   221    4   19 1.000000
   221    4   20 1.000000
   221    4   21 1.000000
   221    4   22 1.000000
   221    4   23 1.000000
   221    4   24 1.000000
   221    4   25 1.000000
   221    4   26 1.000000
   221    4   27 1.000000
   221    5    6 1.000000
   221    5    7 1.000000
   221    5    8 1.000000
   221    5    9 1.000000
   221    5   10 1.000000
   221    5   11 1.000000
   221    5   12 1.000000
   221    5   13 1.000000
   221    5   14 1.000000
   221    5   15 1.000000
   221    5   16 1.000000
   221    5   17 1.000000
   221    5   18 1.000000
   221    5   19 1.000000
   221    5   20 1.000000
   221    5   21 1.000000
   221    5   22 1.000000
   221    5   23 1.000000
   221    5   24 1.000000
   221    5   25 1.000000
   221    5   26 1.000000
   221    5   27 1.000000
   221    6    7 1.000000
   221    6    8 1.000000
   221    6    9 1.000000
   221    6   10 1.000000
   221    6   11 1.000000
   221    6   12 1.000000
   221    6   13 1.000000
   221    6   14 1.000000
   221    6   15 1.000000
   221    6   16 1.000000
   221    6   17 1.000000
   221    6   18 1.000000
   221    6   19 1.000000
   221    6   20 1.000000
   221    6   21 1.000000
   221    6   22 1.000000
   221    6   23 1.000000
   221    6   24 1.000000
   221    6   25 1.000000
   221    6   26 1.000000
   221    6   27 1.000000
   221    7    8 1.000000
   221    7    9 1.000000
   221    7   10 1.000000
   221    7   11 1.000000
   221    7   12 1.000000
   221    7   13 1.000000
   221    7   14 1.000000
   221    7   15 1.000000
   221    7   16 1.000000
   221    7   17 1.000000
   221    7   18 1.000000
   221    7   19 1.000000
   221    7   20 1.000000
   221    7   21 1.000000
   221    7   22 1.000000
   221    7   23 1.000000
   221    7   24 1.000000
   221    7   25 1.000000
   221    7   26 1.000000
   221    7   27 1.000000
   221    8    9 1.000000
   221    8   10 1.000000
   221    8   11 1.000000
   221    8   12 1.000000
   221    8   13 1.000000
   221    8   14 1.000000
   221    8   15 1.000000
   221    8   16 1.000000
   221    8   17 1.000000
   221    8   18 1.000000
   221    8   19 1.000000
   221    8   20 1.000000
   221    8   21 1.000000
   221    8   22 1.000000
   221    8   23 1.000000
   221    8   24 1.000000
   221    8   25 1.000000
   221    8   26 1.000000
   221    8   27 1.000000
   221    9   10 1.000000
   221    9   11 1.000000
   221    9   12 1.000000
   221    9   13 1.000000
   221    9   14 1.000000
   221    9   15 1.000000
   221    9   16 1.000000
   221    9   17 1.000000
   221    9   18 1.000000
   221    9   19 1.000000
   221    9   20 1.000000
   221    9   21 1.000000
   221    9   22 1.000000
   221    9   23 1.000000
   221    9   24 1.000000
   221    9   25 1.000000
   221    9   26 1.000000
   221    9   27 1.000000
   221   10   11 1.000000
   221   10   12 1.000000
   221   10   13 1.000000
   221   10   14 1.000000
   221   10   15 1.000000
   221   10   16 1.000000
   221   10   17 1.000000
   221   10   18 1.000000
   221   10   19 1.000000
   221   10   20 1.000000
   221   10   21 1.000000
   221   10   22 1.000000
   221   10   23 1.000000
   221   10   24 1.000000
   221   10   25 1.000000
   221   10   26 1.000000
   221   10   27 1.000000
   221   11   12 1.000000
   221   11   13 1.000000
   221   11   14 1.000000
   221   11   15 1.000000
   221   11   16 1.000000
   221   11   17 1.000000
   221   11   18 1.000000
   221   11   19 1.000000
   221   11   20 1.000000
   221   11   21 1.000000
   221   11   22 1.000000
   221   11   23 1.000000
   221   11   24 1.000000
   221   11   25 1.000000
   221   11   26 1.000000
   221   11   27 1.000000
   221   12   13 1.000000
   221   12   14 1.000000
   221   12   15 1.000000
   221   12   16 1.000000
   221   12   17 1.000000
   221   12   18 1.000000
   221   12   19 1.000000
   221   12   20 1.000000
   221   12   21 1.000000
   221   12   22 1.000000
   221   12   23 1.000000
   221   12   24 1.000000
   221   12   25 1.000000
   221   12   26 1.000000
   221   12   27 1.000000
   221   13   14 1.000000
   221   13   15 1.000000
   221   13   16 1.000000
   221   13   17 1.000000
   221   13   18 1.000000
   221   13   19 1.000000
   221   13   20 1.000000
   221   13   21 1.000000
   221   13   22 1.000000
   221   13   23 1.000000
   221   13   24 1.000000
   221   13   25 1.000000
   221   13   26 1.000000
   221   13   27 1.000000
   221   14   15 1.000000
   221   14   16 1.000000
   221   14   17 1.000000
   221   14   18 1.000000
   221   14   19 1.000000
   221   14   20 1.000000
   221   14   21 1.000000
   221   14   22 1.000000
   221   14   23 1.000000
   221   14   24 1.000000
   221   14   25 1.000000
   221   14   26 1.000000
   221   14   27 1.000000
   221   15   16 1.000000
   221   15   17 1.000000
   221   15   18 1.000000
   221   15   19 1.000000
   221   15   20 1.000000
   221   15   21 1.000000
   221   15   22 1.000000
   221   15   23 1.000000
   221   15   24 1.000000
   221   15   25 1.000000
   221   15   26 1.000000
   221   15   27 1.000000
   221   16   17 1.000000
   221   16   18 1.000000
   221   16   19 1.000000
   221   16   20 1.000000
   221   16   21 1.000000
   221   16   22 1.000000
   221   16   23 1.000000
   221   16   24 1.000000
   221   16   25 1.000000
   221   16   26 1.000000
   221   16   27 1.000000
   221   17   18 1.000000
   221   17   19 1.000000
   221   17   20 1.000000
   221   17   21 1.000000
   221   17   22 1.000000
   221   17   23 1.000000
   221   17   24 1.000000
   221   17   25 1.000000
   221   17   26 1.000000
   221   17   27 1.000000
   221   18   19 1.000000
   221   18   20 1.000000
   221   18   21 1.000000
   221   18   22 1.000000
   221   18   23 1.000000
   221   18   24 1.000000
   221   18   25 1.000000
   221   18   26 1.000000
   221   18   27 1.000000
   221   19   20 1.000000
   221   19   21 1.000000
   221   19   22 1.000000
   221   19   23 1.000000
   221   19   24 1.000000
   221   19   25 1.000000
   221   19   26 1.000000
   221   19   27 1.000000
   221   20   21 1.000000
   221   20   22 1.000000
   221   20   23 1.000000
   221   20   24 1.000000
   221   20   25 1.000000
   221   20   26 1.000000
   221   20   27 1.000000
   221   21   22 1.000000
   221   21   23 1.000000
   221   21   24 1.000000
   221   21   25 1.000000
   221   21   26 1.000000
   221   21   27 1.000000
   221   22   23 1.000000
   221   22   24 1.000000
   221   22   25 1.000000
   221   22   26 1.000000
   221   22   27 1.000000
   221   23   24 1.000000
   221   23   25 1.000000
   221   23   26 1.000000
   221   23   27 1.000000
   221   24   25 1.000000
   221   24   26 1.000000
   221   24   27 1.000000
   221   25   26 1.000000
   221   25   27 1.000000
   221   26   27 1.000000
   222    2    7 1.000000
   222    2   10 0.604167
   222    2   15 0.479167
   222    2   16 0.520833
   222    2   17 0.458333
   222    2   25 0.166667
   222    2   26 0.604167
   222    7   10 0.604167
   222    7   15 0.479167
   222    7   16 0.520833
   222    7   17 0.458333
   222    7   25 0.166667
   222    7   26 0.604167
   222   10   15 0.770833
   222   10   16 0.770833
   222   10   17 0.770833
   222   10   25 0.166667
   222   10   26 1.000000
   222   15   16 0.958333
   222   15   17 0.937500
   222   15   25 0.166667
   222   15   26 0.770833
   222   16   17 0.937500
   222   16   25 0.166667
   222   16   26 0.770833
   222   17   25 0.229167
   222   17   26 0.770833
   222   25   26 0.166667
   223    2    7 1.000000
   223    2   17 0.354167
   223    2   26 0.604167
   223    7   17 0.354167
   223    7   26 0.604167
   223   17   26 0.437500
   230    1    2 0.312500
   230    1    3 0.979167
   230    1    4 0.979167
   230    1    5 0.979167
   230    1    6 0.729167
   230    1    7 0.312500
   230    1    8 0.312500
   230    1    9 0.979167
   230    1   11 0.645833
   230    1   12 0.645833
   230    1   13 0.250000
   230    1   14 0.687500
   230    1   15 0.625000
   230    1   16 0.625000
   230    1   17 0.625000
   230    1   18 0.729167
   230    1   20 0.729167
   230    1   25 0.312500
   230    1   26 0.562500
   230    2    3 0.312500
   230    2    4 0.312500
   230    2    5 0.312500
   230    2    6 0.312500
   230    2    7 1.000000
   230    2    8 0.250000
   230    2    9 0.312500
   230    2   11 0.479167
   230    2   12 0.479167
   230    2   13 0.250000
   230    2   14 0.416667
   230    2   15 0.479167
   230    2   16 0.437500
   230    2   17 0.437500
   230    2   18 0.312500
   230    2   20 0.312500
   230    2   25 0.166667
   230    2   26 0.604167
   230    3    4 1.000000
   230    3    5 1.000000
   230    3    6 0.750000
   230    3    7 0.312500
   230    3    8 0.333333
   230    3    9 1.000000
   230    3   11 0.645833
   230    3   12 0.645833
   230    3   13 0.250000
   230    3   14 0.687500
   230    3   15 0.625000
   230    3   16 0.625000
   230    3   17 0.625000
   230    3   18 0.750000
   230    3   20 0.750000
   230    3   25 0.312500
   230    3   26 0.562500
   230    4    5 1.000000
   230    4    6 0.750000
   230    4    7 0.312500
   230    4    8 0.333333
   230    4    9 1.000000
   230    4   11 0.645833
   230    4   12 0.645833
   230    4   13 0.250000
   230    4   14 0.687500
   230    4   15 0.625000
   230    4   16 0.625000
   230    4   17 0.625000
   230    4   18 0.750000
   230    4   20 0.750000
   230    4   25 0.312500
   230    4   26 0.562500
   230    5    6 0.750000
   230    5    7 0.312500
   230    5    8 0.333333
   230    5    9 1.000000
   230    5   11 0.645833
   230    5   12 0.645833
   230    5   13 0.250000
   230    5   14 0.687500
   230    5   15 0.625000
   230    5   16 0.625000
   230    5   17 0.625000
   230    5   18 0.750000
   230    5   20 0.750000
   230    5   25 0.312500
   230    5   26 0.562500
   230    6    7 0.312500
   230    6    8 0.520833
   230    6    9 0.750000
   230    6   11 0.520833
   230    6   12 0.520833
   230    6   13 0.250000
   230    6   14 0.562500
   230    6   15 0.500000
   230    6   16 0.500000
   230    6   17 0.500000
   230    6   18 0.958333
   230    6   20 0.958333
   230    6   25 0.166667
   230    6   26 0.416667
   230    7    8 0.250000
   230    7    9 0.312500
   230    7   11 0.479167
   230    7   12 0.479167
   230    7   13 0.250000
   230    7   14 0.416667
   230    7   15 0.479167
   230    7   16 0.437500
   230    7   17 0.437500
   230    7   18 0.312500
   230    7   20 0.312500
   230    7   25 0.166667
   230    7   26 0.604167
   230    8    9 0.333333
   230    8   11 0.250000
   230    8   12 0.250000
   230    8   13 0.250000
   230    8   14 0.250000
   230    8   15 0.250000
   230    8   16 0.250000
   230    8   17 0.250000
   230    8   18 0.479167
   230    8   20 0.479167
   230    8   25 0.166667
   230    8   26 0.250000
   230    9   11 0.645833
   230    9   12 0.645833
   230    9   13 0.250000
   230    9   14 0.687500
   230    9   15 0.625000
   230    9   16 0.625000
   230    9   17 0.625000
   230    9   18 0.750000
   230    9   20 0.750000
   230    9   25 0.312500
   230    9   26 0.562500
   230   11   12 1.000000
   230   11   13 0.250000
   230   11   14 0.875000
   230   11   15 0.979167
   230   11   16 0.937500
   230   11   17 0.875000
   230   11   18 0.520833
   230   11   20 0.520833
   230   11   25 0.187500
   230   11   26 0.437500
   230   12   13 0.250000
   230   12   14 0.875000
   230   12   15 0.979167
   230   12   16 0.937500
   230   12   17 0.875000
   230   12   18 0.520833
   230   12   20 0.520833
   230   12   25 0.187500
   230   12   26 0.437500
   230   13   14 0.250000
   230   13   15 0.250000
   230   13   16 0.250000
   230   13   17 0.250000
   230   13   18 0.250000
   230   13   20 0.250000
   230   13   25 0.541667
   230   13   26 0.250000
   230   14   15 0.854167
   230   14   16 0.854167
   230   14   17 0.854167
   230   14   18 0.562500
   230   14   20 0.562500
   230   14   25 0.187500
   230   14   26 0.437500
   230   15   16 0.958333
   230   15   17 0.875000
   230   15   18 0.500000
   230   15   20 0.500000
   230   15   25 0.187500
   230   15   26 0.437500
   230   16   17 0.875000
   230   16   18 0.500000
   230   16   20 0.500000
   230   16   25 0.187500
   230   16   26 0.437500
   230   17   18 0.500000
   230   17   20 0.500000
   230   17   25 0.187500
   230   17   26 0.437500
   230   18   20 1.000000
   230   18   25 0.166667
   230   18   26 0.416667
   230   20   25 0.166667
   230   20   26 0.416667
   230   25   26 0.458333
   231    1    2 0.312500
   231    1    3 0.979167
   231    1    4 0.979167
   231    1    5 0.958333
   231    1    6 0.645833
   231    1    7 0.312500
   231    1    8 0.354167
   231    1    9 0.937500
   231    1   10 0.562500
   231    1   11 0.645833
   231    1   12 0.645833
   231    1   13 0.250000
   231    1   14 0.687500
   231    1   15 0.625000
   231    1   16 0.625000
   231    1   17 0.625000
   231    1   18 0.645833
   231    1   19 0.604167
   231    1   20 0.645833
   231    1   21 0.166667
   231    1   22 0.166667
   231    1   24 0.166667
   231    1   25 0.312500
   231    1   26 0.562500
   231    2    3 0.312500
   231    2    4 0.312500
   231    2    5 0.312500
   231    2    6 0.312500
   231    2    7 1.000000
   231    2    8 0.250000
   231    2    9 0.312500
   231    2   10 0.604167
   231    2   11 0.479167
   231    2   12 0.479167
   231    2   13 0.250000
   231    2   14 0.416667
   231    2   15 0.479167
   231    2   16 0.437500
   231    2   17 0.437500
   231    2   18 0.312500
   231    2   19 0.395833
   231    2   20 0.312500
   231    2   21 0.031250
   231    2   22 0.031250
   231    2   24 0.031250
   231    2   25 0.166667
   231    2   26 0.604167
   231    3    4 1.000000
   231    3    5 0.979167
   231    3    6 0.666667
   231    3    7 0.312500
   231    3    8 0.375000
   231    3    9 0.958333
   231    3   10 0.562500
   231    3   11 0.645833
   231    3   12 0.645833
   231    3   13 0.250000
   231    3   14 0.687500
   231    3   15 0.625000
   231    3   16 0.625000
   231    3   17 0.625000
   231    3   18 0.666667
   231    3   19 0.604167
   231    3   20 0.666667
   231    3   21 0.166667
   231    3   22 0.166667
   231    3   24 0.166667
   231    3   25 0.312500
   231    3   26 0.562500
   231    4    5 0.979167
   231    4    6 0.666667
   231    4    7 0.312500
   231    4    8 0.375000
   231    4    9 0.958333
   231    4   10 0.562500
   231    4   11 0.645833
   231    4   12 0.645833
   231    4   13 0.250000
   231    4   14 0.687500
   231    4   15 0.625000
   231    4   16 0.625000
   231    4   17 0.625000
   231    4   18 0.666667
   231    4   19 0.604167
   231    4   20 0.666667
   231    4   21 0.166667
   231    4   22 0.166667
   231    4   24 0.166667
   231    4   25 0.312500
   231    4   26 0.562500
   231    5    6 0.666667
   231    5    7 0.312500
   231    5    8 0.395833
   231    5    9 0.937500
   231    5   10 0.562500
   231    5   11 0.645833
   231    5   12 0.645833
   231    5   13 0.250000
   231    5   14 0.687500
   231    5   15 0.625000
   231    5   16 0.625000
   231    5   17 0.625000
   231    5   18 0.666667
   231    5   19 0.604167
   231    5   20 0.666667
   231    5   21 0.166667
   231    5   22 0.166667
   231    5   24 0.166667
   231    5   25 0.312500
   231    5   26 0.562500
   231    6    7 0.312500
   231    6    8 0.520833
   231    6    9 0.666667
   231    6   10 0.416667
   231    6   11 0.520833
   231    6   12 0.520833
   231    6   13 0.250000
   231    6   14 0.562500
   231    6   15 0.500000
   231    6   16 0.500000
   231    6   17 0.500000
   231    6   18 0.958333
   231    6   19 0.479167
   231    6   20 0.958333
   231    6   21 0.104167
   231    6   22 0.104167
   231    6   24 0.104167
   231    6   25 0.166667
   231    6   26 0.416667
   231    7    8 0.250000
   231    7    9 0.312500
   231    7   10 0.604167
   231    7   11 0.479167
   231    7   12 0.479167
   231    7   13 0.250000
   231    7   14 0.416667
   231    7   15 0.479167
   231    7   16 0.437500
   231    7   17 0.437500
   231    7   18 0.312500
   231    7   19 0.395833
   231    7   20 0.312500
   231    7   21 0.031250
   231    7   22 0.031250
   231    7   24 0.031250
   231    7   25 0.166667
   231    7   26 0.604167
   231    8    9 0.333333
   231    8   10 0.250000
   231    8   11 0.250000
   231    8   12 0.250000
   231    8   13 0.250000
   231    8   14 0.250000
   231    8   15 0.250000
   231    8   16 0.250000
   231    8   17 0.250000
   231    8   18 0.479167
   231    8   19 0.250000
   231    8   20 0.479167
   231    8   21 0.010417
   231    8   22 0.010417
   231    8   24 0.010417
   231    8   25 0.166667
   231    8   26 0.250000
   231    9   10 0.562500
   231    9   11 0.645833
   231    9   12 0.645833
   231    9   13 0.250000
   231    9   14 0.687500
   231    9   15 0.625000
   231    9   16 0.625000
   231    9   17 0.625000
   231    9   18 0.666667
   231    9   19 0.604167
   231    9   20 0.666667
   231    9   21 0.166667
   231    9   22 0.166667
   231    9   24 0.166667
   231    9   25 0.312500
   231    9   26 0.562500
   231   10   11 0.437500
   231   10   12 0.437500
   231   10   13 0.250000
   231   10   14 0.437500
   231   10   15 0.437500
   231   10   16 0.437500
   231   10   17 0.437500
   231   10   18 0.416667
   231   10   19 0.437500
   231   10   20 0.416667
   231   10   21 0.093750
   231   10   22 0.093750
   231   10   24 0.093750
   231   10   25 0.458333
   231   10   26 1.000000
   231   11   12 1.000000
   231   11   13 0.250000
   231   11   14 0.875000
   231   11   15 0.979167
   231   11   16 0.937500
   231   11   17 0.875000
   231   11   18 0.520833
   231   11   19 0.791667
   231   11   20 0.520833
   231   11   21 0.166667
   231   11   22 0.166667
   231   11   24 0.166667
   231   11   25 0.187500
   231   11   26 0.437500
   231   12   13 0.250000
   231   12   14 0.875000
   231   12   15 0.979167
   231   12   16 0.937500
   231   12   17 0.875000
   231   12   18 0.520833
   231   12   19 0.791667
   231   12   20 0.520833
   231   12   21 0.166667
   231   12   22 0.166667
   231   12   24 0.166667
   231   12   25 0.187500
   231   12   26 0.437500
   231   13   14 0.250000
   231   13   15 0.250000
   231   13   16 0.250000
   231   13   17 0.250000
   231   13   18 0.250000
   231   13   19 0.250000
   231   13   20 0.250000
   231   13   21 0.010417
   231   13   22 0.010417
   231   13   24 0.010417
   231   13   25 0.541667
   231   13   26 0.250000
   231   14   15 0.854167
   231   14   16 0.854167
   231   14   17 0.854167
   231   14   18 0.562500
   231   14   19 0.791667
   231   14   20 0.562500
   231   14   21 0.166667
   231   14   22 0.166667
   231   14   24 0.166667
   231   14   25 0.187500
   231   14   26 0.437500
   231   15   16 0.958333
   231   15   17 0.875000
   231   15   18 0.500000
   231   15   19 0.791667
   231   15   20 0.500000
   231   15   21 0.166667
   231   15   22 0.166667
   231   15   24 0.166667
   231   15   25 0.187500
   231   15   26 0.437500
   231   16   17 0.875000
   231   16   18 0.500000
   231   16   19 0.791667
   231   16   20 0.500000
   231   16   21 0.166667
   231   16   22 0.166667
   231   16   24 0.166667
   231   16   25 0.187500
   231   16   26 0.437500
   231   17   18 0.500000
   231   17   19 0.791667
   231   17   20 0.500000
   231   17   21 0.166667
   231   17   22 0.166667
   231   17   24 0.166667
   231   17   25 0.187500
   231   17   26 0.437500
   231   18   19 0.479167
   231   18   20 1.000000
   231   18   21 0.104167
   231   18   22 0.104167
   231   18   24 0.104167
   231   18   25 0.166667
   231   18   26 0.416667
   231   19   20 0.479167
   231   19   21 0.375000
   231   19   22 0.375000
   231   19   24 0.375000
   231   19   25 0.187500
   231   19   26 0.437500
   231   20   21 0.104167
   231   20   22 0.104167
   231   20   24 0.104167
   231   20   25 0.166667
   231   20   26 0.416667
   231   21   22 0.916667
   231   21   24 1.000000
   231   21   25 0.010417
   231   21   26 0.093750
   231   22   24 0.916667
   231   22   25 0.010417
   231   22   26 0.093750
   231   24   25 0.010417
   231   24   26 0.093750
   231   25   26 0.458333
   232    1    2 0.312500
   232    1    3 0.979167
   232    1    4 0.979167
   232    1    5 0.958333
   232    1    6 0.645833
   232    1    7 0.312500
   232    1    8 0.354167
   232    1    9 0.937500
   232    1   10 0.562500
   232    1   11 0.645833
   232    1   12 0.645833
   232    1   13 0.250000
   232    1   14 0.687500
   232    1   15 0.625000
   232    1   16 0.625000
   232    1   17 0.625000
   232    1   18 0.645833
   232    1   19 0.604167
   232    1   20 0.645833
   232    1   21 0.208333
   232    1   22 0.208333
   232    1   24 0.208333
   232    1   25 0.312500
   232    1   26 0.562500
   232    2    3 0.312500
   232    2    4 0.312500
   232    2    5 0.312500
   232    2    6 0.312500
   232    2    7 1.000000
   232    2    8 0.250000
   232    2    9 0.312500
   232    2   10 0.604167
   232    2   11 0.479167
   232    2   12 0.479167
   232    2   13 0.250000
   232    2   14 0.416667
   232    2   15 0.479167
   232    2   16 0.437500
   232    2   17 0.437500
   232    2   18 0.312500
   232    2   19 0.395833
   232    2   20 0.312500
   232    2   21 0.031250
   232    2   22 0.031250
   232    2   24 0.031250
   232    2   25 0.166667
   232    2   26 0.604167
   232    3    4 1.000000
   232    3    5 0.979167
   232    3    6 0.666667
   232    3    7 0.312500
   232    3    8 0.375000
   232    3    9 0.958333
   232    3   10 0.562500
   232    3   11 0.645833
   232    3   12 0.645833
   232    3   13 0.250000
   232    3   14 0.687500
   232    3   15 0.625000
   232    3   16 0.625000
   232    3   17 0.625000
   232    3   18 0.666667
   232    3   19 0.604167
   232    3   20 0.666667
   232    3   21 0.208333
   232    3   22 0.208333
   232    3   24 0.208333
   232    3   25 0.312500
   232    3   26 0.562500
   232    4    5 0.979167
   232    4    6 0.666667
   232    4    7 0.312500
   232    4    8 0.375000
   232    4    9 0.958333
   232    4   10 0.562500
   232    4   11 0.645833
   232    4   12 0.645833
   232    4   13 0.250000
   232    4   14 0.687500
   232    4   15 0.625000
   232    4   16 0.625000
   232    4   17 0.625000
   232    4   18 0.666667
   232    4   19 0.604167
   232    4   20 0.666667
   232    4   21 0.208333
   232    4   22 0.208333
   232    4   24 0.208333
   232    4   25 0.312500
   232    4   26 0.562500
   232    5    6 0.666667
   232    5    7 0.312500
   232    5    8 0.395833
   232    5    9 0.937500
   232    5   10 0.562500
   232    5   11 0.645833
   232    5   12 0.645833
   232    5   13 0.250000
   232    5   14 0.687500
   232    5   15 0.625000
   232    5   16 0.625000
   232    5   17 0.625000
   232    5   18 0.666667
   232    5   19 0.604167
   232    5   20 0.666667
   232    5   21 0.187500
   232    5   22 0.187500
   232    5   24 0.187500
   232    5   25 0.312500
   232    5   26 0.562500
   232    6    7 0.312500
   232    6    8 0.520833
   232    6    9 0.666667
   232    6   10 0.416667
   232    6   11 0.520833
   232    6   12 0.520833
   232    6   13 0.250000
   232    6   14 0.562500
   232    6   15 0.500000
   232    6   16 0.500000
   232    6   17 0.500000
   232    6   18 0.958333
   232    6   19 0.479167
   232    6   20 0.958333
   232    6   21 0.104167
   232    6   22 0.104167
   232    6   24 0.104167
   232    6   25 0.166667
   232    6   26 0.416667
   232    7    8 0.250000
   232    7    9 0.312500
   232    7   10 0.604167
   232    7   11 0.479167
   232    7   12 0.479167
   232    7   13 0.250000
   232    7   14 0.416667
   232    7   15 0.479167
   232    7   16 0.437500
   232    7   17 0.437500
   232    7   18 0.312500
   232    7   19 0.395833
   232    7   20 0.312500
   232    7   21 0.031250
   232    7   22 0.031250
   232    7   24 0.031250
   232    7   25 0.166667
   232    7   26 0.604167
   232    8    9 0.333333
   232    8   10 0.250000
   232    8   11 0.250000
   232    8   12 0.250000
   232    8   13 0.250000
   232    8   14 0.250000
   232    8   15 0.250000
   232    8   16 0.250000
   232    8   17 0.250000
   232    8   18 0.479167
   232    8   19 0.250000
   232    8   20 0.479167
   232    8   21 0.010417
   232    8   22 0.010417
   232    8   24 0.010417
   232    8   25 0.166667
   232    8   26 0.250000
   232    9   10 0.562500
   232    9   11 0.645833
   232    9   12 0.645833
   232    9   13 0.250000
   232    9   14 0.687500
   232    9   15 0.625000
   232    9   16 0.625000
   232    9   17 0.625000
   232    9   18 0.666667
   232    9   19 0.604167
   232    9   20 0.666667
   232    9   21 0.250000
   232    9   22 0.250000
   232    9   24 0.250000
   232    9   25 0.312500
   232    9   26 0.562500
   232   10   11 0.437500
   232   10   12 0.437500
   232   10   13 0.250000
   232   10   14 0.437500
   232   10   15 0.437500
   232   10   16 0.437500
   232   10   17 0.437500
   232   10   18 0.416667
   232   10   19 0.437500
   232   10   20 0.416667
   232   10   21 0.093750
   232   10   22 0.093750
   232   10   24 0.093750
   232   10   25 0.458333
   232   10   26 1.000000
   232   11   12 1.000000
   232   11   13 0.250000
   232   11   14 0.875000
   232   11   15 0.979167
   232   11   16 0.937500
   232   11   17 0.875000
   232   11   18 0.520833
   232   11   19 0.791667
   232   11   20 0.520833
   232   11   21 0.166667
   232   11   22 0.166667
   232   11   24 0.166667
   232   11   25 0.187500
   232   11   26 0.437500
   232   12   13 0.250000
   232   12   14 0.875000
   232   12   15 0.979167
   232   12   16 0.937500
   232   12   17 0.875000
   232   12   18 0.520833
   232   12   19 0.791667
   232   12   20 0.520833
   232   12   21 0.166667
   232   12   22 0.166667
   232   12   24 0.166667
   232   12   25 0.187500
   232   12   26 0.437500
   232   13   14 0.250000
   232   13   15 0.250000
   232   13   16 0.250000
   232   13   17 0.250000
   232   13   18 0.250000
   232   13   19 0.250000
   232   13   20 0.250000
   232   13   21 0.010417
   232   13   22 0.010417
   232   13   24 0.010417
   232   13   25 0.541667
   232   13   26 0.250000
   232   14   15 0.854167
   232   14   16 0.854167
   232   14   17 0.854167
   232   14   18 0.562500
   232   14   19 0.791667
   232   14   20 0.562500
   232   14   21 0.166667
   232   14   22 0.166667
   232   14   24 0.166667
   232   14   25 0.187500
   232   14   26 0.437500
   232   15   16 0.958333
   232   15   17 0.875000
   232   15   18 0.500000
   232   15   19 0.791667
   232   15   20 0.500000
   232   15   21 0.166667
   232   15   22 0.166667
   232   15   24 0.166667
   232   15   25 0.187500
   232   15   26 0.437500
   232   16   17 0.875000
   232   16   18 0.500000
   232   16   19 0.791667
   232   16   20 0.500000
   232   16   21 0.166667
   232   16   22 0.166667
   232   16   24 0.166667
   232   16   25 0.187500
   232   16   26 0.437500
   232   17   18 0.500000
   232   17   19 0.791667
   232   17   20 0.500000
   232   17   21 0.166667
   232   17   22 0.166667
   232   17   24 0.166667
   232   17   25 0.187500
   232   17   26 0.437500
   232   18   19 0.479167
   232   18   20 1.000000
   232   18   21 0.104167
   232   18   22 0.104167
   232   18   24 0.104167
   232   18   25 0.166667
   232   18   26 0.416667
   232   19   20 0.479167
   232   19   21 0.375000
   232   19   22 0.375000
   232   19   24 0.375000
   232   19   25 0.187500
   232   19   26 0.437500
   232   20   21 0.104167
   232   20   22 0.104167
   232   20   24 0.104167
   232   20   25 0.166667
   232   20   26 0.416667
   232   21   22 0.916667
   232   21   24 1.000000
   232   21   25 0.010417
   232   21   26 0.093750
   232   22   24 0.916667
   232   22   25 0.010417
   232   22   26 0.093750
   232   24   25 0.010417
   232   24   26 0.093750
   232   25   26 0.458333
   233    1    2 0.312500
   233    1    3 0.979167
   233    1    4 0.979167
   233    1    5 0.958333
   233    1    6 0.645833
   233    1    7 0.312500
   233    1    8 0.354167
   233    1    9 0.937500
   233    1   10 0.562500
   233    1   11 0.645833
   233    1   12 0.645833
   233    1   13 0.250000
   233    1   14 0.687500
   233    1   15 0.625000
   233    1   16 0.625000
   233    1   17 0.625000
   233    1   18 0.645833
   233    1   19 0.604167
   233    1   20 0.645833
   233    1   21 0.354167
   233    1   22 0.208333
   233    1   23 0.354167
   233    1   24 0.354167
   233    1   25 0.312500
   233    1   26 0.562500
   233    1   27 0.322917
   233    2    3 0.312500
   233    2    4 0.312500
   233    2    5 0.312500
   233    2    6 0.312500
   233    2    7 1.000000
   233    2    8 0.250000
   233    2    9 0.312500
   233    2   10 0.604167
   233    2   11 0.479167
   233    2   12 0.479167
   233    2   13 0.250000
   233    2   14 0.416667
   233    2   15 0.479167
   233    2   16 0.437500
   233    2   17 0.437500
   233    2   18 0.312500
   233    2   19 0.395833
   233    2   20 0.312500
   233    2   21 0.072917
   233    2   22 0.031250
   233    2   23 0.072917
   233    2   24 0.072917
   233    2   25 0.166667
   233    2   26 0.604167
   233    2   27 0.041667
   233    3    4 1.000000
   233    3    5 0.979167
   233    3    6 0.666667
   233    3    7 0.312500
   233    3    8 0.375000
   233    3    9 0.958333
   233    3   10 0.562500
   233    3   11 0.645833
   233    3   12 0.645833
   233    3   13 0.250000
   233    3   14 0.687500
   233    3   15 0.625000
   233    3   16 0.625000
   233    3   17 0.625000
   233    3   18 0.666667
   233    3   19 0.604167
   233    3   20 0.666667
   233    3   21 0.354167
   233    3   22 0.208333
   233    3   23 0.354167
   233    3   24 0.354167
   233    3   25 0.312500
   233    3   26 0.562500
   233    3   27 0.322917
   233    4    5 0.979167
   233    4    6 0.666667
   233    4    7 0.312500
   233    4    8 0.375000
   233    4    9 0.958333
   233    4   10 0.562500
   233    4   11 0.645833
   233    4   12 0.645833
   233    4   13 0.250000
   233    4   14 0.687500
   233    4   15 0.625000
   233    4   16 0.625000
   233    4   17 0.625000
   233    4   18 0.666667
   233    4   19 0.604167
   233    4   20 0.666667
   233    4   21 0.354167
   233    4   22 0.208333
   233    4   23 0.354167
   233    4   24 0.354167
   233    4   25 0.312500
   233    4   26 0.562500
   233    4   27 0.322917
   233    5    6 0.666667
   233    5    7 0.312500
   233    5    8 0.395833
   233    5    9 0.937500
   233    5   10 0.562500
   233    5   11 0.645833
   233    5   12 0.645833
   233    5   13 0.250000
   233    5   14 0.687500
   233    5   15 0.625000
   233    5   16 0.625000
   233    5   17 0.625000
   233    5   18 0.666667
   233    5   19 0.604167
   233    5   20 0.666667
   233    5   21 0.333333
   233    5   22 0.187500
   233    5   23 0.333333
   233    5   24 0.333333
   233    5   25 0.312500
   233    5   26 0.562500
   233    5   27 0.302083
   233    6    7 0.312500
   233    6    8 0.520833
   233    6    9 0.666667
   233    6   10 0.416667
   233    6   11 0.520833
   233    6   12 0.520833
   233    6   13 0.250000
   233    6   14 0.562500
   233    6   15 0.500000
   233    6   16 0.500000
   233    6   17 0.500000
   233    6   18 0.958333
   233    6   19 0.479167
   233    6   20 0.958333
   233    6   21 0.208333
   233    6   22 0.104167
   233    6   23 0.208333
   233    6   24 0.208333
   233    6   25 0.166667
   233    6   26 0.416667
   233    6   27 0.177083
   233    7    8 0.250000
   233    7    9 0.312500
   233    7   10 0.604167
   233    7   11 0.479167
   233    7   12 0.479167
   233    7   13 0.250000
   233    7   14 0.416667
   233    7   15 0.479167
   233    7   16 0.437500
   233    7   17 0.437500
   233    7   18 0.312500
   233    7   19 0.395833
   233    7   20 0.312500
   233    7   21 0.072917
   233    7   22 0.031250
   233    7   23 0.072917
   233    7   24 0.072917
   233    7   25 0.166667
   233    7   26 0.604167
   233    7   27 0.041667
   233    8    9 0.333333
   233    8   10 0.250000
   233    8   11 0.270833
   233    8   12 0.270833
   233    8   13 0.250000
   233    8   14 0.250000
   233    8   15 0.270833
   233    8   16 0.250000
   233    8   17 0.250000
   233    8   18 0.479167
   233    8   19 0.250000
   233    8   20 0.479167
   233    8   21 0.031250
   233    8   22 0.010417
   233    8   23 0.031250
   233    8   24 0.031250
   233    8   25 0.166667
   233    8   26 0.250000
   233    8   27 0.000000
   233    9   10 0.562500
   233    9   11 0.645833
   233    9   12 0.645833
   233    9   13 0.250000
   233    9   14 0.687500
   233    9   15 0.625000
   233    9   16 0.625000
   233    9   17 0.625000
   233    9   18 0.666667
   233    9   19 0.604167
   233    9   20 0.666667
   233    9   21 0.395833
   233    9   22 0.250000
   233    9   23 0.395833
   233    9   24 0.395833
   233    9   25 0.312500
   233    9   26 0.562500
   233    9   27 0.364583
   233   10   11 0.437500
   233   10   12 0.437500
   233   10   13 0.250000
   233   10   14 0.437500
   233   10   15 0.437500
   233   10   16 0.437500
   233   10   17 0.437500
   233   10   18 0.416667
   233   10   19 0.437500
   233   10   20 0.416667
   233   10   21 0.177083
   233   10   22 0.093750
   233   10   23 0.177083
   233   10   24 0.177083
   233   10   25 0.458333
   233   10   26 1.000000
   233   10   27 0.145833
   233   11   12 1.000000
   233   11   13 0.250000
   233   11   14 0.875000
   233   11   15 0.979167
   233   11   16 0.916667
   233   11   17 0.875000
   233   11   18 0.520833
   233   11   19 0.791667
   233   11   20 0.520833
   233   11   21 0.312500
   233   11   22 0.166667
   233   11   23 0.312500
   233   11   24 0.312500
   233   11   25 0.187500
   233   11   26 0.437500
   233   11   27 0.281250
   233   12   13 0.250000
   233   12   14 0.875000
   233   12   15 0.979167
   233   12   16 0.916667
   233   12   17 0.875000
   233   12   18 0.520833
   233   12   19 0.791667
   233   12   20 0.520833
   233   12   21 0.312500
   233   12   22 0.166667
   233   12   23 0.312500
   233   12   24 0.312500
   233   12   25 0.187500
   233   12   26 0.437500
   233   12   27 0.281250
   233   13   14 0.250000
   233   13   15 0.250000
   233   13   16 0.250000
   233   13   17 0.250000
   233   13   18 0.250000
   233   13   19 0.250000
   233   13   20 0.250000
   233   13   21 0.031250
   233   13   22 0.010417
   233   13   23 0.031250
   233   13   24 0.031250
   233   13   25 0.541667
   233   13   26 0.250000
   233   13   27 0.000000
   233   14   15 0.854167
   233   14   16 0.854167
   233   14   17 0.854167
   233   14   18 0.562500
   233   14   19 0.791667
   233   14   20 0.562500
   233   14   21 0.312500
   233   14   22 0.166667
   233   14   23 0.312500
   233   14   24 0.312500
   233   14   25 0.187500
   233   14   26 0.437500
   233   14   27 0.281250
   233   15   16 0.937500
   233   15   17 0.875000
   233   15   18 0.500000
   233   15   19 0.791667
   233   15   20 0.500000
   233   15   21 0.312500
   233   15   22 0.166667
   233   15   23 0.312500
   233   15   24 0.312500
   233   15   25 0.187500
   233   15   26 0.437500
   233   15   27 0.281250
   233   16   17 0.875000
   233   16   18 0.500000
   233   16   19 0.791667
   233   16   20 0.500000
   233   16   21 0.312500
   233   16   22 0.166667
   233   16   23 0.312500
   233   16   24 0.312500
   233   16   25 0.187500
   233   16   26 0.437500
   233   16   27 0.281250
   233   17   18 0.500000
   233   17   19 0.791667
   233   17   20 0.500000
   233   17   21 0.312500
   233   17   22 0.166667
   233   17   23 0.312500
   233   17   24 0.312500
   233   17   25 0.187500
   233   17   26 0.437500
   233   17   27 0.281250
   233   18   19 0.479167
   233   18   20 1.000000
   233   18   21 0.208333
   233   18   22 0.104167
   233   18   23 0.208333
   233   18   24 0.208333
   233   18   25 0.166667
   233   18   26 0.416667
   233   18   27 0.177083
   233   19   20 0.479167
   233   19   21 0.416667
   233   19   22 0.375000
   233   19   23 0.416667
   233   19   24 0.416667
   233   19   25 0.187500
   233   19   26 0.437500
   233   19   27 0.385417
   233   20   21 0.208333
   233   20   22 0.104167
   233   20   23 0.208333
   233   20   24 0.208333
   233   20   25 0.166667
   233   20   26 0.416667
   233   20   27 0.177083
   233   21   22 0.458333
   233   21   23 0.958333
   233   21   24 1.000000
   233   21   25 0.031250
   233   21   26 0.177083
   233   21   27 0.916667
   233   22   23 0.458333
   233   22   24 0.458333
   233   22   25 0.010417
   233   22   26 0.093750
   233   22   27 0.437500
   233   23   24 0.958333
   233   23   25 0.031250
   233   23   26 0.177083
   233   23   27 0.875000
   233   24   25 0.031250
   233   24   26 0.177083
   233   24   27 0.916667
   233   25   26 0.458333
   233   25   27 0.000000
   233   26   27 0.145833
   234    9   10 0.562500
   234    9   21 0.395833
   234    9   22 0.250000
   234    9   23 0.395833
   234    9   24 0.395833
   234    9   26 0.562500
   234    9   27 0.364583
   234   10   21 0.177083
   234   10   22 0.093750
   234   10   23 0.177083
   234   10   24 0.177083
   234   10   26 1.000000
   234   10   27 0.145833
   234   21   22 0.458333
   234   21   23 0.958333
   234   21   24 1.000000
   234   21   26 0.177083
   234   21   27 0.916667
   234   22   23 0.458333
   234   22   24 0.458333
   234   22   26 0.093750
   234   22   27 0.437500
   234   23   24 0.958333
   234   23   26 0.177083
   234   23   27 0.875000
   234   24   26 0.177083
   234   24   27 0.916667
   234   26   27 0.145833
   235    9   10 0.562500
   235    9   20 0.916667
   235    9   21 0.541667
   235    9   22 0.395833
   235    9   23 0.541667
   235    9   24 0.541667
   235    9   26 0.562500
   235    9   27 0.500000
   235   10   20 0.645833
   235   10   21 0.187500
   235   10   22 0.104167
   235   10   23 0.187500
   235   10   24 0.187500
   235   10   26 1.000000
   235   10   27 0.145833
   235   20   21 0.541667
   235   20   22 0.395833
   235   20   23 0.541667
   235   20   24 0.541667
   235   20   26 0.645833
   235   20   27 0.500000
   235   21   22 0.458333
   235   21   23 0.958333
   235   21   24 1.000000
   235   21   26 0.187500
   235   21   27 0.916667
   235   22   23 0.458333
   235   22   24 0.458333
   235   22   26 0.104167
   235   22   27 0.437500
   235   23   24 0.958333
   235   23   26 0.187500
   235   23   27 0.875000
   235   24   26 0.187500
   235   24   27 0.916667
   235   26   27 0.145833
   236    9   10 0.562500
   236    9   11 0.875000
   236    9   12 0.875000
   236    9   14 0.812500
   236    9   15 0.895833
   236    9   16 0.958333
   236    9   17 0.833333
   236    9   18 0.916667
   236    9   19 0.791667
   236    9   20 0.916667
   236    9   21 0.583333
   236    9   22 0.395833
   236    9   23 0.583333
   236    9   24 0.583333
   236    9   26 0.562500
   236    9   27 0.500000
   236   10   11 0.520833
   236   10   12 0.520833
   236   10   14 0.541667
   236   10   15 0.500000
   236   10   16 0.520833
   236   10   17 0.458333
   236   10   18 0.645833
   236   10   19 0.458333
   236   10   20 0.645833
   236   10   21 0.229167
   236   10   22 0.104167
   236   10   23 0.229167
   236   10   24 0.229167
   236   10   26 1.000000
   236   10   27 0.145833
   236   11   12 1.000000
   236   11   14 0.875000
   236   11   15 0.979167
   236   11   16 0.916667
   236   11   17 0.875000
   236   11   18 0.791667
   236   11   19 0.791667
   236   11   20 0.791667
   236   11   21 0.541667
   236   11   22 0.354167
   236   11   23 0.541667
   236   11   24 0.541667
   236   11   26 0.520833
   236   11   27 0.458333
   236   12   14 0.875000
   236   12   15 0.979167
   236   12   16 0.916667
   236   12   17 0.875000
   236   12   18 0.791667
   236   12   19 0.791667
   236   12   20 0.791667
   236   12   21 0.541667
   236   12   22 0.354167
   236   12   23 0.541667
   236   12   24 0.541667
   236   12   26 0.520833
   236   12   27 0.458333
   236   14   15 0.854167
   236   14   16 0.833333
   236   14   17 0.833333
   236   14   18 0.729167
   236   14   19 0.791667
   236   14   20 0.729167
   236   14   21 0.500000
   236   14   22 0.312500
   236   14   23 0.500000
   236   14   24 0.500000
   236   14   26 0.541667
   236   14   27 0.416667
   236   15   16 0.937500
   236   15   17 0.875000
   236   15   18 0.812500
   236   15   19 0.791667
   236   15   20 0.812500
   236   15   21 0.562500
   236   15   22 0.375000
   236   15   23 0.562500
   236   15   24 0.562500
   236   15   26 0.500000
   236   15   27 0.479167
   236   16   17 0.875000
   236   16   18 0.875000
   236   16   19 0.791667
   236   16   20 0.875000
   236   16   21 0.583333
   236   16   22 0.395833
   236   16   23 0.583333
   236   16   24 0.583333
   236   16   26 0.520833
   236   16   27 0.500000
   236   17   18 0.750000
   236   17   19 0.791667
   236   17   20 0.750000
   236   17   21 0.520833
   236   17   22 0.333333
   236   17   23 0.520833
   236   17   24 0.520833
   236   17   26 0.458333
   236   17   27 0.437500
   236   18   19 0.708333
   236   18   20 1.000000
   236   18   21 0.583333
   236   18   22 0.395833
   236   18   23 0.583333
   236   18   24 0.583333
   236   18   26 0.645833
   236   18   27 0.500000
   236   19   20 0.708333
   236   19   21 0.479167
   236   19   22 0.291667
   236   19   23 0.479167
   236   19   24 0.479167
   236   19   26 0.458333
   236   19   27 0.395833
   236   20   21 0.583333
   236   20   22 0.395833
   236   20   23 0.583333
   236   20   24 0.583333
   236   20   26 0.645833
   236   20   27 0.500000
   236   21   22 0.458333
   236   21   23 0.958333
   236   21   24 1.000000
   236   21   26 0.229167
   236   21   27 0.916667
   236   22   23 0.458333
   236   22   24 0.458333
   236   22   26 0.104167
   236   22   27 0.437500
   236   23   24 0.958333
   236   23   26 0.229167
   236   23   27 0.875000
   236   24   26 0.229167
   236   24   27 0.916667
   236   26   27 0.145833
   237    9   10 0.562500
   237    9   11 0.875000
   237    9   12 0.875000
   237    9   15 0.895833
   237    9   16 0.958333
   237    9   18 0.916667
   237    9   19 0.791667
   237    9   20 0.916667
   237    9   22 0.395833
   237    9   24 0.666667
   237    9   26 0.562500
   237    9   27 0.541667
   237   10   11 0.520833
   237   10   12 0.520833
   237   10   15 0.500000
   237   10   16 0.520833
   237   10   18 0.645833
   237   10   19 0.458333
   237   10   20 0.645833
   237   10   22 0.104167
   237   10   24 0.312500
   237   10   26 1.000000
   237   10   27 0.187500
   237   11   12 1.000000
   237   11   15 0.979167
   237   11   16 0.916667
   237   11   18 0.791667
   237   11   19 0.791667
   237   11   20 0.791667
   237   11   22 0.354167
   237   11   24 0.625000
   237   11   26 0.520833
   237   11   27 0.500000
   237   12   15 0.979167
   237   12   16 0.916667
   237   12   18 0.791667
   237   12   19 0.791667
   237   12   20 0.791667
   237   12   22 0.354167
   237   12   24 0.625000
   237   12   26 0.520833
   237   12   27 0.500000
   237   15   16 0.937500
   237   15   18 0.812500
   237   15   19 0.791667
   237   15   20 0.812500
   237   15   22 0.375000
   237   15   24 0.645833
   237   15   26 0.500000
   237   15   27 0.520833
   237   16   18 0.875000
   237   16   19 0.791667
   237   16   20 0.875000
   237   16   22 0.395833
   237   16   24 0.666667
   237   16   26 0.520833
   237   16   27 0.541667
   237   18   19 0.708333
   237   18   20 1.000000
   237   18   22 0.395833
   237   18   24 0.666667
   237   18   26 0.645833
   237   18   27 0.541667
   237   19   20 0.708333
   237   19   22 0.291667
   237   19   24 0.562500
   237   19   26 0.458333
   237   19   27 0.437500
   237   20   22 0.395833
   237   20   24 0.666667
   237   20   26 0.645833
   237   20   27 0.541667
   237   22   24 0.458333
   237   22   26 0.104167
   237   22   27 0.437500
   237   24   26 0.312500
   237   24   27 0.875000
   237   26   27 0.187500
   238    9   10 0.562500
   238    9   11 0.875000
   238    9   12 0.875000
   238    9   13 0.625000
   238    9   15 0.895833
   238    9   16 0.958333
   238    9   19 0.791667
   238    9   20 0.916667
   238    9   22 0.395833
   238    9   24 0.666667
   238    9   25 0.687500
   238    9   26 0.562500
   238    9   27 0.541667
   238   10   11 0.520833
   238   10   12 0.520833
   238   10   13 0.333333
   238   10   15 0.500000
   238   10   16 0.520833
   238   10   19 0.458333
   238   10   20 0.645833
   238   10   22 0.104167
   238   10   24 0.312500
   238   10   25 0.333333
   238   10   26 1.000000
   238   10   27 0.187500
   238   11   12 1.000000
   238   11   13 0.583333
   238   11   15 0.979167
   238   11   16 0.916667
   238   11   19 0.791667
   238   11   20 0.791667
   238   11   22 0.354167
   238   11   24 0.625000
   238   11   25 0.645833
   238   11   26 0.520833
   238   11   27 0.500000
   238   12   13 0.583333
   238   12   15 0.979167
   238   12   16 0.916667
   238   12   19 0.791667
   238   12   20 0.791667
   238   12   22 0.354167
   238   12   24 0.625000
   238   12   25 0.645833
   238   12   26 0.520833
   238   12   27 0.500000
   238   13   15 0.604167
   238   13   16 0.625000
   238   13   19 0.520833
   238   13   20 0.625000
   238   13   22 0.395833
   238   13   24 0.541667
   238   13   25 0.562500
   238   13   26 0.333333
   238   13   27 0.416667
   238   15   16 0.937500
   238   15   19 0.791667
   238   15   20 0.812500
   238   15   22 0.375000
   238   15   24 0.645833
   238   15   25 0.666667
   238   15   26 0.500000
   238   15   27 0.520833
   238   16   19 0.791667
   238   16   20 0.875000
   238   16   22 0.395833
   238   16   24 0.666667
   238   16   25 0.687500
   238   16   26 0.520833
   238   16   27 0.541667
   238   19   20 0.708333
   238   19   22 0.291667
   238   19   24 0.562500
   238   19   25 0.583333
   238   19   26 0.458333
   238   19   27 0.437500
   238   20   22 0.395833
   238   20   24 0.666667
   238   20   25 0.687500
   238   20   26 0.645833
   238   20   27 0.541667
   238   22   24 0.458333
   238   22   25 0.437500
   238   22   26 0.104167
   238   22   27 0.437500
   238   24   25 0.979167
   238   24   26 0.312500
   238   24   27 0.875000
   238   25   26 0.333333
   238   25   27 0.854167
   238   26   27 0.187500
   239    1    3 0.979167
   239    1    4 0.979167
   239    1    5 0.958333
   239    1    6 0.916667
   239    1    8 0.770833
   239    1    9 0.979167
   239    1   10 0.562500
   239    1   11 0.854167
   239    1   12 0.854167
   239    1   13 0.770833
   239    1   15 0.875000
   239    1   16 0.937500
   239    1   19 0.770833
   239    1   20 0.916667
   239    1   21 0.500000
   239    1   22 0.458333
   239    1   24 0.770833
   239    1   25 0.770833
   239    1   26 0.562500
   239    1   27 0.645833
   239    3    4 1.000000
   239    3    5 0.979167
   239    3    6 0.916667
   239    3    8 0.791667
   239    3    9 0.958333
   239    3   10 0.562500
   239    3   11 0.833333
   239    3   12 0.833333
   239    3   13 0.791667
   239    3   15 0.854167
   239    3   16 0.916667
   239    3   19 0.750000
   239    3   20 0.916667
   239    3   21 0.500000
   239    3   22 0.458333
   239    3   24 0.791667
   239    3   25 0.791667
   239    3   26 0.562500
   239    3   27 0.666667
   239    4    5 0.979167
   239    4    6 0.916667
   239    4    8 0.791667
   239    4    9 0.958333
   239    4   10 0.562500
   239    4   11 0.833333
   239    4   12 0.833333
   239    4   13 0.791667
   239    4   15 0.854167
   239    4   16 0.916667
   239    4   19 0.750000
   239    4   20 0.916667
   239    4   21 0.500000
   239    4   22 0.458333
   239    4   24 0.791667
   239    4   25 0.791667
   239    4   26 0.562500
   239    4   27 0.666667
   239    5    6 0.916667
   239    5    8 0.812500
   239    5    9 0.937500
   239    5   10 0.562500
   239    5   11 0.812500
   239    5   12 0.812500
   239    5   13 0.812500
   239    5   15 0.833333
   239    5   16 0.895833
   239    5   19 0.729167
   239    5   20 0.916667
   239    5   21 0.500000
   239    5   22 0.458333
   239    5   24 0.812500
   239    5   25 0.812500
   239    5   26 0.562500
   239    5   27 0.687500
   239    6    8 0.750000
   239    6    9 0.916667
   239    6   10 0.645833
   239    6   11 0.791667
   239    6   12 0.791667
   239    6   13 0.750000
   239    6   15 0.812500
   239    6   16 0.875000
   239    6   19 0.708333
   239    6   20 1.000000
   239    6   21 0.500000
   239    6   22 0.458333
   239    6   24 0.750000
   239    6   25 0.750000
   239    6   26 0.645833
   239    6   27 0.625000
   239    8    9 0.750000
   239    8   10 0.395833
   239    8   11 0.708333
   239    8   12 0.708333
   239    8   13 1.000000
   239    8   15 0.729167
   239    8   16 0.750000
   239    8   19 0.645833
   239    8   20 0.750000
   239    8   21 0.500000
   239    8   22 0.458333
   239    8   24 1.000000
   239    8   25 1.000000
   239    8   26 0.395833
   239    8   27 0.875000
   239    9   10 0.562500
   239    9   11 0.875000
   239    9   12 0.875000
   239    9   13 0.750000
   239    9   15 0.895833
   239    9   16 0.958333
   239    9   19 0.791667
   239    9   20 0.916667
   239    9   21 0.500000
   239    9   22 0.458333
   239    9   24 0.750000
   239    9   25 0.750000
   239    9   26 0.562500
   239    9   27 0.625000
   239   10   11 0.479167
   239   10   12 0.479167
   239   10   13 0.395833
   239   10   15 0.479167
   239   10   16 0.520833
   239   10   19 0.458333
   239   10   20 0.645833
   239   10   21 0.208333
   239   10   22 0.166667
   239   10   24 0.395833
   239   10   25 0.395833
   239   10   26 1.000000
   239   10   27 0.270833
   239   11   12 1.000000
   239   11   13 0.708333
   239   11   15 0.979167
   239   11   16 0.916667
   239   11   19 0.791667
   239   11   20 0.791667
   239   11   21 0.458333
   239   11   22 0.416667
   239   11   24 0.708333
   239   11   25 0.708333
   239   11   26 0.479167
   239   11   27 0.583333
   239   12   13 0.708333
   239   12   15 0.979167
   239   12   16 0.916667
   239   12   19 0.791667
   239   12   20 0.791667
   239   12   21 0.458333
   239   12   22 0.416667
   239   12   24 0.708333
   239   12   25 0.708333
   239   12   26 0.479167
   239   12   27 0.583333
   239   13   15 0.729167
   239   13   16 0.750000
   239   13   19 0.645833
   239   13   20 0.750000
   239   13   21 0.500000
   239   13   22 0.458333
   239   13   24 1.000000
   239   13   25 1.000000
   239   13   26 0.395833
   239   13   27 0.875000
   239   15   16 0.937500
   239   15   19 0.791667
   239   15   20 0.812500
   239   15   21 0.479167
   239   15   22 0.437500
   239   15   24 0.729167
   239   15   25 0.729167
   239   15   26 0.479167
   239   15   27 0.604167
   239   16   19 0.791667
   239   16   20 0.875000
   239   16   21 0.500000
   239   16   22 0.458333
   239   16   24 0.750000
   239   16   25 0.750000
   239   16   26 0.520833
   239   16   27 0.625000
   239   19   20 0.708333
   239   19   21 0.395833
   239   19   22 0.354167
   239   19   24 0.645833
   239   19   25 0.645833
   239   19   26 0.458333
   239   19   27 0.520833
   239   20   21 0.500000
   239   20   22 0.458333
   239   20   24 0.750000
   239   20   25 0.750000
   239   20   26 0.645833
   239   20   27 0.625000
   239   21   22 0.916667
   239   21   24 0.500000
   239   21   25 0.500000
   239   21   26 0.208333
   239   21   27 0.437500
   239   22   24 0.458333
   239   22   25 0.458333
   239   22   26 0.166667
   239   22   27 0.437500
   239   24   25 1.000000
   239   24   26 0.395833
   239   24   27 0.875000
   239   25   26 0.395833
   239   25   27 0.875000
   239   26   27 0.270833
   240    1    3 0.979167
   240    1    4 0.979167
   240    1    5 0.958333
   240    1    6 0.916667
   240    1    8 0.770833
   240    1    9 0.979167
   240    1   10 0.562500
   240    1   11 0.854167
   240    1   12 0.854167
   240    1   13 0.770833
   240    1   14 0.958333
   240    1   15 0.875000
   240    1   16 0.937500
   240    1   19 0.770833
   240    1   20 0.916667
   240    1   21 0.770833
   240    1   22 0.458333
   240    1   24 0.770833
   240    1   25 0.770833
   240    1   26 0.562500
   240    1   27 0.645833
   240    3    4 1.000000
   240    3    5 0.979167
   240    3    6 0.916667
   240    3    8 0.791667
   240    3    9 0.958333
   240    3   10 0.562500
   240    3   11 0.833333
   240    3   12 0.833333
   240    3   13 0.791667
   240    3   14 0.937500
   240    3   15 0.854167
   240    3   16 0.916667
   240    3   19 0.750000
   240    3   20 0.916667
   240    3   21 0.791667
   240    3   22 0.458333
   240    3   24 0.791667
   240    3   25 0.791667
   240    3   26 0.562500
   240    3   27 0.666667
   240    4    5 0.979167
   240    4    6 0.916667
   240    4    8 0.791667
   240    4    9 0.958333
   240    4   10 0.562500
   240    4   11 0.833333
   240    4   12 0.833333
   240    4   13 0.791667
   240    4   14 0.937500
   240    4   15 0.854167
   240    4   16 0.916667
   240    4   19 0.750000
   240    4   20 0.916667
   240    4   21 0.791667
   240    4   22 0.458333
   240    4   24 0.791667
   240    4   25 0.791667
   240    4   26 0.562500
   240    4   27 0.666667
   240    5    6 0.916667
   240    5    8 0.812500
   240    5    9 0.937500
   240    5   10 0.562500
   240    5   11 0.812500
   240    5   12 0.812500
   240    5   13 0.812500
   240    5   14 0.916667
   240    5   15 0.833333
   240    5   16 0.895833
   240    5   19 0.729167
   240    5   20 0.916667
   240    5   21 0.812500
   240    5   22 0.458333
   240    5   24 0.812500
   240    5   25 0.812500
   240    5   26 0.562500
   240    5   27 0.687500
   240    6    8 0.750000
   240    6    9 0.916667
   240    6   10 0.645833
   240    6   11 0.791667
   240    6   12 0.791667
   240    6   13 0.750000
   240    6   14 0.895833
   240    6   15 0.812500
   240    6   16 0.875000
   240    6   19 0.708333
   240    6   20 1.000000
   240    6   21 0.750000
   240    6   22 0.458333
   240    6   24 0.750000
   240    6   25 0.750000
   240    6   26 0.645833
   240    6   27 0.625000
   240    8    9 0.750000
   240    8   10 0.395833
   240    8   11 0.708333
   240    8   12 0.708333
   240    8   13 1.000000
   240    8   14 0.750000
   240    8   15 0.729167
   240    8   16 0.750000
   240    8   19 0.645833
   240    8   20 0.750000
   240    8   21 1.000000
   240    8   22 0.458333
   240    8   24 1.000000
   240    8   25 1.000000
   240    8   26 0.395833
   240    8   27 0.875000
   240    9   10 0.562500
   240    9   11 0.875000
   240    9   12 0.875000
   240    9   13 0.750000
   240    9   14 0.979167
   240    9   15 0.895833
   240    9   16 0.958333
   240    9   19 0.791667
   240    9   20 0.916667
   240    9   21 0.750000
   240    9   22 0.458333
   240    9   24 0.750000
   240    9   25 0.750000
   240    9   26 0.562500
   240    9   27 0.625000
   240   10   11 0.479167
   240   10   12 0.479167
   240   10   13 0.395833
   240   10   14 0.541667
   240   10   15 0.479167
   240   10   16 0.520833
   240   10   19 0.458333
   240   10   20 0.645833
   240   10   21 0.395833
   240   10   22 0.166667
   240   10   24 0.395833
   240   10   25 0.395833
   240   10   26 1.000000
   240   10   27 0.270833
   240   11   12 1.000000
   240   11   13 0.708333
   240   11   14 0.895833
   240   11   15 0.979167
   240   11   16 0.916667
   240   11   19 0.791667
   240   11   20 0.791667
   240   11   21 0.708333
   240   11   22 0.416667
   240   11   24 0.708333
   240   11   25 0.708333
   240   11   26 0.479167
   240   11   27 0.583333
   240   12   13 0.708333
   240   12   14 0.895833
   240   12   15 0.979167
   240   12   16 0.916667
   240   12   19 0.791667
   240   12   20 0.791667
   240   12   21 0.708333
   240   12   22 0.416667
   240   12   24 0.708333
   240   12   25 0.708333
   240   12   26 0.479167
   240   12   27 0.583333
   240   13   14 0.750000
   240   13   15 0.729167
   240   13   16 0.750000
   240   13   19 0.645833
   240   13   20 0.750000
   240   13   21 1.000000
   240   13   22 0.458333
   240   13   24 1.000000
   240   13   25 1.000000
   240   13   26 0.395833
   240   13   27 0.875000
   240   14   15 0.916667
   240   14   16 0.979167
   240   14   19 0.791667
   240   14   20 0.895833
   240   14   21 0.750000
   240   14   22 0.458333
   240   14   24 0.750000
   240   14   25 0.750000
   240   14   26 0.541667
   240   14   27 0.625000
   240   15   16 0.937500
   240   15   19 0.791667
   240   15   20 0.812500
   240   15   21 0.729167
   240   15   22 0.437500
   240   15   24 0.729167
   240   15   25 0.729167
   240   15   26 0.479167
   240   15   27 0.604167
   240   16   19 0.791667
   240   16   20 0.875000
   240   16   21 0.750000
   240   16   22 0.458333
   240   16   24 0.750000
   240   16   25 0.750000
   240   16   26 0.520833
   240   16   27 0.625000
   240   19   20 0.708333
   240   19   21 0.645833
   240   19   22 0.354167
   240   19   24 0.645833
   240   19   25 0.645833
   240   19   26 0.458333
   240   19   27 0.520833
   240   20   21 0.750000
   240   20   22 0.458333
   240   20   24 0.750000
   240   20   25 0.750000
   240   20   26 0.645833
   240   20   27 0.625000
   240   21   22 0.458333
   240   21   24 1.000000
   240   21   25 1.000000
   240   21   26 0.395833
   240   21   27 0.875000
   240   22   24 0.458333
   240   22   25 0.458333
   240   22   26 0.166667
   240   22   27 0.437500
   240   24   25 1.000000
   240   24   26 0.395833
   240   24   27 0.875000
   240   25   26 0.395833
   240   25   27 0.875000
   240   26   27 0.270833
   241    1    2 0.791667
   241    1    3 0.979167
   241    1    4 0.979167
   241    1    5 0.958333
   241    1    6 0.916667
   241    1    7 0.791667
   241    1    8 0.791667
   241    1    9 0.979167
   241    1   10 0.562500
   241    1   13 0.791667
   241    1   14 0.958333
   241    1   16 0.937500
   241    1   19 0.770833
   241    1   20 0.916667
   241    1   21 0.791667
   241    1   22 0.458333
   241    1   24 0.791667
   241    1   25 0.791667
   241    1   26 0.562500
   241    1   27 0.666667
   241    2    3 0.812500
   241    2    4 0.812500
   241    2    5 0.833333
   241    2    6 0.770833
   241    2    7 1.000000
   241    2    8 1.000000
   241    2    9 0.770833
   241    2   10 0.416667
   241    2   13 1.000000
   241    2   14 0.770833
   241    2   16 0.770833
   241    2   19 0.666667
   241    2   20 0.770833
   241    2   21 1.000000
   241    2   22 0.458333
   241    2   24 1.000000
   241    2   25 1.000000
   241    2   26 0.416667
   241    2   27 0.875000
   241    3    4 1.000000
   241    3    5 0.979167
   241    3    6 0.916667
   241    3    7 0.812500
   241    3    8 0.812500
   241    3    9 0.958333
   241    3   10 0.562500
   241    3   13 0.812500
   241    3   14 0.937500
   241    3   16 0.916667
   241    3   19 0.750000
   241    3   20 0.916667
   241    3   21 0.812500
   241    3   22 0.458333
   241    3   24 0.812500
   241    3   25 0.812500
   241    3   26 0.562500
   241    3   27 0.687500
   241    4    5 0.979167
   241    4    6 0.916667
   241    4    7 0.812500
   241    4    8 0.812500
   241    4    9 0.958333
   241    4   10 0.562500
   241    4   13 0.812500
   241    4   14 0.937500
   241    4   16 0.916667
   241    4   19 0.750000
   241    4   20 0.916667
   241    4   21 0.812500
   241    4   22 0.458333
   241    4   24 0.812500
   241    4   25 0.812500
   241    4   26 0.562500
   241    4   27 0.687500
   241    5    6 0.916667
   241    5    7 0.833333
   241    5    8 0.833333
   241    5    9 0.937500
   241    5   10 0.562500
   241    5   13 0.833333
   241    5   14 0.916667
   241    5   16 0.895833
   241    5   19 0.729167
   241    5   20 0.916667
   241    5   21 0.833333
   241    5   22 0.458333
   241    5   24 0.833333
   241    5   25 0.833333
   241    5   26 0.562500
   241    5   27 0.708333
   241    6    7 0.770833
   241    6    8 0.770833
   241    6    9 0.916667
   241    6   10 0.645833
   241    6   13 0.770833
   241    6   14 0.895833
   241    6   16 0.875000
   241    6   19 0.708333
   241    6   20 1.000000
   241    6   21 0.770833
   241    6   22 0.458333
   241    6   24 0.770833
   241    6   25 0.770833
   241    6   26 0.645833
   241    6   27 0.645833
   241    7    8 1.000000
   241    7    9 0.770833
   241    7   10 0.416667
   241    7   13 1.000000
   241    7   14 0.770833
   241    7   16 0.770833
   241    7   19 0.666667
   241    7   20 0.770833
   241    7   21 1.000000
   241    7   22 0.458333
   241    7   24 1.000000
   241    7   25 1.000000
   241    7   26 0.416667
   241    7   27 0.875000
   241    8    9 0.770833
   241    8   10 0.416667
   241    8   13 1.000000
   241    8   14 0.770833
   241    8   16 0.770833
   241    8   19 0.666667
   241    8   20 0.770833
   241    8   21 1.000000
   241    8   22 0.458333
   241    8   24 1.000000
   241    8   25 1.000000
   241    8   26 0.416667
   241    8   27 0.875000
   241    9   10 0.562500
   241    9   13 0.770833
   241    9   14 0.979167
   241    9   16 0.958333
   241    9   19 0.791667
   241    9   20 0.916667
   241    9   21 0.770833
   241    9   22 0.458333
   241    9   24 0.770833
   241    9   25 0.770833
   241    9   26 0.562500
   241    9   27 0.645833
   241   10   13 0.416667
   241   10   14 0.541667
   241   10   16 0.520833
   241   10   19 0.458333
   241   10   20 0.645833
   241   10   21 0.416667
   241   10   22 0.166667
   241   10   24 0.416667
   241   10   25 0.416667
   241   10   26 1.000000
   241   10   27 0.291667
   241   13   14 0.770833
   241   13   16 0.770833
   241   13   19 0.666667
   241   13   20 0.770833
   241   13   21 1.000000
   241   13   22 0.458333
   241   13   24 1.000000
   241   13   25 1.000000
   241   13   26 0.416667
   241   13   27 0.875000
   241   14   16 0.979167
   241   14   19 0.791667
   241   14   20 0.895833
   241   14   21 0.770833
   241   14   22 0.458333
   241   14   24 0.770833
   241   14   25 0.770833
   241   14   26 0.541667
   241   14   27 0.645833
   241   16   19 0.791667
   241   16   20 0.875000
   241   16   21 0.770833
   241   16   22 0.458333
   241   16   24 0.770833
   241   16   25 0.770833
   241   16   26 0.520833
   241   16   27 0.645833
   241   19   20 0.708333
   241   19   21 0.666667
   241   19   22 0.354167
   241   19   24 0.666667
   241   19   25 0.666667
   241   19   26 0.458333
   241   19   27 0.541667
   241   20   21 0.770833
   241   20   22 0.458333
   241   20   24 0.770833
   241   20   25 0.770833
   241   20   26 0.645833
   241   20   27 0.645833
   241   21   22 0.458333
   241   21   24 1.000000
   241   21   25 1.000000
   241   21   26 0.416667
   241   21   27 0.875000
   241   22   24 0.458333
   241   22   25 0.458333
   241   22   26 0.166667
   241   22   27 0.437500
   241   24   25 1.000000
   241   24   26 0.416667
   241   24   27 0.875000
   241   25   26 0.416667
   241   25   27 0.875000
   241   26   27 0.291667
   242    1    2 0.791667
   242    1    3 0.979167
   242    1    4 0.979167
   242    1    5 0.958333
   242    1    6 0.979167
   242    1    7 0.791667
   242    1    8 0.791667
   242    1    9 0.979167
   242    1   10 0.625000
   242    1   11 0.979167
   242    1   12 0.979167
   242    1   13 0.791667
   242    1   14 0.979167
   242    1   15 0.979167
   242    1   16 0.979167
   242    1   17 0.979167
   242    1   18 0.979167
   242    1   19 0.875000
   242    1   20 0.979167
   242    1   21 0.791667
   242    1   24 0.791667
   242    1   25 0.791667
   242    2    3 0.812500
   242    2    4 0.812500
   242    2    5 0.833333
   242    2    6 0.770833
   242    2    7 1.000000
   242    2    8 1.000000
   242    2    9 0.770833
   242    2   10 0.416667
   242    2   11 0.770833
   242    2   12 0.770833
   242    2   13 1.000000
   242    2   14 0.770833
   242    2   15 0.770833
   242    2   16 0.770833
   242    2   17 0.770833
   242    2   18 0.770833
   242    2   19 0.666667
   242    2   20 0.770833
   242    2   21 1.000000
   242    2   24 1.000000
   242    2   25 1.000000
   242    3    4 1.000000
   242    3    5 0.979167
   242    3    6 0.958333
   242    3    7 0.812500
   242    3    8 0.812500
   242    3    9 0.958333
   242    3   10 0.604167
   242    3   11 0.958333
   242    3   12 0.958333
   242    3   13 0.812500
   242    3   14 0.958333
   242    3   15 0.958333
   242    3   16 0.958333
   242    3   17 0.958333
   242    3   18 0.958333
   242    3   19 0.854167
   242    3   20 0.958333
   242    3   21 0.812500
   242    3   24 0.812500
   242    3   25 0.812500
   242    4    5 0.979167
   242    4    6 0.958333
   242    4    7 0.812500
   242    4    8 0.812500
   242    4    9 0.958333
   242    4   10 0.604167
   242    4   11 0.958333
   242    4   12 0.958333
   242    4   13 0.812500
   242    4   14 0.958333
   242    4   15 0.958333
   242    4   16 0.958333
   242    4   17 0.958333
   242    4   18 0.958333
   242    4   19 0.854167
   242    4   20 0.958333
   242    4   21 0.812500
   242    4   24 0.812500
   242    4   25 0.812500
   242    5    6 0.937500
   242    5    7 0.833333
   242    5    8 0.833333
   242    5    9 0.937500
   242    5   10 0.583333
   242    5   11 0.937500
   242    5   12 0.937500
   242    5   13 0.833333
   242    5   14 0.937500
   242    5   15 0.937500
   242    5   16 0.937500
   242    5   17 0.937500
   242    5   18 0.937500
   242    5   19 0.833333
   242    5   20 0.937500
   242    5   21 0.833333
   242    5   24 0.833333
   242    5   25 0.833333
   242    6    7 0.770833
   242    6    8 0.770833
   242    6    9 1.000000
   242    6   10 0.645833
   242    6   11 1.000000
   242    6   12 1.000000
   242    6   13 0.770833
   242    6   14 1.000000
   242    6   15 1.000000
   242    6   16 1.000000
   242    6   17 1.000000
   242    6   18 1.000000
   242    6   19 0.895833
   242    6   20 1.000000
   242    6   21 0.770833
   242    6   24 0.770833
   242    6   25 0.770833
   242    7    8 1.000000
   242    7    9 0.770833
   242    7   10 0.416667
   242    7   11 0.770833
   242    7   12 0.770833
   242    7   13 1.000000
   242    7   14 0.770833
   242    7   15 0.770833
   242    7   16 0.770833
   242    7   17 0.770833
   242    7   18 0.770833
   242    7   19 0.666667
   242    7   20 0.770833
   242    7   21 1.000000
   242    7   24 1.000000
   242    7   25 1.000000
   242    8    9 0.770833
   242    8   10 0.416667
   242    8   11 0.770833
   242    8   12 0.770833
   242    8   13 1.000000
   242    8   14 0.770833
   242    8   15 0.770833
   242    8   16 0.770833
   242    8   17 0.770833
   242    8   18 0.770833
   242    8   19 0.666667
   242    8   20 0.770833
   242    8   21 1.000000
   242    8   24 1.000000
   242    8   25 1.000000
   242    9   10 0.645833
   242    9   11 1.000000
   242    9   12 1.000000
   242    9   13 0.770833
   242    9   14 1.000000
   242    9   15 1.000000
   242    9   16 1.000000
   242    9   17 1.000000
   242    9   18 1.000000
   242    9   19 0.895833
   242    9   20 1.000000
   242    9   21 0.770833
   242    9   24 0.770833
   242    9   25 0.770833
   242   10   11 0.645833
   242   10   12 0.645833
   242   10   13 0.416667
   242   10   14 0.645833
   242   10   15 0.645833
   242   10   16 0.645833
   242   10   17 0.645833
   242   10   18 0.645833
   242   10   19 0.645833
   242   10   20 0.645833
   242   10   21 0.416667
   242   10   24 0.416667
   242   10   25 0.416667
   242   11   12 1.000000
   242   11   13 0.770833
   242   11   14 1.000000
   242   11   15 1.000000
   242   11   16 1.000000
   242   11   17 1.000000
   242   11   18 1.000000
   242   11   19 0.895833
   242   11   20 1.000000
   242   11   21 0.770833
   242   11   24 0.770833
   242   11   25 0.770833
   242   12   13 0.770833
   242   12   14 1.000000
   242   12   15 1.000000
   242   12   16 1.000000
   242   12   17 1.000000
   242   12   18 1.000000
   242   12   19 0.895833
   242   12   20 1.000000
   242   12   21 0.770833
   242   12   24 0.770833
   242   12   25 0.770833
   242   13   14 0.770833
   242   13   15 0.770833
   242   13   16 0.770833
   242   13   17 0.770833
   242   13   18 0.770833
   242   13   19 0.666667
   242   13   20 0.770833
   242   13   21 1.000000
   242   13   24 1.000000
   242   13   25 1.000000
   242   14   15 1.000000
   242   14   16 1.000000
   242   14   17 1.000000
   242   14   18 1.000000
   242   14   19 0.895833
   242   14   20 1.000000
   242   14   21 0.770833
   242   14   24 0.770833
   242   14   25 0.770833
   242   15   16 1.000000
   242   15   17 1.000000
   242   15   18 1.000000
   242   15   19 0.895833
   242   15   20 1.000000
   242   15   21 0.770833
   242   15   24 0.770833
   242   15   25 0.770833
   242   16   17 1.000000
   242   16   18 1.000000
   242   16   19 0.895833
   242   16   20 1.000000
   242   16   21 0.770833
   242   16   24 0.770833
   242   16   25 0.770833
   242   17   18 1.000000
   242   17   19 0.895833
   242   17   20 1.000000
   242   17   21 0.770833
   242   17   24 0.770833
   242   17   25 0.770833
   242   18   19 0.895833
   242   18   20 1.000000
   242   18   21 0.770833
   242   18   24 0.770833
   242   18   25 0.770833
   242   19   20 0.895833
   242   19   21 0.666667
   242   19   24 0.666667
   242   19   25 0.666667
   242   20   21 0.770833
   242   20   24 0.770833
   242   20   25 0.770833
   242   21   24 1.000000
   242   21   25 1.000000
   242   24   25 1.000000
   243    1    2 0.791667
   243    1    3 0.979167
   243    1    4 0.979167
   243    1    5 0.958333
   243    1    6 0.979167
   243    1    7 0.791667
   243    1    8 0.791667
   243    1    9 0.979167
   243    1   10 0.625000
   243    1   11 0.979167
   243    1   12 0.979167
   243    1   13 0.791667
   243    1   14 0.979167
   243    1   15 0.979167
   243    1   16 0.979167
   243    1   17 0.979167
   243    1   18 0.979167
   243    1   19 0.875000
   243    1   20 0.979167
   243    1   21 0.791667
   243    1   24 0.791667
   243    1   25 0.791667
   243    1   27 0.562500
   243    2    3 0.812500
   243    2    4 0.812500
   243    2    5 0.833333
   243    2    6 0.770833
   243    2    7 1.000000
   243    2    8 1.000000
   243    2    9 0.770833
   243    2   10 0.416667
   243    2   11 0.770833
   243    2   12 0.770833
   243    2   13 1.000000
   243    2   14 0.770833
   243    2   15 0.770833
   243    2   16 0.770833
   243    2   17 0.770833
   243    2   18 0.770833
   243    2   19 0.666667
   243    2   20 0.770833
   243    2   21 1.000000
   243    2   24 1.000000
   243    2   25 1.000000
   243    2   27 0.562500
   243    3    4 1.000000
   243    3    5 0.979167
   243    3    6 0.958333
   243    3    7 0.812500
   243    3    8 0.812500
   243    3    9 0.958333
   243    3   10 0.604167
   243    3   11 0.958333
   243    3   12 0.958333
   243    3   13 0.812500
   243    3   14 0.958333
   243    3   15 0.958333
   243    3   16 0.958333
   243    3   17 0.958333
   243    3   18 0.958333
   243    3   19 0.854167
   243    3   20 0.958333
   243    3   21 0.812500
   243    3   24 0.812500
   243    3   25 0.812500
   243    3   27 0.562500
   243    4    5 0.979167
   243    4    6 0.958333
   243    4    7 0.812500
   243    4    8 0.812500
   243    4    9 0.958333
   243    4   10 0.604167
   243    4   11 0.958333
   243    4   12 0.958333
   243    4   13 0.812500
   243    4   14 0.958333
   243    4   15 0.958333
   243    4   16 0.958333
   243    4   17 0.958333
   243    4   18 0.958333
   243    4   19 0.854167
   243    4   20 0.958333
   243    4   21 0.812500
   243    4   24 0.812500
   243    4   25 0.812500
   243    4   27 0.562500
   243    5    6 0.937500
   243    5    7 0.833333
   243    5    8 0.833333
   243    5    9 0.937500
   243    5   10 0.583333
   243    5   11 0.937500
   243    5   12 0.937500
   243    5   13 0.833333
   243    5   14 0.937500
   243    5   15 0.937500
   243    5   16 0.937500
   243    5   17 0.937500
   243    5   18 0.937500
   243    5   19 0.833333
   243    5   20 0.937500
   243    5   21 0.833333
   243    5   24 0.833333
   243    5   25 0.833333
   243    5   27 0.562500
   243    6    7 0.770833
   243    6    8 0.770833
   243    6    9 1.000000
   243    6   10 0.645833
   243    6   11 1.000000
   243    6   12 1.000000
   243    6   13 0.770833
   243    6   14 1.000000
   243    6   15 1.000000
   243    6   16 1.000000
   243    6   17 1.000000
   243    6   18 1.000000
   243    6   19 0.895833
   243    6   20 1.000000
   243    6   21 0.770833
   243    6   24 0.770833
   243    6   25 0.770833
   243    6   27 0.562500
   243    7    8 1.000000
   243    7    9 0.770833
   243    7   10 0.416667
   243    7   11 0.770833
   243    7   12 0.770833
   243    7   13 1.000000
   243    7   14 0.770833
   243    7   15 0.770833
   243    7   16 0.770833
   243    7   17 0.770833
   243    7   18 0.770833
   243    7   19 0.666667
   243    7   20 0.770833
   243    7   21 1.000000
   243    7   24 1.000000
   243    7   25 1.000000
   243    7   27 0.562500
   243    8    9 0.770833
   243    8   10 0.416667
   243    8   11 0.770833
   243    8   12 0.770833
   243    8   13 1.000000
   243    8   14 0.770833
   243    8   15 0.770833
   243    8   16 0.770833
   243    8   17 0.770833
   243    8   18 0.770833
   243    8   19 0.666667
   243    8   20 0.770833
   243    8   21 1.000000
   243    8   24 1.000000
   243    8   25 1.000000
   243    8   27 0.562500
   243    9   10 0.645833
   243    9   11 1.000000
   243    9   12 1.000000
   243    9   13 0.770833
   243    9   14 1.000000
   243    9   15 1.000000
   243    9   16 1.000000
   243    9   17 1.000000
   243    9   18 1.000000
   243    9   19 0.895833
   243    9   20 1.000000
   243    9   21 0.770833
   243    9   24 0.770833
   243    9   25 0.770833
   243    9   27 0.562500
   243   10   11 0.645833
   243   10   12 0.645833
   243   10   13 0.416667
   243   10   14 0.645833
   243   10   15 0.645833
   243   10   16 0.645833
   243   10   17 0.645833
   243   10   18 0.645833
   243   10   19 0.645833
   243   10   20 0.645833
   243   10   21 0.416667
   243   10   24 0.416667
   243   10   25 0.416667
   243   10   27 0.270833
   243   11   12 1.000000
   243   11   13 0.770833
   243   11   14 1.000000
   243   11   15 1.000000
   243   11   16 1.000000
   243   11   17 1.000000
   243   11   18 1.000000
   243   11   19 0.895833
   243   11   20 1.000000
   243   11   21 0.770833
   243   11   24 0.770833
   243   11   25 0.770833
   243   11   27 0.562500
   243   12   13 0.770833
   243   12   14 1.000000
   243   12   15 1.000000
   243   12   16 1.000000
   243   12   17 1.000000
   243   12   18 1.000000
   243   12   19 0.895833
   243   12   20 1.000000
   243   12   21 0.770833
   243   12   24 0.770833
   243   12   25 0.770833
   243   12   27 0.562500
   243   13   14 0.770833
   243   13   15 0.770833
   243   13   16 0.770833
   243   13   17 0.770833
   243   13   18 0.770833
   243   13   19 0.666667
   243   13   20 0.770833
   243   13   21 1.000000
   243   13   24 1.000000
   243   13   25 1.000000
   243   13   27 0.562500
   243   14   15 1.000000
   243   14   16 1.000000
   243   14   17 1.000000
   243   14   18 1.000000
   243   14   19 0.895833
   243   14   20 1.000000
   243   14   21 0.770833
   243   14   24 0.770833
   243   14   25 0.770833
   243   14   27 0.562500
   243   15   16 1.000000
   243   15   17 1.000000
   243   15   18 1.000000
   243   15   19 0.895833
   243   15   20 1.000000
   243   15   21 0.770833
   243   15   24 0.770833
   243   15   25 0.770833
   243   15   27 0.562500
   243   16   17 1.000000
   243   16   18 1.000000
   243   16   19 0.895833
   243   16   20 1.000000
   243   16   21 0.770833
   243   16   24 0.770833
   243   16   25 0.770833
   243   16   27 0.562500
   243   17   18 1.000000
   243   17   19 0.895833
   243   17   20 1.000000
   243   17   21 0.770833
   243   17   24 0.770833
   243   17   25 0.770833
   243   17   27 0.562500
   243   18   19 0.895833
   243   18   20 1.000000
   243   18   21 0.770833
   243   18   24 0.770833
   243   18   25 0.770833
   243   18   27 0.562500
   243   19   20 0.895833
   243   19   21 0.666667
   243   19   24 0.666667
   243   19   25 0.666667
   243   19   27 0.458333
   243   20   21 0.770833
   243   20   24 0.770833
   243   20   25 0.770833
   243   20   27 0.562500
   243   21   24 1.000000
   243   21   25 1.000000
   243   21   27 0.562500
   243   24   25 1.000000
   243   24   27 0.562500
   243   25   27 0.562500
   244    1    2 0.791667
   244    1    3 0.979167
   244    1    4 0.979167
   244    1    5 0.958333
   244    1    6 0.979167
   244    1    7 0.791667
   244    1    8 0.791667
   244    1    9 0.979167
   244    1   10 0.625000
   244    1   11 0.979167
   244    1   12 0.979167
   244    1   13 0.791667
   244    1   14 0.979167
   244    1   15 0.979167
   244    1   16 0.979167
   244    1   17 0.979167
   244    1   18 0.979167
   244    1   19 0.875000
   244    1   20 0.979167
   244    1   21 0.791667
   244    1   24 0.791667
   244    1   25 0.791667
   244    1   27 0.562500
   244    2    3 0.812500
   244    2    4 0.812500
   244    2    5 0.833333
   244    2    6 0.770833
   244    2    7 1.000000
   244    2    8 1.000000
   244    2    9 0.770833
   244    2   10 0.416667
   244    2   11 0.770833
   244    2   12 0.770833
   244    2   13 1.000000
   244    2   14 0.770833
   244    2   15 0.770833
   244    2   16 0.770833
   244    2   17 0.770833
   244    2   18 0.770833
   244    2   19 0.666667
   244    2   20 0.770833
   244    2   21 1.000000
   244    2   24 1.000000
   244    2   25 1.000000
   244    2   27 0.562500
   244    3    4 1.000000
   244    3    5 0.979167
   244    3    6 0.958333
   244    3    7 0.812500
   244    3    8 0.812500
   244    3    9 0.958333
   244    3   10 0.604167
   244    3   11 0.958333
   244    3   12 0.958333
   244    3   13 0.812500
   244    3   14 0.958333
   244    3   15 0.958333
   244    3   16 0.958333
   244    3   17 0.958333
   244    3   18 0.958333
   244    3   19 0.854167
   244    3   20 0.958333
   244    3   21 0.812500
   244    3   24 0.812500
   244    3   25 0.812500
   244    3   27 0.562500
   244    4    5 0.979167
   244    4    6 0.958333
   244    4    7 0.812500
   244    4    8 0.812500
   244    4    9 0.958333
   244    4   10 0.604167
   244    4   11 0.958333
   244    4   12 0.958333
   244    4   13 0.812500
   244    4   14 0.958333
   244    4   15 0.958333
   244    4   16 0.958333
   244    4   17 0.958333
   244    4   18 0.958333
   244    4   19 0.854167
   244    4   20 0.958333
   244    4   21 0.812500
   244    4   24 0.812500
   244    4   25 0.812500
   244    4   27 0.562500
   244    5    6 0.937500
   244    5    7 0.833333
   244    5    8 0.833333
   244    5    9 0.937500
   244    5   10 0.583333
   244    5   11 0.937500
   244    5   12 0.937500
   244    5   13 0.833333
   244    5   14 0.937500
   244    5   15 0.937500
   244    5   16 0.937500
   244    5   17 0.937500
   244    5   18 0.937500
   244    5   19 0.833333
   244    5   20 0.937500
   244    5   21 0.833333
   244    5   24 0.833333
   244    5   25 0.833333
   244    5   27 0.562500
   244    6    7 0.770833
   244    6    8 0.770833
   244    6    9 1.000000
   244    6   10 0.645833
   244    6   11 1.000000
   244    6   12 1.000000
   244    6   13 0.770833
   244    6   14 1.000000
   244    6   15 1.000000
   244    6   16 1.000000
   244    6   17 1.000000
   244    6   18 1.000000
   244    6   19 0.895833
   244    6   20 1.000000
   244    6   21 0.770833
   244    6   24 0.770833
   244    6   25 0.770833
   244    6   27 0.562500
   244    7    8 1.000000
   244    7    9 0.770833
   244    7   10 0.416667
   244    7   11 0.770833
   244    7   12 0.770833
   244    7   13 1.000000
   244    7   14 0.770833
   244    7   15 0.770833
   244    7   16 0.770833
   244    7   17 0.770833
   244    7   18 0.770833
   244    7   19 0.666667
   244    7   20 0.770833
   244    7   21 1.000000
   244    7   24 1.000000
   244    7   25 1.000000
   244    7   27 0.562500
   244    8    9 0.770833
   244    8   10 0.416667
   244    8   11 0.770833
   244    8   12 0.770833
   244    8   13 1.000000
   244    8   14 0.770833
   244    8   15 0.770833
   244    8   16 0.770833
   244    8   17 0.770833
   244    8   18 0.770833
   244    8   19 0.666667
   244    8   20 0.770833
   244    8   21 1.000000
   244    8   24 1.000000
   244    8   25 1.000000
   244    8   27 0.562500
   244    9   10 0.645833
   244    9   11 1.000000
   244    9   12 1.000000
   244    9   13 0.770833
   244    9   14 1.000000
   244    9   15 1.000000
   244    9   16 1.000000
   244    9   17 1.000000
   244    9   18 1.000000
   244    9   19 0.895833
   244    9   20 1.000000
   244    9   21 0.770833
   244    9   24 0.770833
   244    9   25 0.770833
   244    9   27 0.562500
   244   10   11 0.645833
   244   10   12 0.645833
   244   10   13 0.416667
   244   10   14 0.645833
   244   10   15 0.645833
   244   10   16 0.645833
   244   10   17 0.645833
   244   10   18 0.645833
   244   10   19 0.645833
   244   10   20 0.645833
   244   10   21 0.416667
   244   10   24 0.416667
   244   10   25 0.416667
   244   10   27 0.270833
   244   11   12 1.000000
   244   11   13 0.770833
   244   11   14 1.000000
   244   11   15 1.000000
   244   11   16 1.000000
   244   11   17 1.000000
   244   11   18 1.000000
   244   11   19 0.895833
   244   11   20 1.000000
   244   11   21 0.770833
   244   11   24 0.770833
   244   11   25 0.770833
   244   11   27 0.562500
   244   12   13 0.770833
   244   12   14 1.000000
   244   12   15 1.000000
   244   12   16 1.000000
   244   12   17 1.000000
   244   12   18 1.000000
   244   12   19 0.895833
   244   12   20 1.000000
   244   12   21 0.770833
   244   12   24 0.770833
   244   12   25 0.770833
   244   12   27 0.562500
   244   13   14 0.770833
   244   13   15 0.770833
   244   13   16 0.770833
   244   13   17 0.770833
   244   13   18 0.770833
   244   13   19 0.666667
   244   13   20 0.770833
   244   13   21 1.000000
   244   13   24 1.000000
   244   13   25 1.000000
   244   13   27 0.562500
   244   14   15 1.000000
   244   14   16 1.000000
   244   14   17 1.000000
   244   14   18 1.000000
   244   14   19 0.895833
   244   14   20 1.000000
   244   14   21 0.770833
   244   14   24 0.770833
   244   14   25 0.770833
   244   14   27 0.562500
   244   15   16 1.000000
   244   15   17 1.000000
   244   15   18 1.000000
   244   15   19 0.895833
   244   15   20 1.000000
   244   15   21 0.770833
   244   15   24 0.770833
   244   15   25 0.770833
   244   15   27 0.562500
   244   16   17 1.000000
   244   16   18 1.000000
   244   16   19 0.895833
   244   16   20 1.000000
   244   16   21 0.770833
   244   16   24 0.770833
   244   16   25 0.770833
   244   16   27 0.562500
   244   17   18 1.000000
   244   17   19 0.895833
   244   17   20 1.000000
   244   17   21 0.770833
   244   17   24 0.770833
   244   17   25 0.770833
   244   17   27 0.562500
   244   18   19 0.895833
   244   18   20 1.000000
   244   18   21 0.770833
   244   18   24 0.770833
   244   18   25 0.770833
   244   18   27 0.562500
   244   19   20 0.895833
   244   19   21 0.666667
   244   19   24 0.666667
   244   19   25 0.666667
   244   19   27 0.458333
   244   20   21 0.770833
   244   20   24 0.770833
   244   20   25 0.770833
   244   20   27 0.562500
   244   21   24 1.000000
   244   21   25 1.000000
   244   21   27 0.562500
   244   24   25 1.000000
   244   24   27 0.562500
   244   25   27 0.562500
   245    1    2 0.791667
   245    1    3 0.979167
   245    1    4 0.979167
   245    1    5 0.958333
   245    1    6 0.979167
   245    1    7 0.791667
   245    1    8 0.791667
   245    1    9 0.979167
   245    1   10 0.916667
   245    1   11 0.979167
   245    1   12 0.979167
   245    1   13 0.791667
   245    1   14 0.979167
   245    1   15 0.979167
   245    1   16 0.979167
   245    1   17 0.979167
   245    1   18 0.979167
   245    1   19 0.979167
   245    1   20 0.979167
   245    1   21 0.791667
   245    1   22 0.791667
   245    1   24 0.791667
   245    1   25 0.791667
   245    1   27 0.562500
   245    2    3 0.812500
   245    2    4 0.812500
   245    2    5 0.833333
   245    2    6 0.770833
   245    2    7 1.000000
   245    2    8 1.000000
   245    2    9 0.770833
   245    2   10 0.708333
   245    2   11 0.770833
   245    2   12 0.770833
   245    2   13 1.000000
   245    2   14 0.770833
   245    2   15 0.770833
   245    2   16 0.770833
   245    2   17 0.770833
   245    2   18 0.770833
   245    2   19 0.770833
   245    2   20 0.770833
   245    2   21 1.000000
   245    2   22 1.000000
   245    2   24 1.000000
   245    2   25 1.000000
   245    2   27 0.562500
   245    3    4 1.000000
   245    3    5 0.979167
   245    3    6 0.958333
   245    3    7 0.812500
   245    3    8 0.812500
   245    3    9 0.958333
   245    3   10 0.895833
   245    3   11 0.958333
   245    3   12 0.958333
   245    3   13 0.812500
   245    3   14 0.958333
   245    3   15 0.958333
   245    3   16 0.958333
   245    3   17 0.958333
   245    3   18 0.958333
   245    3   19 0.958333
   245    3   20 0.958333
   245    3   21 0.812500
   245    3   22 0.812500
   245    3   24 0.812500
   245    3   25 0.812500
   245    3   27 0.562500
   245    4    5 0.979167
   245    4    6 0.958333
   245    4    7 0.812500
   245    4    8 0.812500
   245    4    9 0.958333
   245    4   10 0.895833
   245    4   11 0.958333
   245    4   12 0.958333
   245    4   13 0.812500
   245    4   14 0.958333
   245    4   15 0.958333
   245    4   16 0.958333
   245    4   17 0.958333
   245    4   18 0.958333
   245    4   19 0.958333
   245    4   20 0.958333
   245    4   21 0.812500
   245    4   22 0.812500
   245    4   24 0.812500
   245    4   25 0.812500
   245    4   27 0.562500
   245    5    6 0.937500
   245    5    7 0.833333
   245    5    8 0.833333
   245    5    9 0.937500
   245    5   10 0.875000
   245    5   11 0.937500
   245    5   12 0.937500
   245    5   13 0.833333
   245    5   14 0.937500
   245    5   15 0.937500
   245    5   16 0.937500
   245    5   17 0.937500
   245    5   18 0.937500
   245    5   19 0.937500
   245    5   20 0.937500
   245    5   21 0.833333
   245    5   22 0.833333
   245    5   24 0.833333
   245    5   25 0.833333
   245    5   27 0.562500
   245    6    7 0.770833
   245    6    8 0.770833
   245    6    9 1.000000
   245    6   10 0.937500
   245    6   11 1.000000
   245    6   12 1.000000
   245    6   13 0.770833
   245    6   14 1.000000
   245    6   15 1.000000
   245    6   16 1.000000
   245    6   17 1.000000
   245    6   18 1.000000
   245    6   19 1.000000
   245    6   20 1.000000
   245    6   21 0.770833
   245    6   22 0.770833
   245    6   24 0.770833
   245    6   25 0.770833
   245    6   27 0.562500
   245    7    8 1.000000
   245    7    9 0.770833
   245    7   10 0.708333
   245    7   11 0.770833
   245    7   12 0.770833
   245    7   13 1.000000
   245    7   14 0.770833
   245    7   15 0.770833
   245    7   16 0.770833
   245    7   17 0.770833
   245    7   18 0.770833
   245    7   19 0.770833
   245    7   20 0.770833
   245    7   21 1.000000
   245    7   22 1.000000
   245    7   24 1.000000
   245    7   25 1.000000
   245    7   27 0.562500
   245    8    9 0.770833
   245    8   10 0.708333
   245    8   11 0.770833
   245    8   12 0.770833
   245    8   13 1.000000
   245    8   14 0.770833
   245    8   15 0.770833
   245    8   16 0.770833
   245    8   17 0.770833
   245    8   18 0.770833
   245    8   19 0.770833
   245    8   20 0.770833
   245    8   21 1.000000
   245    8   22 1.000000
   245    8   24 1.000000
   245    8   25 1.000000
   245    8   27 0.562500
   245    9   10 0.937500
   245    9   11 1.000000
   245    9   12 1.000000
   245    9   13 0.770833
   245    9   14 1.000000
   245    9   15 1.000000
   245    9   16 1.000000
   245    9   17 1.000000
   245    9   18 1.000000
   245    9   19 1.000000
   245    9   20 1.000000
   245    9   21 0.770833
   245    9   22 0.770833
   245    9   24 0.770833
   245    9   25 0.770833
   245    9   27 0.562500
   245   10   11 0.937500
   245   10   12 0.937500
   245   10   13 0.708333
   245   10   14 0.937500
   245   10   15 0.937500
   245   10   16 0.937500
   245   10   17 0.937500
   245   10   18 0.937500
   245   10   19 0.937500
   245   10   20 0.937500
   245   10   21 0.708333
   245   10   22 0.708333
   245   10   24 0.708333
   245   10   25 0.708333
   245   10   27 0.562500
   245   11   12 1.000000
   245   11   13 0.770833
   245   11   14 1.000000
   245   11   15 1.000000
   245   11   16 1.000000
   245   11   17 1.000000
   245   11   18 1.000000
   245   11   19 1.000000
   245   11   20 1.000000
   245   11   21 0.770833
   245   11   22 0.770833
   245   11   24 0.770833
   245   11   25 0.770833
   245   11   27 0.562500
   245   12   13 0.770833
   245   12   14 1.000000
   245   12   15 1.000000
   245   12   16 1.000000
   245   12   17 1.000000
   245   12   18 1.000000
   245   12   19 1.000000
   245   12   20 1.000000
   245   12   21 0.770833
   245   12   22 0.770833
   245   12   24 0.770833
   245   12   25 0.770833
   245   12   27 0.562500
   245   13   14 0.770833
   245   13   15 0.770833
   245   13   16 0.770833
   245   13   17 0.770833
   245   13   18 0.770833
   245   13   19 0.770833
   245   13   20 0.770833
   245   13   21 1.000000
   245   13   22 1.000000
   245   13   24 1.000000
   245   13   25 1.000000
   245   13   27 0.562500
   245   14   15 1.000000
   245   14   16 1.000000
   245   14   17 1.000000
   245   14   18 1.000000
   245   14   19 1.000000
   245   14   20 1.000000
   245   14   21 0.770833
   245   14   22 0.770833
   245   14   24 0.770833
   245   14   25 0.770833
   245   14   27 0.562500
   245   15   16 1.000000
   245   15   17 1.000000
   245   15   18 1.000000
   245   15   19 1.000000
   245   15   20 1.000000
   245   15   21 0.770833
   245   15   22 0.770833
   245   15   24 0.770833
   245   15   25 0.770833
   245   15   27 0.562500
   245   16   17 1.000000
   245   16   18 1.000000
   245   16   19 1.000000
   245   16   20 1.000000
   245   16   21 0.770833
   245   16   22 0.770833
   245   16   24 0.770833
   245   16   25 0.770833
   245   16   27 0.562500
   245   17   18 1.000000
   245   17   19 1.000000
   245   17   20 1.000000
   245   17   21 0.770833
   245   17   22 0.770833
   245   17   24 0.770833
   245   17   25 0.770833
   245   17   27 0.562500
   245   18   19 1.000000
   245   18   20 1.000000
   245   18   21 0.770833
   245   18   22 0.770833
   245   18   24 0.770833
   245   18   25 0.770833
   245   18   27 0.562500
   245   19   20 1.000000
   245   19   21 0.770833
   245   19   22 0.770833
   245   19   24 0.770833
   245   19   25 0.770833
   245   19   27 0.562500
   245   20   21 0.770833
   245   20   22 0.770833
   245   20   24 0.770833
   245   20   25 0.770833
   245   20   27 0.562500
   245   21   22 1.000000
   245   21   24 1.000000
   245   21   25 1.000000
   245   21   27 0.562500
   245   22   24 1.000000
   245   22   25 1.000000
   245   22   27 0.562500
   245   24   25 1.000000
   245   24   27 0.562500
   245   25   27 0.562500
   246    1    2 1.000000
   246    1    3 1.000000
   246    1    4 1.000000
   246    1    5 1.000000
   246    1    6 1.000000
   246    1    7 1.000000
   246    1    8 1.000000
   246    1    9 1.000000
   246    1   10 1.000000
   246    1   11 1.000000
   246    1   12 1.000000
   246    1   13 1.000000
   246    1   14 1.000000
   246    1   15 1.000000
   246    1   16 1.000000
   246    1   17 1.000000
   246    1   18 1.000000
   246    1   19 1.000000
   246    1   20 1.000000
   246    1   21 1.000000
   246    1   22 1.000000
   246    1   24 1.000000
   246    1   25 1.000000
   246    1   27 0.562500
   246    2    3 1.000000
   246    2    4 1.000000
   246    2    5 1.000000
   246    2    6 1.000000
   246    2    7 1.000000
   246    2    8 1.000000
   246    2    9 1.000000
   246    2   10 1.000000
   246    2   11 1.000000
   246    2   12 1.000000
   246    2   13 1.000000
   246    2   14 1.000000
   246    2   15 1.000000
   246    2   16 1.000000
   246    2   17 1.000000
   246    2   18 1.000000
   246    2   19 1.000000
   246    2   20 1.000000
   246    2   21 1.000000
   246    2   22 1.000000
   246    2   24 1.000000
   246    2   25 1.000000
   246    2   27 0.562500
   246    3    4 1.000000
   246    3    5 1.000000
   246    3    6 1.000000
   246    3    7 1.000000
   246    3    8 1.000000
   246    3    9 1.000000
   246    3   10 1.000000
   246    3   11 1.000000
   246    3   12 1.000000
   246    3   13 1.000000
   246    3   14 1.000000
   246    3   15 1.000000
   246    3   16 1.000000
   246    3   17 1.000000
   246    3   18 1.000000
   246    3   19 1.000000
   246    3   20 1.000000
   246    3   21 1.000000
   246    3   22 1.000000
   246    3   24 1.000000
   246    3   25 1.000000
   246    3   27 0.562500
   246    4    5 1.000000
   246    4    6 1.000000
   246    4    7 1.000000
   246    4    8 1.000000
   246    4    9 1.000000
   246    4   10 1.000000
   246    4   11 1.000000
   246    4   12 1.000000
   246    4   13 1.000000
   246    4   14 1.000000
   246    4   15 1.000000
   246    4   16 1.000000
   246    4   17 1.000000
   246    4   18 1.000000
   246    4   19 1.000000
   246    4   20 1.000000
   246    4   21 1.000000
   246    4   22 1.000000
   246    4   24 1.000000
   246    4   25 1.000000
   246    4   27 0.562500
   246    5    6 1.000000
   246    5    7 1.000000
   246    5    8 1.000000
   246    5    9 1.000000
   246    5   10 1.000000
   246    5   11 1.000000
   246    5   12 1.000000
   246    5   13 1.000000
   246    5   14 1.000000
   246    5   15 1.000000
   246    5   16 1.000000
   246    5   17 1.000000
   246    5   18 1.000000
   246    5   19 1.000000
   246    5   20 1.000000
   246    5   21 1.000000
   246    5   22 1.000000
   246    5   24 1.000000
   246    5   25 1.000000
   246    5   27 0.562500
   246    6    7 1.000000
   246    6    8 1.000000
   246    6    9 1.000000
   246    6   10 1.000000
   246    6   11 1.000000
   246    6   12 1.000000
   246    6   13 1.000000
   246    6   14 1.000000
   246    6   15 1.000000
   246    6   16 1.000000
   246    6   17 1.000000
   246    6   18 1.000000
   246    6   19 1.000000
   246    6   20 1.000000
   246    6   21 1.000000
   246    6   22 1.000000
   246    6   24 1.000000
   246    6   25 1.000000
   246    6   27 0.562500
   246    7    8 1.000000
   246    7    9 1.000000
   246    7   10 1.000000
   246    7   11 1.000000
   246    7   12 1.000000
   246    7   13 1.000000
   246    7   14 1.000000
   246    7   15 1.000000
   246    7   16 1.000000
   246    7   17 1.000000
   246    7   18 1.000000
   246    7   19 1.000000
   246    7   20 1.000000
   246    7   21 1.000000
   246    7   22 1.000000
   246    7   24 1.000000
   246    7   25 1.000000
   246    7   27 0.562500
   246    8    9 1.000000
   246    8   10 1.000000
   246    8   11 1.000000
   246    8   12 1.000000
   246    8   13 1.000000
   246    8   14 1.000000
   246    8   15 1.000000
   246    8   16 1.000000
   246    8   17 1.000000
   246    8   18 1.000000
   246    8   19 1.000000
   246    8   20 1.000000
   246    8   21 1.000000
   246    8   22 1.000000
   246    8   24 1.000000
   246    8   25 1.000000
   246    8   27 0.562500
   246    9   10 1.000000
   246    9   11 1.000000
   246    9   12 1.000000
   246    9   13 1.000000
   246    9   14 1.000000
   246    9   15 1.000000
   246    9   16 1.000000
   246    9   17 1.000000
   246    9   18 1.000000
   246    9   19 1.000000
   246    9   20 1.000000
   246    9   21 1.000000
   246    9   22 1.000000
   246    9   24 1.000000
   246    9   25 1.000000
   246    9   27 0.562500
   246   10   11 1.000000
   246   10   12 1.000000
   246   10   13 1.000000
   246   10   14 1.000000
   246   10   15 1.000000
   246   10   16 1.000000
   246   10   17 1.000000
   246   10   18 1.000000
   246   10   19 1.000000
   246   10   20 1.000000
   246   10   21 1.000000
   246   10   22 1.000000
   246   10   24 1.000000
   246   10   25 1.000000
   246   10   27 0.562500
   246   11   12 1.000000
   246   11   13 1.000000
   246   11   14 1.000000
   246   11   15 1.000000
   246   11   16 1.000000
   246   11   17 1.000000
   246   11   18 1.000000
   246   11   19 1.000000
   246   11   20 1.000000
   246   11   21 1.000000
   246   11   22 1.000000
   246   11   24 1.000000
   246   11   25 1.000000
   246   11   27 0.562500
   246   12   13 1.000000
   246   12   14 1.000000
   246   12   15 1.000000
   246   12   16 1.000000
   246   12   17 1.000000
   246   12   18 1.000000
   246   12   19 1.000000
   246   12   20 1.000000
   246   12   21 1.000000
   246   12   22 1.000000
   246   12   24 1.000000
   246   12   25 1.000000
   246   12   27 0.562500
   246   13   14 1.000000
   246   13   15 1.000000
   246   13   16 1.000000
   246   13   17 1.000000
   246   13   18 1.000000
   246   13   19 1.000000
   246   13   20 1.000000
   246   13   21 1.000000
   246   13   22 1.000000
   246   13   24 1.000000
   246   13   25 1.000000
   246   13   27 0.562500
   246   14   15 1.000000
   246   14   16 1.000000
   246   14   17 1.000000
   246   14   18 1.000000
   246   14   19 1.000000
   246   14   20 1.000000
   246   14   21 1.000000
   246   14   22 1.000000
   246   14   24 1.000000
   246   14   25 1.000000
   246   14   27 0.562500
   246   15   16 1.000000
   246   15   17 1.000000
   246   15   18 1.000000
   246   15   19 1.000000
   246   15   20 1.000000
   246   15   21 1.000000
   246   15   22 1.000000
   246   15   24 1.000000
   246   15   25 1.000000
   246   15   27 0.562500
   246   16   17 1.000000
   246   16   18 1.000000
   246   16   19 1.000000
   246   16   20 1.000000
   246   16   21 1.000000
   246   16   22 1.000000
   246   16   24 1.000000
   246   16   25 1.000000
   246   16   27 0.562500
   246   17   18 1.000000
   246   17   19 1.000000
   246   17   20 1.000000
   246   17   21 1.000000
   246   17   22 1.000000
   246   17   24 1.000000
   246   17   25 1.000000
   246   17   27 0.562500
   246   18   19 1.000000
   246   18   20 1.000000
   246   18   21 1.000000
   246   18   22 1.000000
   246   18   24 1.000000
   246   18   25 1.000000
   246   18   27 0.562500
   246   19   20 1.000000
   246   19   21 1.000000
   246   19   22 1.000000
   246   19   24 1.000000
   246   19   25 1.000000
   246   19   27 0.562500
   246   20   21 1.000000
   246   20   22 1.000000
   246   20   24 1.000000
   246   20   25 1.000000
   246   20   27 0.562500
   246   21   22 1.000000
   246   21   24 1.000000
   246   21   25 1.000000
   246   21   27 0.562500
   246   22   24 1.000000
   246   22   25 1.000000
   246   22   27 0.562500
   246   24   25 1.000000
   246   24   27 0.562500
   246   25   27 0.562500
   247    1    2 1.000000
   247    1    3 1.000000
   247    1    4 1.000000
   247    1    5 1.000000
   247    1    6 1.000000
   247    1    7 1.000000
   247    1    8 1.000000
   247    1    9 1.000000
   247    1   10 1.000000
   247    1   11 1.000000
   247    1   12 1.000000
   247    1   13 1.000000
   247    1   14 1.000000
   247    1   15 1.000000
   247    1   16 1.000000
   247    1   17 1.000000
   247    1   18 1.000000
   247    1   19 1.000000
   247    1   20 1.000000
   247    1   21 1.000000
   247    1   22 1.000000
   247    1   23 1.000000
   247    1   24 1.000000
   247    1   25 1.000000
   247    1   26 1.000000
   247    1   27 1.000000
   247    2    3 1.000000
   247    2    4 1.000000
   247    2    5 1.000000
   247    2    6 1.000000
   247    2    7 1.000000
   247    2    8 1.000000
   247    2    9 1.000000
   247    2   10 1.000000
   247    2   11 1.000000
   247    2   12 1.000000
   247    2   13 1.000000
   247    2   14 1.000000
   247    2   15 1.000000
   247    2   16 1.000000
   247    2   17 1.000000
   247    2   18 1.000000
   247    2   19 1.000000
   247    2   20 1.000000
   247    2   21 1.000000
   247    2   22 1.000000
   247    2   23 1.000000
   247    2   24 1.000000
   247    2   25 1.000000
   247    2   26 1.000000
   247    2   27 1.000000
   247    3    4 1.000000
   247    3    5 1.000000
   247    3    6 1.000000
   247    3    7 1.000000
   247    3    8 1.000000
   247    3    9 1.000000
   247    3   10 1.000000
   247    3   11 1.000000
   247    3   12 1.000000
   247    3   13 1.000000
   247    3   14 1.000000
   247    3   15 1.000000
   247    3   16 1.000000
   247    3   17 1.000000
   247    3   18 1.000000
   247    3   19 1.000000
   247    3   20 1.000000
   247    3   21 1.000000
   247    3   22 1.000000
   247    3   23 1.000000
   247    3   24 1.000000
   247    3   25 1.000000
   247    3   26 1.000000
   247    3   27 1.000000
   247    4    5 1.000000
   247    4    6 1.000000
   247    4    7 1.000000
   247    4    8 1.000000
   247    4    9 1.000000
   247    4   10 1.000000
   247    4   11 1.000000
   247    4   12 1.000000
   247    4   13 1.000000
   247    4   14 1.000000
   247    4   15 1.000000
   247    4   16 1.000000
   247    4   17 1.000000
   247    4   18 1.000000
   247    4   19 1.000000
   247    4   20 1.000000
   247    4   21 1.000000
   247    4   22 1.000000
   247    4   23 1.000000
   247    4   24 1.000000
   247    4   25 1.000000
   247    4   26 1.000000
   247    4   27 1.000000
   247    5    6 1.000000
   247    5    7 1.000000
   247    5    8 1.000000
   247    5    9 1.000000
   247    5   10 1.000000
   247    5   11 1.000000
   247    5   12 1.000000
   247    5   13 1.000000
   247    5   14 1.000000
   247    5   15 1.000000
   247    5   16 1.000000
   247    5   17 1.000000
   247    5   18 1.000000
   247    5   19 1.000000
   247    5   20 1.000000
   247    5   21 1.000000
   247    5   22 1.000000
   247    5   23 1.000000
   247    5   24 1.000000
   247    5   25 1.000000
   247    5   26 1.000000
   247    5   27 1.000000
   247    6    7 1.000000
   247    6    8 1.000000
   247    6    9 1.000000
   247    6   10 1.000000
   247    6   11 1.000000
   247    6   12 1.000000
   247    6   13 1.000000
   247    6   14 1.000000
   247    6   15 1.000000
   247    6   16 1.000000
   247    6   17 1.000000
   247    6   18 1.000000
   247    6   19 1.000000
   247    6   20 1.000000
   247    6   21 1.000000
   247    6   22 1.000000
   247    6   23 1.000000
   247    6   24 1.000000
   247    6   25 1.000000
   247    6   26 1.000000
   247    6   27 1.000000
   247    7    8 1.000000
   247    7    9 1.000000
   247    7   10 1.000000
   247    7   11 1.000000
   247    7   12 1.000000
   247    7   13 1.000000
   247    7   14 1.000000
   247    7   15 1.000000
   247    7   16 1.000000
   247    7   17 1.000000
   247    7   18 1.000000
   247    7   19 1.000000
   247    7   20 1.000000
   247    7   21 1.000000
   247    7   22 1.000000
   247    7   23 1.000000
   247    7   24 1.000000
   247    7   25 1.000000
   247    7   26 1.000000
   247    7   27 1.000000
   247    8    9 1.000000
   247    8   10 1.000000
   247    8   11 1.000000
   247    8   12 1.000000
   247    8   13 1.000000
   247    8   14 1.000000
   247    8   15 1.000000
   247    8   16 1.000000
   247    8   17 1.000000
   247    8   18 1.000000
   247    8   19 1.000000
   247    8   20 1.000000
   247    8   21 1.000000
   247    8   22 1.000000
   247    8   23 1.000000
   247    8   24 1.000000
   247    8   25 1.000000
   247    8   26 1.000000
   247    8   27 1.000000
   247    9   10 1.000000
   247    9   11 1.000000
   247    9   12 1.000000
   247    9   13 1.000000
   247    9   14 1.000000
   247    9   15 1.000000
   247    9   16 1.000000
   247    9   17 1.000000
   247    9   18 1.000000
   247    9   19 1.000000
   247    9   20 1.000000
   247    9   21 1.000000
   247    9   22 1.000000
   247    9   23 1.000000
   247    9   24 1.000000
   247    9   25 1.000000
   247    9   26 1.000000
   247    9   27 1.000000
   247   10   11 1.000000
   247   10   12 1.000000
   247   10   13 1.000000
   247   10   14 1.000000
   247   10   15 1.000000
   247   10   16 1.000000
   247   10   17 1.000000
   247   10   18 1.000000
   247   10   19 1.000000
   247   10   20 1.000000
   247   10   21 1.000000
   247   10   22 1.000000
   247   10   23 1.000000
   247   10   24 1.000000
   247   10   25 1.000000
   247   10   26 1.000000
   247   10   27 1.000000
   247   11   12 1.000000
   247   11   13 1.000000
   247   11   14 1.000000
   247   11   15 1.000000
   247   11   16 1.000000
   247   11   17 1.000000
   247   11   18 1.000000
   247   11   19 1.000000
   247   11   20 1.000000
   247   11   21 1.000000
   247   11   22 1.000000
   247   11   23 1.000000
   247   11   24 1.000000
   247   11   25 1.000000
   247   11   26 1.000000
   247   11   27 1.000000
   247   12   13 1.000000
   247   12   14 1.000000
   247   12   15 1.000000
   247   12   16 1.000000
   247   12   17 1.000000
   247   12   18 1.000000
   247   12   19 1.000000
   247   12   20 1.000000
   247   12   21 1.000000
   247   12   22 1.000000
   247   12   23 1.000000
   247   12   24 1.000000
   247   12   25 1.000000
   247   12   26 1.000000
   247   12   27 1.000000
   247   13   14 1.000000
   247   13   15 1.000000
   247   13   16 1.000000
   247   13   17 1.000000
   247   13   18 1.000000
   247   13   19 1.000000
   247   13   20 1.000000
   247   13   21 1.000000
   247   13   22 1.000000
   247   13   23 1.000000
   247   13   24 1.000000
   247   13   25 1.000000
   247   13   26 1.000000
   247   13   27 1.000000
   247   14   15 1.000000
   247   14   16 1.000000
   247   14   17 1.000000
   247   14   18 1.000000
   247   14   19 1.000000
   247   14   20 1.000000
   247   14   21 1.000000
   247   14   22 1.000000
   247   14   23 1.000000
   247   14   24 1.000000
   247   14   25 1.000000
   247   14   26 1.000000
   247   14   27 1.000000
   247   15   16 1.000000
   247   15   17 1.000000
   247   15   18 1.000000
   247   15   19 1.000000
   247   15   20 1.000000
   247   15   21 1.000000
   247   15   22 1.000000
   247   15   23 1.000000
   247   15   24 1.000000
   247   15   25 1.000000
   247   15   26 1.000000
   247   15   27 1.000000
   247   16   17 1.000000
   247   16   18 1.000000
   247   16   19 1.000000
   247   16   20 1.000000
   247   16   21 1.000000
   247   16   22 1.000000
   247   16   23 1.000000
   247   16   24 1.000000
   247   16   25 1.000000
   247   16   26 1.000000
   247   16   27 1.000000
   247   17   18 1.000000
   247   17   19 1.000000
   247   17   20 1.000000
   247   17   21 1.000000
   247   17   22 1.000000
   247   17   23 1.000000
   247   17   24 1.000000
   247   17   25 1.000000
   247   17   26 1.000000
   247   17   27 1.000000
   247   18   19 1.000000
   247   18   20 1.000000
   247   18   21 1.000000
   247   18   22 1.000000
   247   18   23 1.000000
   247   18   24 1.000000
   247   18   25 1.000000
   247   18   26 1.000000
   247   18   27 1.000000
   247   19   20 1.000000
   247   19   21 1.000000
   247   19   22 1.000000
   247   19   23 1.000000
   247   19   24 1.000000
   247   19   25 1.000000
   247   19   26 1.000000
   247   19   27 1.000000
   247   20   21 1.000000
   247   20   22 1.000000
   247   20   23 1.000000
   247   20   24 1.000000
   247   20   25 1.000000
   247   20   26 1.000000
   247   20   27 1.000000
   247   21   22 1.000000
   247   21   23 1.000000
   247   21   24 1.000000
   247   21   25 1.000000
   247   21   26 1.000000
   247   21   27 1.000000
   247   22   23 1.000000
   247   22   24 1.000000
   247   22   25 1.000000
   247   22   26 1.000000
   247   22   27 1.000000
   247   23   24 1.000000
   247   23   25 1.000000
   247   23   26 1.000000
   247   23   27 1.000000
   247   24   25 1.000000
   247   24   26 1.000000
   247   24   27 1.000000
   247   25   26 1.000000
   247   25   27 1.000000
   247   26   27 1.000000
   248    1    2 1.000000
   248    1    3 1.000000
   248    1    4 1.000000
   248    1    5 1.000000
   248    1    6 1.000000
   248    1    7 1.000000
   248    1    8 1.000000
   248    1    9 1.000000
   248    1   10 1.000000
   248    1   11 1.000000
   248    1   12 1.000000
   248    1   13 1.000000
   248    1   14 1.000000
   248    1   15 1.000000
   248    1   16 1.000000
   248    1   17 1.000000
   248    1   18 1.000000
   248    1   19 1.000000
   248    1   20 1.000000
   248    1   21 1.000000
   248    1   22 1.000000
   248    1   23 1.000000
   248    1   24 1.000000
   248    1   25 1.000000
   248    1   26 1.000000
   248    1   27 1.000000
   248    2    3 1.000000
   248    2    4 1.000000
   248    2    5 1.000000
   248    2    6 1.000000
   248    2    7 1.000000
   248    2    8 1.000000
   248    2    9 1.000000
   248    2   10 1.000000
   248    2   11 1.000000
   248    2   12 1.000000
   248    2   13 1.000000
   248    2   14 1.000000
   248    2   15 1.000000
   248    2   16 1.000000
   248    2   17 1.000000
   248    2   18 1.000000
   248    2   19 1.000000
   248    2   20 1.000000
   248    2   21 1.000000
   248    2   22 1.000000
   248    2   23 1.000000
   248    2   24 1.000000
   248    2   25 1.000000
   248    2   26 1.000000
   248    2   27 1.000000
   248    3    4 1.000000
   248    3    5 1.000000
   248    3    6 1.000000
   248    3    7 1.000000
   248    3    8 1.000000
   248    3    9 1.000000
   248    3   10 1.000000
   248    3   11 1.000000
   248    3   12 1.000000
   248    3   13 1.000000
   248    3   14 1.000000
   248    3   15 1.000000
   248    3   16 1.000000
   248    3   17 1.000000
   248    3   18 1.000000
   248    3   19 1.000000
   248    3   20 1.000000
   248    3   21 1.000000
   248    3   22 1.000000
   248    3   23 1.000000
   248    3   24 1.000000
   248    3   25 1.000000
   248    3   26 1.000000
   248    3   27 1.000000
   248    4    5 1.000000
   248    4    6 1.000000
   248    4    7 1.000000
   248    4    8 1.000000
   248    4    9 1.000000
   248    4   10 1.000000
   248    4   11 1.000000
   248    4   12 1.000000
   248    4   13 1.000000
   248    4   14 1.000000
   248    4   15 1.000000
   248    4   16 1.000000
   248    4   17 1.000000
   248    4   18 1.000000
   248    4   19 1.000000
   248    4   20 1.000000
   248    4   21 1.000000
   248    4   22 1.000000
   248    4   23 1.000000
   248    4   24 1.000000
   248    4   25 1.000000
   248    4   26 1.000000
   248    4   27 1.000000
   248    5    6 1.000000
   248    5    7 1.000000
   248    5    8 1.000000
   248    5    9 1.000000
   248    5   10 1.000000
   248    5   11 1.000000
   248    5   12 1.000000
   248    5   13 1.000000
   248    5   14 1.000000
   248    5   15 1.000000
   248    5   16 1.000000
   248    5   17 1.000000
   248    5   18 1.000000
   248    5   19 1.000000
   248    5   20 1.000000
   248    5   21 1.000000
   248    5   22 1.000000
   248    5   23 1.000000
   248    5   24 1.000000
   248    5   25 1.000000
   248    5   26 1.000000
   248    5   27 1.000000
   248    6    7 1.000000
   248    6    8 1.000000
   248    6    9 1.000000
   248    6   10 1.000000
   248    6   11 1.000000
   248    6   12 1.000000
   248    6   13 1.000000
   248    6   14 1.000000
   248    6   15 1.000000
   248    6   16 1.000000
   248    6   17 1.000000
   248    6   18 1.000000
   248    6   19 1.000000
   248    6   20 1.000000
   248    6   21 1.000000
   248    6   22 1.000000
   248    6   23 1.000000
   248    6   24 1.000000
   248    6   25 1.000000
   248    6   26 1.000000
   248    6   27 1.000000
   248    7    8 1.000000
   248    7    9 1.000000
   248    7   10 1.000000
   248    7   11 1.000000
   248    7   12 1.000000
   248    7   13 1.000000
   248    7   14 1.000000
   248    7   15 1.000000
   248    7   16 1.000000
   248    7   17 1.000000
   248    7   18 1.000000
   248    7   19 1.000000
   248    7   20 1.000000
   248    7   21 1.000000
   248    7   22 1.000000
   248    7   23 1.000000
   248    7   24 1.000000
   248    7   25 1.000000
   248    7   26 1.000000
   248    7   27 1.000000
   248    8    9 1.000000
   248    8   10 1.000000
   248    8   11 1.000000
   248    8   12 1.000000
   248    8   13 1.000000
   248    8   14 1.000000
   248    8   15 1.000000
   248    8   16 1.000000
   248    8   17 1.000000
   248    8   18 1.000000
   248    8   19 1.000000
   248    8   20 1.000000
   248    8   21 1.000000
   248    8   22 1.000000
   248    8   23 1.000000
   248    8   24 1.000000
   248    8   25 1.000000
   248    8   26 1.000000
   248    8   27 1.000000
   248    9   10 1.000000
   248    9   11 1.000000
   248    9   12 1.000000
   248    9   13 1.000000
   248    9   14 1.000000
   248    9   15 1.000000
   248    9   16 1.000000
   248    9   17 1.000000
   248    9   18 1.000000
   248    9   19 1.000000
   248    9   20 1.000000
   248    9   21 1.000000
   248    9   22 1.000000
   248    9   23 1.000000
   248    9   24 1.000000
   248    9   25 1.000000
   248    9   26 1.000000
   248    9   27 1.000000
   248   10   11 1.000000
   248   10   12 1.000000
   248   10   13 1.000000
   248   10   14 1.000000
   248   10   15 1.000000
   248   10   16 1.000000
   248   10   17 1.000000
   248   10   18 1.000000
   248   10   19 1.000000
   248   10   20 1.000000
   248   10   21 1.000000
   248   10   22 1.000000
   248   10   23 1.000000
   248   10   24 1.000000
   248   10   25 1.000000
   248   10   26 1.000000
   248   10   27 1.000000
   248   11   12 1.000000
   248   11   13 1.000000
   248   11   14 1.000000
   248   11   15 1.000000
   248   11   16 1.000000
   248   11   17 1.000000
   248   11   18 1.000000
   248   11   19 1.000000
   248   11   20 1.000000
   248   11   21 1.000000
   248   11   22 1.000000
   248   11   23 1.000000
   248   11   24 1.000000
   248   11   25 1.000000
   248   11   26 1.000000
   248   11   27 1.000000
   248   12   13 1.000000
   248   12   14 1.000000
   248   12   15 1.000000
   248   12   16 1.000000
   248   12   17 1.000000
   248   12   18 1.000000
   248   12   19 1.000000
   248   12   20 1.000000
   248   12   21 1.000000
   248   12   22 1.000000
   248   12   23 1.000000
   248   12   24 1.000000
   248   12   25 1.000000
   248   12   26 1.000000
   248   12   27 1.000000
   248   13   14 1.000000
   248   13   15 1.000000
   248   13   16 1.000000
   248   13   17 1.000000
   248   13   18 1.000000
   248   13   19 1.000000
   248   13   20 1.000000
   248   13   21 1.000000
   248   13   22 1.000000
   248   13   23 1.000000
   248   13   24 1.000000
   248   13   25 1.000000
   248   13   26 1.000000
   248   13   27 1.000000
   248   14   15 1.000000
   248   14   16 1.000000
   248   14   17 1.000000
   248   14   18 1.000000
   248   14   19 1.000000
   248   14   20 1.000000
   248   14   21 1.000000
   248   14   22 1.000000
   248   14   23 1.000000
   248   14   24 1.000000
   248   14   25 1.000000
   248   14   26 1.000000
   248   14   27 1.000000
   248   15   16 1.000000
   248   15   17 1.000000
   248   15   18 1.000000
   248   15   19 1.000000
   248   15   20 1.000000
   248   15   21 1.000000
   248   15   22 1.000000
   248   15   23 1.000000
   248   15   24 1.000000
   248   15   25 1.000000
   248   15   26 1.000000
   248   15   27 1.000000
   248   16   17 1.000000
   248   16   18 1.000000
   248   16   19 1.000000
   248   16   20 1.000000
   248   16   21 1.000000
   248   16   22 1.000000
   248   16   23 1.000000
   248   16   24 1.000000
   248   16   25 1.000000
   248   16   26 1.000000
   248   16   27 1.000000
   248   17   18 1.000000
   248   17   19 1.000000
   248   17   20 1.000000
   248   17   21 1.000000
   248   17   22 1.000000
   248   17   23 1.000000
   248   17   24 1.000000
   248   17   25 1.000000
   248   17   26 1.000000
   248   17   27 1.000000
   248   18   19 1.000000
   248   18   20 1.000000
   248   18   21 1.000000
   248   18   22 1.000000
   248   18   23 1.000000
   248   18   24 1.000000
   248   18   25 1.000000
   248   18   26 1.000000
   248   18   27 1.000000
   248   19   20 1.000000
   248   19   21 1.000000
   248   19   22 1.000000
   248   19   23 1.000000
   248   19   24 1.000000
   248   19   25 1.000000
   248   19   26 1.000000
   248   19   27 1.000000
   248   20   21 1.000000
   248   20   22 1.000000
   248   20   23 1.000000
   248   20   24 1.000000
   248   20   25 1.000000
   248   20   26 1.000000
   248   20   27 1.000000
   248   21   22 1.000000
   248   21   23 1.000000
   248   21   24 1.000000
   248   21   25 1.000000
   248   21   26 1.000000
   248   21   27 1.000000
   248   22   23 1.000000
   248   22   24 1.000000
   248   22   25 1.000000
   248   22   26 1.000000
   248   22   27 1.000000
   248   23   24 1.000000
   248   23   25 1.000000
   248   23   26 1.000000
   248   23   27 1.000000
   248   24   25 1.000000
   248   24   26 1.000000
   248   24   27 1.000000
   248   25   26 1.000000
   248   25   27 1.000000
   248   26   27 1.000000
   249    1    2 1.000000
   249    1    3 1.000000
   249    1    4 1.000000
   249    1    5 1.000000
   249    1    7 1.000000
   249    1    8 1.000000
   249    1    9 1.000000
   249    1   10 1.000000
   249    1   11 1.000000
   249    1   12 1.000000
   249    1   13 1.000000
   249    1   14 1.000000
   249    1   15 1.000000
   249    1   16 1.000000
   249    1   17 1.000000
   249    1   18 0.979167
   249    1   19 1.000000
   249    1   20 0.979167
   249    1   21 1.000000
   249    1   22 1.000000
   249    1   23 1.000000
   249    1   24 1.000000
   249    1   25 1.000000
   249    1   26 1.000000
   249    1   27 1.000000
   249    2    3 1.000000
   249    2    4 1.000000
   249    2    5 1.000000
   249    2    7 1.000000
   249    2    8 1.000000
   249    2    9 1.000000
   249    2   10 1.000000
   249    2   11 1.000000
   249    2   12 1.000000
   249    2   13 1.000000
   249    2   14 1.000000
   249    2   15 1.000000
   249    2   16 1.000000
   249    2   17 1.000000
   249    2   18 0.979167
   249    2   19 1.000000
   249    2   20 0.979167
   249    2   21 1.000000
   249    2   22 1.000000
   249    2   23 1.000000
   249    2   24 1.000000
   249    2   25 1.000000
   249    2   26 1.000000
   249    2   27 1.000000
   249    3    4 1.000000
   249    3    5 1.000000
   249    3    7 1.000000
   249    3    8 1.000000
   249    3    9 1.000000
   249    3   10 1.000000
   249    3   11 1.000000
   249    3   12 1.000000
   249    3   13 1.000000
   249    3   14 1.000000
   249    3   15 1.000000
   249    3   16 1.000000
   249    3   17 1.000000
   249    3   18 0.979167
   249    3   19 1.000000
   249    3   20 0.979167
   249    3   21 1.000000
   249    3   22 1.000000
   249    3   23 1.000000
   249    3   24 1.000000
   249    3   25 1.000000
   249    3   26 1.000000
   249    3   27 1.000000
   249    4    5 1.000000
   249    4    7 1.000000
   249    4    8 1.000000
   249    4    9 1.000000
   249    4   10 1.000000
   249    4   11 1.000000
   249    4   12 1.000000
   249    4   13 1.000000
   249    4   14 1.000000
   249    4   15 1.000000
   249    4   16 1.000000
   249    4   17 1.000000
   249    4   18 0.979167
   249    4   19 1.000000
   249    4   20 0.979167
   249    4   21 1.000000
   249    4   22 1.000000
   249    4   23 1.000000
   249    4   24 1.000000
   249    4   25 1.000000
   249    4   26 1.000000
   249    4   27 1.000000
   249    5    7 1.000000
   249    5    8 1.000000
   249    5    9 1.000000
   249    5   10 1.000000
   249    5   11 1.000000
   249    5   12 1.000000
   249    5   13 1.000000
   249    5   14 1.000000
   249    5   15 1.000000
   249    5   16 1.000000
   249    5   17 1.000000
   249    5   18 0.979167
   249    5   19 1.000000
   249    5   20 0.979167
   249    5   21 1.000000
   249    5   22 1.000000
   249    5   23 1.000000
   249    5   24 1.000000
   249    5   25 1.000000
   249    5   26 1.000000
   249    5   27 1.000000
   249    7    8 1.000000
   249    7    9 1.000000
   249    7   10 1.000000
   249    7   11 1.000000
   249    7   12 1.000000
   249    7   13 1.000000
   249    7   14 1.000000
   249    7   15 1.000000
   249    7   16 1.000000
   249    7   17 1.000000
   249    7   18 0.979167
   249    7   19 1.000000
   249    7   20 0.979167
   249    7   21 1.000000
   249    7   22 1.000000
   249    7   23 1.000000
   249    7   24 1.000000
   249    7   25 1.000000
   249    7   26 1.000000
   249    7   27 1.000000
   249    8    9 1.000000
   249    8   10 1.000000
   249    8   11 1.000000
   249    8   12 1.000000
   249    8   13 1.000000
   249    8   14 1.000000
   249    8   15 1.000000
   249    8   16 1.000000
   249    8   17 1.000000
   249    8   18 0.979167
   249    8   19 1.000000
   249    8   20 0.979167
   249    8   21 1.000000
   249    8   22 1.000000
   249    8   23 1.000000
   249    8   24 1.000000
   249    8   25 1.000000
   249    8   26 1.000000
   249    8   27 1.000000
   249    9   10 1.000000
   249    9   11 1.000000
   249    9   12 1.000000
   249    9   13 1.000000
   249    9   14 1.000000
   249    9   15 1.000000
   249    9   16 1.000000
   249    9   17 1.000000
   249    9   18 0.979167
   249    9   19 1.000000
   249    9   20 0.979167
   249    9   21 1.000000
   249    9   22 1.000000
   249    9   23 1.000000
   249    9   24 1.000000
   249    9   25 1.000000
   249    9   26 1.000000
   249    9   27 1.000000
   249   10   11 1.000000
   249   10   12 1.000000
   249   10   13 1.000000
   249   10   14 1.000000
   249   10   15 1.000000
   249   10   16 1.000000
   249   10   17 1.000000
   249   10   18 0.979167
   249   10   19 1.000000
   249   10   20 0.979167
   249   10   21 1.000000
   249   10   22 1.000000
   249   10   23 1.000000
   249   10   24 1.000000
   249   10   25 1.000000
   249   10   26 1.000000
   249   10   27 1.000000
   249   11   12 1.000000
   249   11   13 1.000000
   249   11   14 1.000000
   249   11   15 1.000000
   249   11   16 1.000000
   249   11   17 1.000000
   249   11   18 0.979167
   249   11   19 1.000000
   249   11   20 0.979167
   249   11   21 1.000000
   249   11   22 1.000000
   249   11   23 1.000000
   249   11   24 1.000000
   249   11   25 1.000000
   249   11   26 1.000000
   249   11   27 1.000000
   249   12   13 1.000000
   249   12   14 1.000000
   249   12   15 1.000000
   249   12   16 1.000000
   249   12   17 1.000000
   249   12   18 0.979167
   249   12   19 1.000000
   249   12   20 0.979167
   249   12   21 1.000000
   249   12   22 1.000000
   249   12   23 1.000000
   249   12   24 1.000000
   249   12   25 1.000000
   249   12   26 1.000000
   249   12   27 1.000000
   249   13   14 1.000000
   249   13   15 1.000000
   249   13   16 1.000000
   249   13   17 1.000000
   249   13   18 0.979167
   249   13   19 1.000000
   249   13   20 0.979167
   249   13   21 1.000000
   249   13   22 1.000000
   249   13   23 1.000000
   249   13   24 1.000000
   249   13   25 1.000000
   249   13   26 1.000000
   249   13   27 1.000000
   249   14   15 1.000000
   249   14   16 1.000000
   249   14   17 1.000000
   249   14   18 0.979167
   249   14   19 1.000000
   249   14   20 0.979167
   249   14   21 1.000000
   249   14   22 1.000000
   249   14   23 1.000000
   249   14   24 1.000000
   249   14   25 1.000000
   249   14   26 1.000000
   249   14   27 1.000000
   249   15   16 1.000000
   249   15   17 1.000000
   249   15   18 0.979167
   249   15   19 1.000000
   249   15   20 0.979167
   249   15   21 1.000000
   249   15   22 1.000000
   249   15   23 1.000000
   249   15   24 1.000000
   249   15   25 1.000000
   249   15   26 1.000000
   249   15   27 1.000000
   249   16   17 1.000000
   249   16   18 0.979167
   249   16   19 1.000000
   249   16   20 0.979167
   249   16   21 1.000000
   249   16   22 1.000000
   249   16   23 1.000000
   249   16   24 1.000000
   249   16   25 1.000000
   249   16   26 1.000000
   249   16   27 1.000000
   249   17   18 0.979167
   249   17   19 1.000000
   249   17   20 0.979167
   249   17   21 1.000000
   249   17   22 1.000000
   249   17   23 1.000000
   249   17   24 1.000000
   249   17   25 1.000000
   249   17   26 1.000000
   249   17   27 1.000000
   249   18   19 0.979167
   249   18   20 1.000000
   249   18   21 0.979167
   249   18   22 0.979167
   249   18   23 0.979167
   249   18   24 0.979167
   249   18   25 0.979167
   249   18   26 0.979167
   249   18   27 0.979167
   249   19   20 0.979167
   249   19   21 1.000000
   249   19   22 1.000000
   249   19   23 1.000000
   249   19   24 1.000000
   249   19   25 1.000000
   249   19   26 1.000000
   249   19   27 1.000000
   249   20   21 0.979167
   249   20   22 0.979167
   249   20   23 0.979167
   249   20   24 0.979167
   249   20   25 0.979167
   249   20   26 0.979167
   249   20   27 0.979167
   249   21   22 1.000000
   249   21   23 1.000000
   249   21   24 1.000000
   249   21   25 1.000000
   249   21   26 1.000000
   249   21   27 1.000000
   249   22   23 1.000000
   249   22   24 1.000000
   249   22   25 1.000000
   249   22   26 1.000000
   249   22   27 1.000000
   249   23   24 1.000000
   249   23   25 1.000000
   249   23   26 1.000000
   249   23   27 1.000000
   249   24   25 1.000000
   249   24   26 1.000000
   249   24   27 1.000000
   249   25   26 1.000000
   249   25   27 1.000000
   249   26   27 1.000000
   250    1    2 1.000000
   250    1    3 1.000000
   250    1    4 1.000000
   250    1    5 1.000000
   250    1    7 1.000000
   250    1    8 1.000000
   250    1    9 1.000000
   250    1   10 1.000000
   250    1   11 1.000000
   250    1   12 1.000000
   250    1   13 1.000000
   250    1   14 1.000000
   250    1   15 0.979167
   250    1   16 1.000000
   250    1   17 1.000000
   250    1   19 1.000000
   250    1   20 0.979167
   250    1   21 1.000000
   250    1   22 1.000000
   250    1   23 1.000000
   250    1   24 1.000000
   250    1   25 1.000000
   250    1   26 1.000000
   250    1   27 1.000000
   250    2    3 1.000000
   250    2    4 1.000000
   250    2    5 1.000000
   250    2    7 1.000000
   250    2    8 1.000000
   250    2    9 1.000000
   250    2   10 1.000000
   250    2   11 1.000000
   250    2   12 1.000000
   250    2   13 1.000000
   250    2   14 1.000000
   250    2   15 0.979167
   250    2   16 1.000000
   250    2   17 1.000000
   250    2   19 1.000000
   250    2   20 0.979167
   250    2   21 1.000000
   250    2   22 1.000000
   250    2   23 1.000000
   250    2   24 1.000000
   250    2   25 1.000000
   250    2   26 1.000000
   250    2   27 1.000000
   250    3    4 1.000000
   250    3    5 1.000000
   250    3    7 1.000000
   250    3    8 1.000000
   250    3    9 1.000000
   250    3   10 1.000000
   250    3   11 1.000000
   250    3   12 1.000000
   250    3   13 1.000000
   250    3   14 1.000000
   250    3   15 0.979167
   250    3   16 1.000000
   250    3   17 1.000000
   250    3   19 1.000000
   250    3   20 0.979167
   250    3   21 1.000000
   250    3   22 1.000000
   250    3   23 1.000000
   250    3   24 1.000000
   250    3   25 1.000000
   250    3   26 1.000000
   250    3   27 1.000000
   250    4    5 1.000000
   250    4    7 1.000000
   250    4    8 1.000000
   250    4    9 1.000000
   250    4   10 1.000000
   250    4   11 1.000000
   250    4   12 1.000000
   250    4   13 1.000000
   250    4   14 1.000000
   250    4   15 0.979167
   250    4   16 1.000000
   250    4   17 1.000000
   250    4   19 1.000000
   250    4   20 0.979167
   250    4   21 1.000000
   250    4   22 1.000000
   250    4   23 1.000000
   250    4   24 1.000000
   250    4   25 1.000000
   250    4   26 1.000000
   250    4   27 1.000000
   250    5    7 1.000000
   250    5    8 1.000000
   250    5    9 1.000000
   250    5   10 1.000000
   250    5   11 1.000000
   250    5   12 1.000000
   250    5   13 1.000000
   250    5   14 1.000000
   250    5   15 0.979167
   250    5   16 1.000000
   250    5   17 1.000000
   250    5   19 1.000000
   250    5   20 0.979167
   250    5   21 1.000000
   250    5   22 1.000000
   250    5   23 1.000000
   250    5   24 1.000000
   250    5   25 1.000000
   250    5   26 1.000000
   250    5   27 1.000000
   250    7    8 1.000000
   250    7    9 1.000000
   250    7   10 1.000000
   250    7   11 1.000000
   250    7   12 1.000000
   250    7   13 1.000000
   250    7   14 1.000000
   250    7   15 0.979167
   250    7   16 1.000000
   250    7   17 1.000000
   250    7   19 1.000000
   250    7   20 0.979167
   250    7   21 1.000000
   250    7   22 1.000000
   250    7   23 1.000000
   250    7   24 1.000000
   250    7   25 1.000000
   250    7   26 1.000000
   250    7   27 1.000000
   250    8    9 1.000000
   250    8   10 1.000000
   250    8   11 1.000000
   250    8   12 1.000000
   250    8   13 1.000000
   250    8   14 1.000000
   250    8   15 0.979167
   250    8   16 1.000000
   250    8   17 1.000000
   250    8   19 1.000000
   250    8   20 0.979167
   250    8   21 1.000000
   250    8   22 1.000000
   250    8   23 1.000000
   250    8   24 1.000000
   250    8   25 1.000000
   250    8   26 1.000000
   250    8   27 1.000000
   250    9   10 1.000000
   250    9   11 1.000000
   250    9   12 1.000000
   250    9   13 1.000000
   250    9   14 1.000000
   250    9   15 0.979167
   250    9   16 1.000000
   250    9   17 1.000000
   250    9   19 1.000000
   250    9   20 0.979167
   250    9   21 1.000000
   250    9   22 1.000000
   250    9   23 1.000000
   250    9   24 1.000000
   250    9   25 1.000000
   250    9   26 1.000000
   250    9   27 1.000000
   250   10   11 1.000000
   250   10   12 1.000000
   250   10   13 1.000000
   250   10   14 1.000000
   250   10   15 0.979167
   250   10   16 1.000000
   250   10   17 1.000000
   250   10   19 1.000000
   250   10   20 0.979167
   250   10   21 1.000000
   250   10   22 1.000000
   250   10   23 1.000000
   250   10   24 1.000000
   250   10   25 1.000000
   250   10   26 1.000000
   250   10   27 1.000000
   250   11   12 1.000000
   250   11   13 1.000000
   250   11   14 1.000000
   250   11   15 0.979167
   250   11   16 1.000000
   250   11   17 1.000000
   250   11   19 1.000000
   250   11   20 0.979167
   250   11   21 1.000000
   250   11   22 1.000000
   250   11   23 1.000000
   250   11   24 1.000000
   250   11   25 1.000000
   250   11   26 1.000000
   250   11   27 1.000000
   250   12   13 1.000000
   250   12   14 1.000000
   250   12   15 0.979167
   250   12   16 1.000000
   250   12   17 1.000000
   250   12   19 1.000000
   250   12   20 0.979167
   250   12   21 1.000000
   250   12   22 1.000000
   250   12   23 1.000000
   250   12   24 1.000000
   250   12   25 1.000000
   250   12   26 1.000000
   250   12   27 1.000000
   250   13   14 1.000000
   250   13   15 0.979167
   250   13   16 1.000000
   250   13   17 1.000000
   250   13   19 1.000000
   250   13   20 0.979167
   250   13   21 1.000000
   250   13   22 1.000000
   250   13   23 1.000000
   250   13   24 1.000000
   250   13   25 1.000000
   250   13   26 1.000000
   250   13   27 1.000000
   250   14   15 0.979167
   250   14   16 1.000000
   250   14   17 1.000000
   250   14   19 1.000000
   250   14   20 0.979167
   250   14   21 1.000000
   250   14   22 1.000000
   250   14   23 1.000000
   250   14   24 1.000000
   250   14   25 1.000000
   250   14   26 1.000000
   250   14   27 1.000000
   250   15   16 0.979167
   250   15   17 0.979167
   250   15   19 0.979167
   250   15   20 0.958333
   250   15   21 0.979167
   250   15   22 0.979167
   250   15   23 0.979167
   250   15   24 0.979167
   250   15   25 0.979167
   250   15   26 0.979167
   250   15   27 0.979167
   250   16   17 1.000000
   250   16   19 1.000000
   250   16   20 0.979167
   250   16   21 1.000000
   250   16   22 1.000000
   250   16   23 1.000000
   250   16   24 1.000000
   250   16   25 1.000000
   250   16   26 1.000000
   250   16   27 1.000000
   250   17   19 1.000000
   250   17   20 0.979167
   250   17   21 1.000000
   250   17   22 1.000000
   250   17   23 1.000000
   250   17   24 1.000000
   250   17   25 1.000000
   250   17   26 1.000000
   250   17   27 1.000000
   250   19   20 0.979167
   250   19   21 1.000000
   250   19   22 1.000000
   250   19   23 1.000000
   250   19   24 1.000000
   250   19   25 1.000000
   250   19   26 1.000000
   250   19   27 1.000000
   250   20   21 0.979167
   250   20   22 0.979167
   250   20   23 0.979167
   250   20   24 0.979167
   250   20   25 0.979167
   250   20   26 0.979167
   250   20   27 0.979167
   250   21   22 1.000000
   250   21   23 1.000000
   250   21   24 1.000000
   250   21   25 1.000000
   250   21   26 1.000000
   250   21   27 1.000000
   250   22   23 1.000000
   250   22   24 1.000000
   250   22   25 1.000000
   250   22   26 1.000000
   250   22   27 1.000000
   250   23   24 1.000000
   250   23   25 1.000000
   250   23   26 1.000000
   250   23   27 1.000000
   250   24   25 1.000000
   250   24   26 1.000000
   250   24   27 1.000000
   250   25   26 1.000000
   250   25   27 1.000000
   250   26   27 1.000000
   251    2    7 1.000000
   251    2    8 1.000000
   251    2    9 1.000000
   251    2   10 1.000000
   251    2   11 1.000000
   251    2   12 1.000000
   251    2   13 1.000000
   251    2   14 1.000000
   251    2   15 0.979167
   251    2   16 0.958333
   251    2   17 0.937500
   251    2   18 0.979167
   251    2   19 1.000000
   251    2   20 0.979167
   251    2   21 1.000000
   251    2   22 1.000000
   251    2   23 1.000000
   251    2   24 1.000000
   251    2   25 1.000000
   251    2   26 1.000000
   251    2   27 1.000000
   251    7    8 1.000000
   251    7    9 1.000000
   251    7   10 1.000000
   251    7   11 1.000000
   251    7   12 1.000000
   251    7   13 1.000000
   251    7   14 1.000000
   251    7   15 0.979167
   251    7   16 0.958333
   251    7   17 0.937500
   251    7   18 0.979167
   251    7   19 1.000000
   251    7   20 0.979167
   251    7   21 1.000000
   251    7   22 1.000000
   251    7   23 1.000000
   251    7   24 1.000000
   251    7   25 1.000000
   251    7   26 1.000000
   251    7   27 1.000000
   251    8    9 1.000000
   251    8   10 1.000000
   251    8   11 1.000000
   251    8   12 1.000000
   251    8   13 1.000000
   251    8   14 1.000000
   251    8   15 0.979167
   251    8   16 0.958333
   251    8   17 0.937500
   251    8   18 0.979167
   251    8   19 1.000000
   251    8   20 0.979167
   251    8   21 1.000000
   251    8   22 1.000000
   251    8   23 1.000000
   251    8   24 1.000000
   251    8   25 1.000000
   251    8   26 1.000000
   251    8   27 1.000000
   251    9   10 1.000000
   251    9   11 1.000000
   251    9   12 1.000000
   251    9   13 1.000000
   251    9   14 1.000000
   251    9   15 0.979167
   251    9   16 0.958333
   251    9   17 0.937500
   251    9   18 0.979167
   251    9   19 1.000000
   251    9   20 0.979167
   251    9   21 1.000000
   251    9   22 1.000000
   251    9   23 1.000000
   251    9   24 1.000000
   251    9   25 1.000000
   251    9   26 1.000000
   251    9   27 1.000000
   251   10   11 1.000000
   251   10   12 1.000000
   251   10   13 1.000000
   251   10   14 1.000000
   251   10   15 0.979167
   251   10   16 0.958333
   251   10   17 0.937500
   251   10   18 0.979167
   251   10   19 1.000000
   251   10   20 0.979167
   251   10   21 1.000000
   251   10   22 1.000000
   251   10   23 1.000000
   251   10   24 1.000000
   251   10   25 1.000000
   251   10   26 1.000000
   251   10   27 1.000000
   251   11   12 1.000000
   251   11   13 1.000000
   251   11   14 1.000000
   251   11   15 0.979167
   251   11   16 0.958333
   251   11   17 0.937500
   251   11   18 0.979167
   251   11   19 1.000000
   251   11   20 0.979167
   251   11   21 1.000000
   251   11   22 1.000000
   251   11   23 1.000000
   251   11   24 1.000000
   251   11   25 1.000000
   251   11   26 1.000000
   251   11   27 1.000000
   251   12   13 1.000000
   251   12   14 1.000000
   251   12   15 0.979167
   251   12   16 0.958333
   251   12   17 0.937500
   251   12   18 0.979167
   251   12   19 1.000000
   251   12   20 0.979167
   251   12   21 1.000000
   251   12   22 1.000000
   251   12   23 1.000000
   251   12   24 1.000000
   251   12   25 1.000000
   251   12   26 1.000000
   251   12   27 1.000000
   251   13   14 1.000000
   251   13   15 0.979167
   251   13   16 0.958333
   251   13   17 0.937500
   251   13   18 0.979167
   251   13   19 1.000000
   251   13   20 0.979167
   251   13   21 1.000000
   251   13   22 1.000000
   251   13   23 1.000000
   251   13   24 1.000000
   251   13   25 1.000000
   251   13   26 1.000000
   251   13   27 1.000000
   251   14   15 0.979167
   251   14   16 0.958333
   251   14   17 0.937500
   251   14   18 0.979167
   251   14   19 1.000000
   251   14   20 0.979167
   251   14   21 1.000000
   251   14   22 1.000000
   251   14   23 1.000000
   251   14   24 1.000000
   251   14   25 1.000000
   251   14   26 1.000000
   251   14   27 1.000000
   251   15   16 0.937500
   251   15   17 0.916667
   251   15   18 0.958333
   251   15   19 0.979167
   251   15   20 0.958333
   251   15   21 0.979167
   251   15   22 0.979167
   251   15   23 0.979167
   251   15   24 0.979167
   251   15   25 0.979167
   251   15   26 0.979167
   251   15   27 0.979167
   251   16   17 0.937500
   251   16   18 0.937500
   251   16   19 0.958333
   251   16   20 0.937500
   251   16   21 0.958333
   251   16   22 0.958333
   251   16   23 0.958333
   251   16   24 0.958333
   251   16   25 0.958333
   251   16   26 0.958333
   251   16   27 0.958333
   251   17   18 0.916667
   251   17   19 0.937500
   251   17   20 0.916667
   251   17   21 0.937500
   251   17   22 0.937500
   251   17   23 0.937500
   251   17   24 0.937500
   251   17   25 0.937500
   251   17   26 0.937500
   251   17   27 0.937500
   251   18   19 0.979167
   251   18   20 1.000000
   251   18   21 0.979167
   251   18   22 0.979167
   251   18   23 0.979167
   251   18   24 0.979167
   251   18   25 0.979167
   251   18   26 0.979167
   251   18   27 0.979167
   251   19   20 0.979167
   251   19   21 1.000000
   251   19   22 1.000000
   251   19   23 1.000000
   251   19   24 1.000000
   251   19   25 1.000000
   251   19   26 1.000000
   251   19   27 1.000000
   251   20   21 0.979167
   251   20   22 0.979167
   251   20   23 0.979167
   251   20   24 0.979167
   251   20   25 0.979167
   251   20   26 0.979167
   251   20   27 0.979167
   251   21   22 1.000000
   251   21   23 1.000000
   251   21   24 1.000000
   251   21   25 1.000000
   251   21   26 1.000000
   251   21   27 1.000000
   251   22   23 1.000000
   251   22   24 1.000000
   251   22   25 1.000000
   251   22   26 1.000000
   251   22   27 1.000000
   251   23   24 1.000000
   251   23   25 1.000000
   251   23   26 1.000000
   251   23   27 1.000000
   251   24   25 1.000000
   251   24   26 1.000000
   251   24   27 1.000000
   251   25   26 1.000000
   251   25   27 1.000000
   251   26   27 1.000000
   252    2    8 0.666667
   252    2    9 0.666667
   252    2   10 0.666667
   252    2   11 0.666667
   252    2   12 0.666667
   252    2   13 0.666667
   252    2   14 0.666667
   252    2   15 0.666667
   252    2   16 0.625000
   252    2   17 0.604167
   252    2   18 0.666667
   252    2   19 0.666667
   252    2   20 0.666667
   252    2   21 0.666667
   252    2   22 0.666667
   252    2   23 0.666667
   252    2   24 0.666667
   252    2   25 0.666667
   252    2   26 0.666667
   252    2   27 0.666667
   252    8    9 1.000000
   252    8   10 1.000000
   252    8   11 1.000000
   252    8   12 1.000000
   252    8   13 1.000000
   252    8   14 1.000000
   252    8   15 0.979167
   252    8   16 0.916667
   252    8   17 0.875000
   252    8   18 0.979167
   252    8   19 0.895833
   252    8   20 0.979167
   252    8   21 1.000000
   252    8   22 1.000000
   252    8   23 1.000000
   252    8   24 1.000000
   252    8   25 1.000000
   252    8   26 1.000000
   252    8   27 1.000000
   252    9   10 1.000000
   252    9   11 1.000000
   252    9   12 1.000000
   252    9   13 1.000000
   252    9   14 1.000000
   252    9   15 0.979167
   252    9   16 0.916667
   252    9   17 0.875000
   252    9   18 0.979167
   252    9   19 0.895833
   252    9   20 0.979167
   252    9   21 1.000000
   252    9   22 1.000000
   252    9   23 1.000000
   252    9   24 1.000000
   252    9   25 1.000000
   252    9   26 1.000000
   252    9   27 1.000000
   252   10   11 1.000000
   252   10   12 1.000000
   252   10   13 1.000000
   252   10   14 1.000000
   252   10   15 0.979167
   252   10   16 0.916667
   252   10   17 0.875000
   252   10   18 0.979167
   252   10   19 0.895833
   252   10   20 0.979167
   252   10   21 1.000000
   252   10   22 1.000000
   252   10   23 1.000000
   252   10   24 1.000000
   252   10   25 1.000000
   252   10   26 1.000000
   252   10   27 1.000000
   252   11   12 1.000000
   252   11   13 1.000000
   252   11   14 1.000000
   252   11   15 0.979167
   252   11   16 0.916667
   252   11   17 0.875000
   252   11   18 0.979167
   252   11   19 0.895833
   252   11   20 0.979167
   252   11   21 1.000000
   252   11   22 1.000000
   252   11   23 1.000000
   252   11   24 1.000000
   252   11   25 1.000000
   252   11   26 1.000000
   252   11   27 1.000000
   252   12   13 1.000000
   252   12   14 1.000000
   252   12   15 0.979167
   252   12   16 0.916667
   252   12   17 0.875000
   252   12   18 0.979167
   252   12   19 0.895833
   252   12   20 0.979167
   252   12   21 1.000000
   252   12   22 1.000000
   252   12   23 1.000000
   252   12   24 1.000000
   252   12   25 1.000000
   252   12   26 1.000000
   252   12   27 1.000000
   252   13   14 1.000000
   252   13   15 0.979167
   252   13   16 0.916667
   252   13   17 0.875000
   252   13   18 0.979167
   252   13   19 0.895833
   252   13   20 0.979167
   252   13   21 1.000000
   252   13   22 1.000000
   252   13   23 1.000000
   252   13   24 1.000000
   252   13   25 1.000000
   252   13   26 1.000000
   252   13   27 1.000000
   252   14   15 0.979167
   252   14   16 0.916667
   252   14   17 0.875000
   252   14   18 0.979167
   252   14   19 0.895833
   252   14   20 0.979167
   252   14   21 1.000000
   252   14   22 1.000000
   252   14   23 1.000000
   252   14   24 1.000000
   252   14   25 1.000000
   252   14   26 1.000000
   252   14   27 1.000000
   252   15   16 0.937500
   252   15   17 0.875000
   252   15   18 0.958333
   252   15   19 0.895833
   252   15   20 0.958333
   252   15   21 0.979167
   252   15   22 0.979167
   252   15   23 0.979167
   252   15   24 0.979167
   252   15   25 0.979167
   252   15   26 0.979167
   252   15   27 0.979167
   252   16   17 0.875000
   252   16   18 0.895833
   252   16   19 0.854167
   252   16   20 0.895833
   252   16   21 0.916667
   252   16   22 0.916667
   252   16   23 0.916667
   252   16   24 0.916667
   252   16   25 0.916667
   252   16   26 0.916667
   252   16   27 0.916667
   252   17   18 0.854167
   252   17   19 0.833333
   252   17   20 0.854167
   252   17   21 0.875000
   252   17   22 0.875000
   252   17   23 0.875000
   252   17   24 0.875000
   252   17   25 0.875000
   252   17   26 0.875000
   252   17   27 0.875000
   252   18   19 0.875000
   252   18   20 1.000000
   252   18   21 0.979167
   252   18   22 0.979167
   252   18   23 0.979167
   252   18   24 0.979167
   252   18   25 0.979167
   252   18   26 0.979167
   252   18   27 0.979167
   252   19   20 0.875000
   252   19   21 0.895833
   252   19   22 0.895833
   252   19   23 0.895833
   252   19   24 0.895833
   252   19   25 0.895833
   252   19   26 0.895833
   252   19   27 0.895833
   252   20   21 0.979167
   252   20   22 0.979167
   252   20   23 0.979167
   252   20   24 0.979167
   252   20   25 0.979167
   252   20   26 0.979167
   252   20   27 0.979167
   252   21   22 1.000000
   252   21   23 1.000000
   252   21   24 1.000000
   252   21   25 1.000000
   252   21   26 1.000000
   252   21   27 1.000000
   252   22   23 1.000000
   252   22   24 1.000000
   252   22   25 1.000000
   252   22   26 1.000000
   252   22   27 1.000000
   252   23   24 1.000000
   252   23   25 1.000000
   252   23   26 1.000000
   252   23   27 1.000000
   252   24   25 1.000000
   252   24   26 1.000000
   252   24   27 1.000000
   252   25   26 1.000000
   252   25   27 1.000000
   252   26   27 1.000000
   253    1    2 0.625000
   253    1    3 1.000000
   253    1    4 1.000000
   253    1    5 0.958333
   253    1    6 0.854167
   253    1    8 0.916667
   253    1    9 0.916667
   253    1   10 0.916667
   253    1   11 0.916667
   253    1   12 0.916667
   253    1   13 0.916667
   253    1   14 0.916667
   253    1   15 0.875000
   253    1   16 0.833333
   253    1   17 0.791667
   253    1   18 0.895833
   253    1   19 0.812500
   253    1   20 0.895833
   253    1   21 0.916667
   253    1   22 0.916667
   253    1   23 0.916667
   253    1   24 0.916667
   253    1   25 0.916667
   253    1   26 0.916667
   253    1   27 0.916667
   253    2    3 0.625000
   253    2    4 0.625000
   253    2    5 0.604167
   253    2    6 0.645833
   253    2    8 0.666667
   253    2    9 0.666667
   253    2   10 0.666667
   253    2   11 0.666667
   253    2   12 0.666667
   253    2   13 0.666667
   253    2   14 0.666667
   253    2   15 0.645833
   253    2   16 0.625000
   253    2   17 0.604167
   253    2   18 0.666667
   253    2   19 0.666667
   253    2   20 0.666667
   253    2   21 0.666667
   253    2   22 0.666667
   253    2   23 0.666667
   253    2   24 0.666667
   253    2   25 0.666667
   253    2   26 0.666667
   253    2   27 0.666667
   253    3    4 1.000000
   253    3    5 0.958333
   253    3    6 0.854167
   253    3    8 0.916667
   253    3    9 0.916667
   253    3   10 0.916667
   253    3   11 0.916667
   253    3   12 0.916667
   253    3   13 0.916667
   253    3   14 0.916667
   253    3   15 0.875000
   253    3   16 0.833333
   253    3   17 0.791667
   253    3   18 0.895833
   253    3   19 0.812500
   253    3   20 0.895833
   253    3   21 0.916667
   253    3   22 0.916667
   253    3   23 0.916667
   253    3   24 0.916667
   253    3   25 0.916667
   253    3   26 0.916667
   253    3   27 0.916667
   253    4    5 0.958333
   253    4    6 0.854167
   253    4    8 0.916667
   253    4    9 0.916667
   253    4   10 0.916667
   253    4   11 0.916667
   253    4   12 0.916667
   253    4   13 0.916667
   253    4   14 0.916667
   253    4   15 0.875000
   253    4   16 0.833333
   253    4   17 0.791667
   253    4   18 0.895833
   253    4   19 0.812500
   253    4   20 0.895833
   253    4   21 0.916667
   253    4   22 0.916667
   253    4   23 0.916667
   253    4   24 0.916667
   253    4   25 0.916667
   253    4   26 0.916667
   253    4   27 0.916667
   253    5    6 0.812500
   253    5    8 0.875000
   253    5    9 0.875000
   253    5   10 0.875000
   253    5   11 0.875000
   253    5   12 0.875000
   253    5   13 0.875000
   253    5   14 0.875000
   253    5   15 0.833333
   253    5   16 0.791667
   253    5   17 0.750000
   253    5   18 0.854167
   253    5   19 0.770833
   253    5   20 0.854167
   253    5   21 0.875000
   253    5   22 0.875000
   253    5   23 0.875000
   253    5   24 0.875000
   253    5   25 0.875000
   253    5   26 0.875000
   253    5   27 0.875000
   253    6    8 0.937500
   253    6    9 0.937500
   253    6   10 0.937500
   253    6   11 0.937500
   253    6   12 0.937500
   253    6   13 0.937500
   253    6   14 0.937500
   253    6   15 0.895833
   253    6   16 0.854167
   253    6   17 0.812500
   253    6   18 0.958333
   253    6   19 0.833333
   253    6   20 0.958333
   253    6   21 0.937500
   253    6   22 0.937500
   253    6   23 0.937500
   253    6   24 0.937500
   253    6   25 0.937500
   253    6   26 0.937500
   253    6   27 0.937500
   253    8    9 1.000000
   253    8   10 1.000000
   253    8   11 1.000000
   253    8   12 1.000000
   253    8   13 1.000000
   253    8   14 1.000000
   253    8   15 0.958333
   253    8   16 0.916667
   253    8   17 0.875000
   253    8   18 0.979167
   253    8   19 0.895833
   253    8   20 0.979167
   253    8   21 1.000000
   253    8   22 1.000000
   253    8   23 1.000000
   253    8   24 1.000000
   253    8   25 1.000000
   253    8   26 1.000000
   253    8   27 1.000000
   253    9   10 1.000000
   253    9   11 1.000000
   253    9   12 1.000000
   253    9   13 1.000000
   253    9   14 1.000000
   253    9   15 0.958333
   253    9   16 0.916667
   253    9   17 0.875000
   253    9   18 0.979167
   253    9   19 0.895833
   253    9   20 0.979167
   253    9   21 1.000000
   253    9   22 1.000000
   253    9   23 1.000000
   253    9   24 1.000000
   253    9   25 1.000000
   253    9   26 1.000000
   253    9   27 1.000000
   253   10   11 1.000000
   253   10   12 1.000000
   253   10   13 1.000000
   253   10   14 1.000000
   253   10   15 0.958333
   253   10   16 0.916667
   253   10   17 0.875000
   253   10   18 0.979167
   253   10   19 0.895833
   253   10   20 0.979167
   253   10   21 1.000000
   253   10   22 1.000000
   253   10   23 1.000000
   253   10   24 1.000000
   253   10   25 1.000000
   253   10   26 1.000000
   253   10   27 1.000000
   253   11   12 1.000000
   253   11   13 1.000000
   253   11   14 1.000000
   253   11   15 0.958333
   253   11   16 0.916667
   253   11   17 0.875000
   253   11   18 0.979167
   253   11   19 0.895833
   253   11   20 0.979167
   253   11   21 1.000000
   253   11   22 1.000000
   253   11   23 1.000000
   253   11   24 1.000000
   253   11   25 1.000000
   253   11   26 1.000000
   253   11   27 1.000000
   253   12   13 1.000000
   253   12   14 1.000000
   253   12   15 0.958333
   253   12   16 0.916667
   253   12   17 0.875000
   253   12   18 0.979167
   253   12   19 0.895833
   253   12   20 0.979167
   253   12   21 1.000000
   253   12   22 1.000000
   253   12   23 1.000000
   253   12   24 1.000000
   253   12   25 1.000000
   253   12   26 1.000000
   253   12   27 1.000000
   253   13   14 1.000000
   253   13   15 0.958333
   253   13   16 0.916667
   253   13   17 0.875000
   253   13   18 0.979167
   253   13   19 0.895833
   253   13   20 0.979167
   253   13   21 1.000000
   253   13   22 1.000000
   253   13   23 1.000000
   253   13   24 1.000000
   253   13   25 1.000000
   253   13   26 1.000000
   253   13   27 1.000000
   253   14   15 0.958333
   253   14   16 0.916667
   253   14   17 0.875000
   253   14   18 0.979167
   253   14   19 0.895833
   253   14   20 0.979167
   253   14   21 1.000000
   253   14   22 1.000000
   253   14   23 1.000000
   253   14   24 1.000000
   253   14   25 1.000000
   253   14   26 1.000000
   253   14   27 1.000000
   253   15   16 0.937500
   253   15   17 0.875000
   253   15   18 0.937500
   253   15   19 0.875000
   253   15   20 0.937500
   253   15   21 0.958333
   253   15   22 0.958333
   253   15   23 0.958333
   253   15   24 0.958333
   253   15   25 0.958333
   253   15   26 0.958333
   253   15   27 0.958333
   253   16   17 0.875000
   253   16   18 0.895833
   253   16   19 0.854167
   253   16   20 0.895833
   253   16   21 0.916667
   253   16   22 0.916667
   253   16   23 0.916667
   253   16   24 0.916667
   253   16   25 0.916667
   253   16   26 0.916667
   253   16   27 0.916667
   253   17   18 0.854167
   253   17   19 0.833333
   253   17   20 0.854167
   253   17   21 0.875000
   253   17   22 0.875000
   253   17   23 0.875000
   253   17   24 0.875000
   253   17   25 0.875000
   253   17   26 0.875000
   253   17   27 0.875000
   253   18   19 0.875000
   253   18   20 1.000000
   253   18   21 0.979167
   253   18   22 0.979167
   253   18   23 0.979167
   253   18   24 0.979167
   253   18   25 0.979167
   253   18   26 0.979167
   253   18   27 0.979167
   253   19   20 0.875000
   253   19   21 0.895833
   253   19   22 0.895833
   253   19   23 0.895833
   253   19   24 0.895833
   253   19   25 0.895833
   253   19   26 0.895833
   253   19   27 0.895833
   253   20   21 0.979167
   253   20   22 0.979167
   253   20   23 0.979167
   253   20   24 0.979167
   253   20   25 0.979167
   253   20   26 0.979167
   253   20   27 0.979167
   253   21   22 1.000000
   253   21   23 1.000000
   253   21   24 1.000000
   253   21   25 1.000000
   253   21   26 1.000000
   253   21   27 1.000000
   253   22   23 1.000000
   253   22   24 1.000000
   253   22   25 1.000000
   253   22   26 1.000000
   253   22   27 1.000000
   253   23   24 1.000000
   253   23   25 1.000000
   253   23   26 1.000000
   253   23   27 1.000000
   253   24   25 1.000000
   253   24   26 1.000000
   253   24   27 1.000000
   253   25   26 1.000000
   253   25   27 1.000000
   253   26   27 1.000000
   254    2   17 0.333333
   255    1    2 0.333333
   255    1    3 1.000000
   255    1    4 1.000000
   255    1    5 0.979167
   255    1    6 0.895833
   255    1    9 0.958333
   255    1   10 0.958333
   255    1   11 0.958333
   255    1   12 0.958333
   255    1   13 0.958333
   255    1   14 0.958333
   255    1   17 0.895833
   255    1   18 0.937500
   255    1   20 0.937500
   255    1   22 0.958333
   255    1   23 0.958333
   255    1   24 0.958333
   255    1   25 0.958333
   255    1   26 0.958333
   255    1   27 0.958333
   255    2    3 0.333333
   255    2    4 0.333333
   255    2    5 0.333333
   255    2    6 0.333333
   255    2    9 0.333333
   255    2   10 0.333333
   255    2   11 0.333333
   255    2   12 0.333333
   255    2   13 0.333333
   255    2   14 0.333333
   255    2   17 0.333333
   255    2   18 0.333333
   255    2   20 0.333333
   255    2   22 0.333333
   255    2   23 0.333333
   255    2   24 0.333333
   255    2   25 0.333333
   255    2   26 0.333333
   255    2   27 0.333333
   255    3    4 1.000000
   255    3    5 0.979167
   255    3    6 0.895833
   255    3    9 0.958333
   255    3   10 0.958333
   255    3   11 0.958333
   255    3   12 0.958333
   255    3   13 0.958333
   255    3   14 0.958333
   255    3   17 0.895833
   255    3   18 0.937500
   255    3   20 0.937500
   255    3   22 0.958333
   255    3   23 0.958333
   255    3   24 0.958333
   255    3   25 0.958333
   255    3   26 0.958333
   255    3   27 0.958333
   255    4    5 0.979167
   255    4    6 0.895833
   255    4    9 0.958333
   255    4   10 0.958333
   255    4   11 0.958333
   255    4   12 0.958333
   255    4   13 0.958333
   255    4   14 0.958333
   255    4   17 0.895833
   255    4   18 0.937500
   255    4   20 0.937500
   255    4   22 0.958333
   255    4   23 0.958333
   255    4   24 0.958333
   255    4   25 0.958333
   255    4   26 0.958333
   255    4   27 0.958333
   255    5    6 0.875000
   255    5    9 0.937500
   255    5   10 0.937500
   255    5   11 0.937500
   255    5   12 0.937500
   255    5   13 0.937500
   255    5   14 0.937500
   255    5   17 0.875000
   255    5   18 0.916667
   255    5   20 0.916667
   255    5   22 0.937500
   255    5   23 0.937500
   255    5   24 0.937500
   255    5   25 0.937500
   255    5   26 0.937500
   255    5   27 0.937500
   255    6    9 0.937500
   255    6   10 0.937500
   255    6   11 0.937500
   255    6   12 0.937500
   255    6   13 0.937500
   255    6   14 0.937500
   255    6   17 0.875000
   255    6   18 0.958333
   255    6   20 0.958333
   255    6   22 0.937500
   255    6   23 0.937500
   255    6   24 0.937500
   255    6   25 0.937500
   255    6   26 0.937500
   255    6   27 0.937500
   255    9   10 1.000000
   255    9   11 1.000000
   255    9   12 1.000000
   255    9   13 1.000000
   255    9   14 1.000000
   255    9   17 0.937500
   255    9   18 0.979167
   255    9   20 0.979167
   255    9   22 1.000000
   255    9   23 1.000000
   255    9   24 1.000000
   255    9   25 1.000000
   255    9   26 1.000000
   255    9   27 1.000000
   255   10   11 1.000000
   255   10   12 1.000000
   255   10   13 1.000000
   255   10   14 1.000000
   255   10   17 0.937500
   255   10   18 0.979167
   255   10   20 0.979167
   255   10   22 1.000000
   255   10   23 1.000000
   255   10   24 1.000000
   255   10   25 1.000000
   255   10   26 1.000000
   255   10   27 1.000000
   255   11   12 1.000000
   255   11   13 1.000000
   255   11   14 1.000000
   255   11   17 0.937500
   255   11   18 0.979167
   255   11   20 0.979167
   255   11   22 1.000000
   255   11   23 1.000000
   255   11   24 1.000000
   255   11   25 1.000000
   255   11   26 1.000000
   255   11   27 1.000000
   255   12   13 1.000000
   255   12   14 1.000000
   255   12   17 0.937500
   255   12   18 0.979167
   255   12   20 0.979167
   255   12   22 1.000000
   255   12   23 1.000000
   255   12   24 1.000000
   255   12   25 1.000000
   255   12   26 1.000000
   255   12   27 1.000000
   255   13   14 1.000000
   255   13   17 0.937500
   255   13   18 0.979167
   255   13   20 0.979167
   255   13   22 1.000000
   255   13   23 1.000000
   255   13   24 1.000000
   255   13   25 1.000000
   255   13   26 1.000000
   255   13   27 1.000000
   255   14   17 0.937500
   255   14   18 0.979167
   255   14   20 0.979167
   255   14   22 1.000000
   255   14   23 1.000000
   255   14   24 1.000000
   255   14   25 1.000000
   255   14   26 1.000000
   255   14   27 1.000000
   255   17   18 0.916667
   255   17   20 0.916667
   255   17   22 0.937500
   255   17   23 0.937500
   255   17   24 0.937500
   255   17   25 0.937500
   255   17   26 0.937500
   255   17   27 0.937500
   255   18   20 1.000000
   255   18   22 0.979167
   255   18   23 0.979167
   255   18   24 0.979167
   255   18   25 0.979167
   255   18   26 0.979167
   255   18   27 0.979167
   255   20   22 0.979167
   255   20   23 0.979167
   255   20   24 0.979167
   255   20   25 0.979167
   255   20   26 0.979167
   255   20   27 0.979167
   255   22   23 1.000000
   255   22   24 1.000000
   255   22   25 1.000000
   255   22   26 1.000000
   255   22   27 1.000000
   255   23   24 1.000000
   255   23   25 1.000000
   255   23   26 1.000000
   255   23   27 1.000000
   255   24   25 1.000000
   255   24   26 1.000000
   255   24   27 1.000000
   255   25   26 1.000000
   255   25   27 1.000000
   255   26   27 1.000000
   256    1    2 0.333333
   256    1    3 1.000000
   256    1    4 1.000000
   256    1    5 0.937500
   256    1    6 0.937500
   256    1    8 1.000000
   256    1    9 1.000000
   256    1   10 1.000000
   256    1   11 1.000000
   256    1   12 1.000000
   256    1   13 1.000000
   256    1   14 1.000000
   256    1   17 1.000000
   256    1   18 0.979167
   256    1   19 1.000000
   256    1   20 0.979167
   256    1   22 1.000000
   256    1   23 1.000000
   256    1   24 1.000000
   256    1   25 1.000000
   256    1   26 1.000000
   256    1   27 1.000000
   256    2    3 0.333333
   256    2    4 0.333333
   256    2    5 0.333333
   256    2    6 0.333333
   256    2    8 0.333333
   256    2    9 0.333333
   256    2   10 0.333333
   256    2   11 0.333333
   256    2   12 0.333333
   256    2   13 0.333333
   256    2   14 0.333333
   256    2   17 0.333333
   256    2   18 0.333333
   256    2   19 0.333333
   256    2   20 0.333333
   256    2   22 0.333333
   256    2   23 0.333333
   256    2   24 0.333333
   256    2   25 0.333333
   256    2   26 0.333333
   256    2   27 0.333333
   256    3    4 1.000000
   256    3    5 0.937500
   256    3    6 0.937500
   256    3    8 1.000000
   256    3    9 1.000000
   256    3   10 1.000000
   256    3   11 1.000000
   256    3   12 1.000000
   256    3   13 1.000000
   256    3   14 1.000000
   256    3   17 1.000000
   256    3   18 0.979167
   256    3   19 1.000000
   256    3   20 0.979167
   256    3   22 1.000000
   256    3   23 1.000000
   256    3   24 1.000000
   256    3   25 1.000000
   256    3   26 1.000000
   256    3   27 1.000000
   256    4    5 0.937500
   256    4    6 0.937500
   256    4    8 1.000000
   256    4    9 1.000000
   256    4   10 1.000000
   256    4   11 1.000000
   256    4   12 1.000000
   256    4   13 1.000000
   256    4   14 1.000000
   256    4   17 1.000000
   256    4   18 0.979167
   256    4   19 1.000000
   256    4   20 0.979167
   256    4   22 1.000000
   256    4   23 1.000000
   256    4   24 1.000000
   256    4   25 1.000000
   256    4   26 1.000000
   256    4   27 1.000000
   256    5    6 0.875000
   256    5    8 0.937500
   256    5    9 0.937500
   256    5   10 0.937500
   256    5   11 0.937500
   256    5   12 0.937500
   256    5   13 0.937500
   256    5   14 0.937500
   256    5   17 0.937500
   256    5   18 0.916667
   256    5   19 0.937500
   256    5   20 0.916667
   256    5   22 0.937500
   256    5   23 0.937500
   256    5   24 0.937500
   256    5   25 0.937500
   256    5   26 0.937500
   256    5   27 0.937500
   256    6    8 0.937500
   256    6    9 0.937500
   256    6   10 0.937500
   256    6   11 0.937500
   256    6   12 0.937500
   256    6   13 0.937500
   256    6   14 0.937500
   256    6   17 0.937500
   256    6   18 0.958333
   256    6   19 0.937500
   256    6   20 0.958333
   256    6   22 0.937500
   256    6   23 0.937500
   256    6   24 0.937500
   256    6   25 0.937500
   256    6   26 0.937500
   256    6   27 0.937500
   256    8    9 1.000000
   256    8   10 1.000000
   256    8   11 1.000000
   256    8   12 1.000000
   256    8   13 1.000000
   256    8   14 1.000000
   256    8   17 1.000000
   256    8   18 0.979167
   256    8   19 1.000000
   256    8   20 0.979167
   256    8   22 1.000000
   256    8   23 1.000000
   256    8   24 1.000000
   256    8   25 1.000000
   256    8   26 1.000000
   256    8   27 1.000000
   256    9   10 1.000000
   256    9   11 1.000000
   256    9   12 1.000000
   256    9   13 1.000000
   256    9   14 1.000000
   256    9   17 1.000000
   256    9   18 0.979167
   256    9   19 1.000000
   256    9   20 0.979167
   256    9   22 1.000000
   256    9   23 1.000000
   256    9   24 1.000000
   256    9   25 1.000000
   256    9   26 1.000000
   256    9   27 1.000000
   256   10   11 1.000000
   256   10   12 1.000000
   256   10   13 1.000000
   256   10   14 1.000000
   256   10   17 1.000000
   256   10   18 0.979167
   256   10   19 1.000000
   256   10   20 0.979167
   256   10   22 1.000000
   256   10   23 1.000000
   256   10   24 1.000000
   256   10   25 1.000000
   256   10   26 1.000000
   256   10   27 1.000000
   256   11   12 1.000000
   256   11   13 1.000000
   256   11   14 1.000000
   256   11   17 1.000000
   256   11   18 0.979167
   256   11   19 1.000000
   256   11   20 0.979167
   256   11   22 1.000000
   256   11   23 1.000000
   256   11   24 1.000000
   256   11   25 1.000000
   256   11   26 1.000000
   256   11   27 1.000000
   256   12   13 1.000000
   256   12   14 1.000000
   256   12   17 1.000000
   256   12   18 0.979167
   256   12   19 1.000000
   256   12   20 0.979167
   256   12   22 1.000000
   256   12   23 1.000000
   256   12   24 1.000000
   256   12   25 1.000000
   256   12   26 1.000000
   256   12   27 1.000000
   256   13   14 1.000000
   256   13   17 1.000000
   256   13   18 0.979167
   256   13   19 1.000000
   256   13   20 0.979167
   256   13   22 1.000000
   256   13   23 1.000000
   256   13   24 1.000000
   256   13   25 1.000000
   256   13   26 1.000000
   256   13   27 1.000000
   256   14   17 1.000000
   256   14   18 0.979167
   256   14   19 1.000000
   256   14   20 0.979167
   256   14   22 1.000000
   256   14   23 1.000000
   256   14   24 1.000000
   256   14   25 1.000000
   256   14   26 1.000000
   256   14   27 1.000000
   256   17   18 0.979167
   256   17   19 1.000000
   256   17   20 0.979167
   256   17   22 1.000000
   256   17   23 1.000000
   256   17   24 1.000000
   256   17   25 1.000000
   256   17   26 1.000000
   256   17   27 1.000000
   256   18   19 0.979167
   256   18   20 1.000000
   256   18   22 0.979167
   256   18   23 0.979167
   256   18   24 0.979167
   256   18   25 0.979167
   256   18   26 0.979167
   256   18   27 0.979167
   256   19   20 0.979167
   256   19   22 1.000000
   256   19   23 1.000000
   256   19   24 1.000000
   256   19   25 1.000000
   256   19   26 1.000000
   256   19   27 1.000000
   256   20   22 0.979167
   256   20   23 0.979167
   256   20   24 0.979167
   256   20   25 0.979167
   256   20   26 0.979167
   256   20   27 0.979167
   256   22   23 1.000000
   256   22   24 1.000000
   256   22   25 1.000000
   256   22   26 1.000000
   256   22   27 1.000000
   256   23   24 1.000000
   256   23   25 1.000000
   256   23   26 1.000000
   256   23   27 1.000000
   256   24   25 1.000000
   256   24   26 1.000000
   256   24   27 1.000000
   256   25   26 1.000000
   256   25   27 1.000000
   256   26   27 1.000000
   257    1    2 0.333333
   257    1    3 1.000000
   257    1    4 1.000000
   257    1    5 1.000000
   257    1    6 0.937500
   257    1    7 0.166667
   257    1    8 1.000000
   257    1    9 1.000000
   257    1   10 1.000000
   257    1   11 1.000000
   257    1   12 1.000000
   257    1   13 1.000000
   257    1   14 1.000000
   257    1   15 1.000000
   257    1   16 0.958333
   257    1   17 1.000000
   257    1   18 0.979167
   257    1   19 1.000000
   257    1   20 0.979167
   257    1   21 1.000000
   257    1   22 1.000000
   257    1   23 1.000000
   257    1   24 1.000000
   257    1   25 1.000000
   257    1   26 1.000000
   257    1   27 1.000000
   257    2    3 0.333333
   257    2    4 0.333333
   257    2    5 0.333333
   257    2    6 0.375000
   257    2    7 0.500000
   257    2    8 0.333333
   257    2    9 0.333333
   257    2   10 0.333333
   257    2   11 0.333333
   257    2   12 0.333333
   257    2   13 0.333333
   257    2   14 0.333333
   257    2   15 0.333333
   257    2   16 0.333333
   257    2   17 0.333333
   257    2   18 0.354167
   257    2   19 0.333333
   257    2   20 0.354167
   257    2   21 0.333333
   257    2   22 0.333333
   257    2   23 0.333333
   257    2   24 0.333333
   257    2   25 0.333333
   257    2   26 0.333333
   257    2   27 0.333333
   257    3    4 1.000000
   257    3    5 1.000000
   257    3    6 0.937500
   257    3    7 0.166667
   257    3    8 1.000000
   257    3    9 1.000000
   257    3   10 1.000000
   257    3   11 1.000000
   257    3   12 1.000000
   257    3   13 1.000000
   257    3   14 1.000000
   257    3   15 1.000000
   257    3   16 0.958333
   257    3   17 1.000000
   257    3   18 0.979167
   257    3   19 1.000000
   257    3   20 0.979167
   257    3   21 1.000000
   257    3   22 1.000000
   257    3   23 1.000000
   257    3   24 1.000000
   257    3   25 1.000000
   257    3   26 1.000000
   257    3   27 1.000000
   257    4    5 1.000000
   257    4    6 0.937500
   257    4    7 0.166667
   257    4    8 1.000000
   257    4    9 1.000000
   257    4   10 1.000000
   257    4   11 1.000000
   257    4   12 1.000000
   257    4   13 1.000000
   257    4   14 1.000000
   257    4   15 1.000000
   257    4   16 0.958333
   257    4   17 1.000000
   257    4   18 0.979167
   257    4   19 1.000000
   257    4   20 0.979167
   257    4   21 1.000000
   257    4   22 1.000000
   257    4   23 1.000000
   257    4   24 1.000000
   257    4   25 1.000000
   257    4   26 1.000000
   257    4   27 1.000000
   257    5    6 0.937500
   257    5    7 0.166667
   257    5    8 1.000000
   257    5    9 1.000000
   257    5   10 1.000000
   257    5   11 1.000000
   257    5   12 1.000000
   257    5   13 1.000000
   257    5   14 1.000000
   257    5   15 1.000000
   257    5   16 0.958333
   257    5   17 1.000000
   257    5   18 0.979167
   257    5   19 1.000000
   257    5   20 0.979167
   257    5   21 1.000000
   257    5   22 1.000000
   257    5   23 1.000000
   257    5   24 1.000000
   257    5   25 1.000000
   257    5   26 1.000000
   257    5   27 1.000000
   257    6    7 0.229167
   257    6    8 0.937500
   257    6    9 0.937500
   257    6   10 0.937500
   257    6   11 0.937500
   257    6   12 0.937500
   257    6   13 0.937500
   257    6   14 0.937500
   257    6   15 0.937500
   257    6   16 0.895833
   257    6   17 0.937500
   257    6   18 0.958333
   257    6   19 0.937500
   257    6   20 0.958333
   257    6   21 0.937500
   257    6   22 0.937500
   257    6   23 0.937500
   257    6   24 0.937500
   257    6   25 0.937500
   257    6   26 0.937500
   257    6   27 0.937500
   257    7    8 0.166667
   257    7    9 0.166667
   257    7   10 0.166667
   257    7   11 0.166667
   257    7   12 0.166667
   257    7   13 0.166667
   257    7   14 0.166667
   257    7   15 0.166667
   257    7   16 0.166667
   257    7   17 0.166667
   257    7   18 0.187500
   257    7   19 0.166667
   257    7   20 0.187500
   257    7   21 0.166667
   257    7   22 0.166667
   257    7   23 0.166667
   257    7   24 0.166667
   257    7   25 0.166667
   257    7   26 0.166667
   257    7   27 0.166667
   257    8    9 1.000000
   257    8   10 1.000000
   257    8   11 1.000000
   257    8   12 1.000000
   257    8   13 1.000000
   257    8   14 1.000000
   257    8   15 1.000000
   257    8   16 0.958333
   257    8   17 1.000000
   257    8   18 0.979167
   257    8   19 1.000000
   257    8   20 0.979167
   257    8   21 1.000000
   257    8   22 1.000000
   257    8   23 1.000000
   257    8   24 1.000000
   257    8   25 1.000000
   257    8   26 1.000000
   257    8   27 1.000000
   257    9   10 1.000000
   257    9   11 1.000000
   257    9   12 1.000000
   257    9   13 1.000000
   257    9   14 1.000000
   257    9   15 1.000000
   257    9   16 0.958333
   257    9   17 1.000000
   257    9   18 0.979167
   257    9   19 1.000000
   257    9   20 0.979167
   257    9   21 1.000000
   257    9   22 1.000000
   257    9   23 1.000000
   257    9   24 1.000000
   257    9   25 1.000000
   257    9   26 1.000000
   257    9   27 1.000000
   257   10   11 1.000000
   257   10   12 1.000000
   257   10   13 1.000000
   257   10   14 1.000000
   257   10   15 1.000000
   257   10   16 0.958333
   257   10   17 1.000000
   257   10   18 0.979167
   257   10   19 1.000000
   257   10   20 0.979167
   257   10   21 1.000000
   257   10   22 1.000000
   257   10   23 1.000000
   257   10   24 1.000000
   257   10   25 1.000000
   257   10   26 1.000000
   257   10   27 1.000000
   257   11   12 1.000000
   257   11   13 1.000000
   257   11   14 1.000000
   257   11   15 1.000000
   257   11   16 0.958333
   257   11   17 1.000000
   257   11   18 0.979167
   257   11   19 1.000000
   257   11   20 0.979167
   257   11   21 1.000000
   257   11   22 1.000000
   257   11   23 1.000000
   257   11   24 1.000000
   257   11   25 1.000000
   257   11   26 1.000000
   257   11   27 1.000000
   257   12   13 1.000000
   257   12   14 1.000000
   257   12   15 1.000000
   257   12   16 0.958333
   257   12   17 1.000000
   257   12   18 0.979167
   257   12   19 1.000000
   257   12   20 0.979167
   257   12   21 1.000000
   257   12   22 1.000000
   257   12   23 1.000000
   257   12   24 1.000000
   257   12   25 1.000000
   257   12   26 1.000000
   257   12   27 1.000000
   257   13   14 1.000000
   257   13   15 1.000000
   257   13   16 0.958333
   257   13   17 1.000000
   257   13   18 0.979167
   257   13   19 1.000000
   257   13   20 0.979167
   257   13   21 1.000000
   257   13   22 1.000000
   257   13   23 1.000000
   257   13   24 1.000000
   257   13   25 1.000000
   257   13   26 1.000000
   257   13   27 1.000000
   257   14   15 1.000000
   257   14   16 0.958333
   257   14   17 1.000000
   257   14   18 0.979167
   257   14   19 1.000000
   257   14   20 0.979167
   257   14   21 1.000000
   257   14   22 1.000000
   257   14   23 1.000000
   257   14   24 1.000000
   257   14   25 1.000000
   257   14   26 1.000000
   257   14   27 1.000000
   257   15   16 0.958333
   257   15   17 1.000000
   257   15   18 0.979167
   257   15   19 1.000000
   257   15   20 0.979167
   257   15   21 1.000000
   257   15   22 1.000000
   257   15   23 1.000000
   257   15   24 1.000000
   257   15   25 1.000000
   257   15   26 1.000000
   257   15   27 1.000000
   257   16   17 0.958333
   257   16   18 0.937500
   257   16   19 0.958333
   257   16   20 0.937500
   257   16   21 0.958333
   257   16   22 0.958333
   257   16   23 0.958333
   257   16   24 0.958333
   257   16   25 0.958333
   257   16   26 0.958333
   257   16   27 0.958333
   257   17   18 0.979167
   257   17   19 1.000000
   257   17   20 0.979167
   257   17   21 1.000000
   257   17   22 1.000000
   257   17   23 1.000000
   257   17   24 1.000000
   257   17   25 1.000000
   257   17   26 1.000000
   257   17   27 1.000000
   257   18   19 0.979167
   257   18   20 1.000000
   257   18   21 0.979167
   257   18   22 0.979167
   257   18   23 0.979167
   257   18   24 0.979167
   257   18   25 0.979167
   257   18   26 0.979167
   257   18   27 0.979167
   257   19   20 0.979167
   257   19   21 1.000000
   257   19   22 1.000000
   257   19   23 1.000000
   257   19   24 1.000000
   257   19   25 1.000000
   257   19   26 1.000000
   257   19   27 1.000000
   257   20   21 0.979167
   257   20   22 0.979167
   257   20   23 0.979167
   257   20   24 0.979167
   257   20   25 0.979167
   257   20   26 0.979167
   257   20   27 0.979167
   257   21   22 1.000000
   257   21   23 1.000000
   257   21   24 1.000000
   257   21   25 1.000000
   257   21   26 1.000000
   257   21   27 1.000000
   257   22   23 1.000000
   257   22   24 1.000000
   257   22   25 1.000000
   257   22   26 1.000000
   257   22   27 1.000000
   257   23   24 1.000000
   257   23   25 1.000000
   257   23   26 1.000000
   257   23   27 1.000000
   257   24   25 1.000000
   257   24   26 1.000000
   257   24   27 1.000000
   257   25   26 1.000000
   257   25   27 1.000000
   257   26   27 1.000000
   258    1    2 0.333333
   258    1    3 1.000000
   258    1    4 1.000000
   258    1    5 1.000000
   258    1    6 0.937500
   258    1    7 0.333333
   258    1    8 1.000000
   258    1    9 1.000000
   258    1   10 1.000000
   258    1   11 1.000000
   258    1   12 1.000000
   258    1   13 1.000000
   258    1   14 1.000000
   258    1   15 1.000000
   258    1   16 0.958333
   258    1   17 1.000000
   258    1   18 0.979167
   258    1   19 1.000000
   258    1   20 0.979167
   258    1   21 1.000000
   258    1   22 1.000000
   258    1   23 1.000000
   258    1   24 1.000000
   258    1   25 1.000000
   258    1   26 1.000000
   258    1   27 1.000000
   258    2    3 0.333333
   258    2    4 0.333333
   258    2    5 0.333333
   258    2    6 0.395833
   258    2    7 1.000000
   258    2    8 0.333333
   258    2    9 0.333333
   258    2   10 0.333333
   258    2   11 0.333333
   258    2   12 0.333333
   258    2   13 0.333333
   258    2   14 0.333333
   258    2   15 0.333333
   258    2   16 0.333333
   258    2   17 0.333333
   258    2   18 0.354167
   258    2   19 0.333333
   258    2   20 0.354167
   258    2   21 0.333333
   258    2   22 0.333333
   258    2   23 0.333333
   258    2   24 0.333333
   258    2   25 0.333333
   258    2   26 0.333333
   258    2   27 0.333333
   258    3    4 1.000000
   258    3    5 1.000000
   258    3    6 0.937500
   258    3    7 0.333333
   258    3    8 1.000000
   258    3    9 1.000000
   258    3   10 1.000000
   258    3   11 1.000000
   258    3   12 1.000000
   258    3   13 1.000000
   258    3   14 1.000000
   258    3   15 1.000000
   258    3   16 0.958333
   258    3   17 1.000000
   258    3   18 0.979167
   258    3   19 1.000000
   258    3   20 0.979167
   258    3   21 1.000000
   258    3   22 1.000000
   258    3   23 1.000000
   258    3   24 1.000000
   258    3   25 1.000000
   258    3   26 1.000000
   258    3   27 1.000000
   258    4    5 1.000000
   258    4    6 0.937500
   258    4    7 0.333333
   258    4    8 1.000000
   258    4    9 1.000000
   258    4   10 1.000000
   258    4   11 1.000000
   258    4   12 1.000000
   258    4   13 1.000000
   258    4   14 1.000000
   258    4   15 1.000000
   258    4   16 0.958333
   258    4   17 1.000000
   258    4   18 0.979167
   258    4   19 1.000000
   258    4   20 0.979167
   258    4   21 1.000000
   258    4   22 1.000000
   258    4   23 1.000000
   258    4   24 1.000000
   258    4   25 1.000000
   258    4   26 1.000000
   258    4   27 1.000000
   258    5    6 0.937500
   258    5    7 0.333333
   258    5    8 1.000000
   258    5    9 1.000000
   258    5   10 1.000000
   258    5   11 1.000000
   258    5   12 1.000000
   258    5   13 1.000000
   258    5   14 1.000000
   258    5   15 1.000000
   258    5   16 0.958333
   258    5   17 1.000000
   258    5   18 0.979167
   258    5   19 1.000000
   258    5   20 0.979167
   258    5   21 1.000000
   258    5   22 1.000000
   258    5   23 1.000000
   258    5   24 1.000000
   258    5   25 1.000000
   258    5   26 1.000000
   258    5   27 1.000000
   258    6    7 0.395833
   258    6    8 0.937500
   258    6    9 0.937500
   258    6   10 0.937500
   258    6   11 0.937500
   258    6   12 0.937500
   258    6   13 0.937500
   258    6   14 0.937500
   258    6   15 0.937500
   258    6   16 0.895833
   258    6   17 0.937500
   258    6   18 0.958333
   258    6   19 0.937500
   258    6   20 0.958333
   258    6   21 0.937500
   258    6   22 0.937500
   258    6   23 0.937500
   258    6   24 0.937500
   258    6   25 0.937500
   258    6   26 0.937500
   258    6   27 0.937500
   258    7    8 0.333333
   258    7    9 0.333333
   258    7   10 0.333333
   258    7   11 0.333333
   258    7   12 0.333333
   258    7   13 0.333333
   258    7   14 0.333333
   258    7   15 0.333333
   258    7   16 0.333333
   258    7   17 0.333333
   258    7   18 0.354167
   258    7   19 0.333333
   258    7   20 0.354167
   258    7   21 0.333333
   258    7   22 0.333333
   258    7   23 0.333333
   258    7   24 0.333333
   258    7   25 0.333333
   258    7   26 0.333333
   258    7   27 0.333333
   258    8    9 1.000000
   258    8   10 1.000000
   258    8   11 1.000000
   258    8   12 1.000000
   258    8   13 1.000000
   258    8   14 1.000000
   258    8   15 1.000000
   258    8   16 0.958333
   258    8   17 1.000000
   258    8   18 0.979167
   258    8   19 1.000000
   258    8   20 0.979167
   258    8   21 1.000000
   258    8   22 1.000000
   258    8   23 1.000000
   258    8   24 1.000000
   258    8   25 1.000000
   258    8   26 1.000000
   258    8   27 1.000000
   258    9   10 1.000000
   258    9   11 1.000000
   258    9   12 1.000000
   258    9   13 1.000000
   258    9   14 1.000000
   258    9   15 1.000000
   258    9   16 0.958333
   258    9   17 1.000000
   258    9   18 0.979167
   258    9   19 1.000000
   258    9   20 0.979167
   258    9   21 1.000000
   258    9   22 1.000000
   258    9   23 1.000000
   258    9   24 1.000000
   258    9   25 1.000000
   258    9   26 1.000000
   258    9   27 1.000000
   258   10   11 1.000000
   258   10   12 1.000000
   258   10   13 1.000000
   258   10   14 1.000000
   258   10   15 1.000000
   258   10   16 0.958333
   258   10   17 1.000000
   258   10   18 0.979167
   258   10   19 1.000000
   258   10   20 0.979167
   258   10   21 1.000000
   258   10   22 1.000000
   258   10   23 1.000000
   258   10   24 1.000000
   258   10   25 1.000000
   258   10   26 1.000000
   258   10   27 1.000000
   258   11   12 1.000000
   258   11   13 1.000000
   258   11   14 1.000000
   258   11   15 1.000000
   258   11   16 0.958333
   258   11   17 1.000000
   258   11   18 0.979167
   258   11   19 1.000000
   258   11   20 0.979167
   258   11   21 1.000000
   258   11   22 1.000000
   258   11   23 1.000000
   258   11   24 1.000000
   258   11   25 1.000000
   258   11   26 1.000000
   258   11   27 1.000000
   258   12   13 1.000000
   258   12   14 1.000000
   258   12   15 1.000000
   258   12   16 0.958333
   258   12   17 1.000000
   258   12   18 0.979167
   258   12   19 1.000000
   258   12   20 0.979167
   258   12   21 1.000000
   258   12   22 1.000000
   258   12   23 1.000000
   258   12   24 1.000000
   258   12   25 1.000000
   258   12   26 1.000000
   258   12   27 1.000000
   258   13   14 1.000000
   258   13   15 1.000000
   258   13   16 0.958333
   258   13   17 1.000000
   258   13   18 0.979167
   258   13   19 1.000000
   258   13   20 0.979167
   258   13   21 1.000000
   258   13   22 1.000000
   258   13   23 1.000000
   258   13   24 1.000000
   258   13   25 1.000000
   258   13   26 1.000000
   258   13   27 1.000000
   258   14   15 1.000000
   258   14   16 0.958333
   258   14   17 1.000000
   258   14   18 0.979167
   258   14   19 1.000000
   258   14   20 0.979167
   258   14   21 1.000000
   258   14   22 1.000000
   258   14   23 1.000000
   258   14   24 1.000000
   258   14   25 1.000000
   258   14   26 1.000000
   258   14   27 1.000000
   258   15   16 0.958333
   258   15   17 1.000000
   258   15   18 0.979167
   258   15   19 1.000000
   258   15   20 0.979167
   258   15   21 1.000000
   258   15   22 1.000000
   258   15   23 1.000000
   258   15   24 1.000000
   258   15   25 1.000000
   258   15   26 1.000000
   258   15   27 1.000000
   258   16   17 0.958333
   258   16   18 0.937500
   258   16   19 0.958333
   258   16   20 0.937500
   258   16   21 0.958333
   258   16   22 0.958333
   258   16   23 0.958333
   258   16   24 0.958333
   258   16   25 0.958333
   258   16   26 0.958333
   258   16   27 0.958333
   258   17   18 0.979167
   258   17   19 1.000000
   258   17   20 0.979167
   258   17   21 1.000000
   258   17   22 1.000000
   258   17   23 1.000000
   258   17   24 1.000000
   258   17   25 1.000000
   258   17   26 1.000000
   258   17   27 1.000000
   258   18   19 0.979167
   258   18   20 1.000000
   258   18   21 0.979167
   258   18   22 0.979167
   258   18   23 0.979167
   258   18   24 0.979167
   258   18   25 0.979167
   258   18   26 0.979167
   258   18   27 0.979167
   258   19   20 0.979167
   258   19   21 1.000000
   258   19   22 1.000000
   258   19   23 1.000000
   258   19   24 1.000000
   258   19   25 1.000000
   258   19   26 1.000000
   258   19   27 1.000000
   258   20   21 0.979167
   258   20   22 0.979167
   258   20   23 0.979167
   258   20   24 0.979167
   258   20   25 0.979167
   258   20   26 0.979167
   258   20   27 0.979167
   258   21   22 1.000000
   258   21   23 1.000000
   258   21   24 1.000000
   258   21   25 1.000000
   258   21   26 1.000000
   258   21   27 1.000000
   258   22   23 1.000000
   258   22   24 1.000000
   258   22   25 1.000000
   258   22   26 1.000000
   258   22   27 1.000000
   258   23   24 1.000000
   258   23   25 1.000000
   258   23   26 1.000000
   258   23   27 1.000000
   258   24   25 1.000000
   258   24   26 1.000000
   258   24   27 1.000000
   258   25   26 1.000000
   258   25   27 1.000000
   258   26   27 1.000000
   259    2    6 0.395833
   259    2    7 1.000000
   259    6    7 0.395833
   260    2    6 0.395833
   260    2    7 1.000000
   260    6    7 0.395833
   261    1    2 1.000000
   261    1    3 1.000000
   261    1    4 1.000000
   261    1    5 1.000000
   261    1    6 1.000000
   261    1    7 1.000000
   261    1    8 1.000000
   261    1    9 1.000000
   261    1   10 1.000000
   261    1   11 1.000000
   261    1   12 1.000000
   261    1   13 1.000000
   261    1   14 1.000000
   261    1   15 1.000000
   261    1   16 1.000000
   261    1   17 1.000000
   261    1   18 1.000000
   261    1   19 1.000000
   261    1   20 1.000000
   261    1   21 1.000000
   261    1   22 1.000000
   261    1   23 1.000000
   261    1   24 1.000000
   261    1   25 1.000000
   261    1   26 1.000000
   261    1   27 1.000000
   261    2    3 1.000000
   261    2    4 1.000000
   261    2    5 1.000000
   261    2    6 1.000000
   261    2    7 1.000000
   261    2    8 1.000000
   261    2    9 1.000000
   261    2   10 1.000000
   261    2   11 1.000000
   261    2   12 1.000000
   261    2   13 1.000000
   261    2   14 1.000000
   261    2   15 1.000000
   261    2   16 1.000000
   261    2   17 1.000000
   261    2   18 1.000000
   261    2   19 1.000000
   261    2   20 1.000000
   261    2   21 1.000000
   261    2   22 1.000000
   261    2   23 1.000000
   261    2   24 1.000000
   261    2   25 1.000000
   261    2   26 1.000000
   261    2   27 1.000000
   261    3    4 1.000000
   261    3    5 1.000000
   261    3    6 1.000000
   261    3    7 1.000000
   261    3    8 1.000000
   261    3    9 1.000000
   261    3   10 1.000000
   261    3   11 1.000000
   261    3   12 1.000000
   261    3   13 1.000000
   261    3   14 1.000000
   261    3   15 1.000000
   261    3   16 1.000000
   261    3   17 1.000000
   261    3   18 1.000000
   261    3   19 1.000000
   261    3   20 1.000000
   261    3   21 1.000000
   261    3   22 1.000000
   261    3   23 1.000000
   261    3   24 1.000000
   261    3   25 1.000000
   261    3   26 1.000000
   261    3   27 1.000000
   261    4    5 1.000000
   261    4    6 1.000000
   261    4    7 1.000000
   261    4    8 1.000000
   261    4    9 1.000000
   261    4   10 1.000000
   261    4   11 1.000000
   261    4   12 1.000000
   261    4   13 1.000000
   261    4   14 1.000000
   261    4   15 1.000000
   261    4   16 1.000000
   261    4   17 1.000000
   261    4   18 1.000000
   261    4   19 1.000000
   261    4   20 1.000000
   261    4   21 1.000000
   261    4   22 1.000000
   261    4   23 1.000000
   261    4   24 1.000000
   261    4   25 1.000000
   261    4   26 1.000000
   261    4   27 1.000000
   261    5    6 1.000000
   261    5    7 1.000000
   261    5    8 1.000000
   261    5    9 1.000000
   261    5   10 1.000000
   261    5   11 1.000000
   261    5   12 1.000000
   261    5   13 1.000000
   261    5   14 1.000000
   261    5   15 1.000000
   261    5   16 1.000000
   261    5   17 1.000000
   261    5   18 1.000000
   261    5   19 1.000000
   261    5   20 1.000000
   261    5   21 1.000000
   261    5   22 1.000000
   261    5   23 1.000000
   261    5   24 1.000000
   261    5   25 1.000000
   261    5   26 1.000000
   261    5   27 1.000000
   261    6    7 1.000000
   261    6    8 1.000000
   261    6    9 1.000000
   261    6   10 1.000000
   261    6   11 1.000000
   261    6   12 1.000000
   261    6   13 1.000000
   261    6   14 1.000000
   261    6   15 1.000000
   261    6   16 1.000000
   261    6   17 1.000000
   261    6   18 1.000000
   261    6   19 1.000000
   261    6   20 1.000000
   261    6   21 1.000000
   261    6   22 1.000000
   261    6   23 1.000000
   261    6   24 1.000000
   261    6   25 1.000000
   261    6   26 1.000000
   261    6   27 1.000000
   261    7    8 1.000000
   261    7    9 1.000000
   261    7   10 1.000000
   261    7   11 1.000000
   261    7   12 1.000000
   261    7   13 1.000000
   261    7   14 1.000000
   261    7   15 1.000000
   261    7   16 1.000000
   261    7   17 1.000000
   261    7   18 1.000000
   261    7   19 1.000000
   261    7   20 1.000000
   261    7   21 1.000000
   261    7   22 1.000000
   261    7   23 1.000000
   261    7   24 1.000000
   261    7   25 1.000000
   261    7   26 1.000000
   261    7   27 1.000000
   261    8    9 1.000000
   261    8   10 1.000000
   261    8   11 1.000000
   261    8   12 1.000000
   261    8   13 1.000000
   261    8   14 1.000000
   261    8   15 1.000000
   261    8   16 1.000000
   261    8   17 1.000000
   261    8   18 1.000000
   261    8   19 1.000000
   261    8   20 1.000000
   261    8   21 1.000000
   261    8   22 1.000000
   261    8   23 1.000000
   261    8   24 1.000000
   261    8   25 1.000000
   261    8   26 1.000000
   261    8   27 1.000000
   261    9   10 1.000000
   261    9   11 1.000000
   261    9   12 1.000000
   261    9   13 1.000000
   261    9   14 1.000000
   261    9   15 1.000000
   261    9   16 1.000000
   261    9   17 1.000000
   261    9   18 1.000000
   261    9   19 1.000000
   261    9   20 1.000000
   261    9   21 1.000000
   261    9   22 1.000000
   261    9   23 1.000000
   261    9   24 1.000000
   261    9   25 1.000000
   261    9   26 1.000000
   261    9   27 1.000000
   261   10   11 1.000000
   261   10   12 1.000000
   261   10   13 1.000000
   261   10   14 1.000000
   261   10   15 1.000000
   261   10   16 1.000000
   261   10   17 1.000000
   261   10   18 1.000000
   261   10   19 1.000000
   261   10   20 1.000000
   261   10   21 1.000000
   261   10   22 1.000000
   261   10   23 1.000000
   261   10   24 1.000000
   261   10   25 1.000000
   261   10   26 1.000000
   261   10   27 1.000000
   261   11   12 1.000000
   261   11   13 1.000000
   261   11   14 1.000000
   261   11   15 1.000000
   261   11   16 1.000000
   261   11   17 1.000000
   261   11   18 1.000000
   261   11   19 1.000000
   261   11   20 1.000000
   261   11   21 1.000000
   261   11   22 1.000000
   261   11   23 1.000000
   261   11   24 1.000000
   261   11   25 1.000000
   261   11   26 1.000000
   261   11   27 1.000000
   261   12   13 1.000000
   261   12   14 1.000000
   261   12   15 1.000000
   261   12   16 1.000000
   261   12   17 1.000000
   261   12   18 1.000000
   261   12   19 1.000000
   261   12   20 1.000000
   261   12   21 1.000000
   261   12   22 1.000000
   261   12   23 1.000000
   261   12   24 1.000000
   261   12   25 1.000000
   261   12   26 1.000000
   261   12   27 1.000000
   261   13   14 1.000000
   261   13   15 1.000000
   261   13   16 1.000000
   261   13   17 1.000000
   261   13   18 1.000000
   261   13   19 1.000000
   261   13   20 1.000000
   261   13   21 1.000000
   261   13   22 1.000000
   261   13   23 1.000000
   261   13   24 1.000000
   261   13   25 1.000000
   261   13   26 1.000000
   261   13   27 1.000000
   261   14   15 1.000000
   261   14   16 1.000000
   261   14   17 1.000000
   261   14   18 1.000000
   261   14   19 1.000000
   261   14   20 1.000000
   261   14   21 1.000000
   261   14   22 1.000000
   261   14   23 1.000000
   261   14   24 1.000000
   261   14   25 1.000000
   261   14   26 1.000000
   261   14   27 1.000000
   261   15   16 1.000000
   261   15   17 1.000000
   261   15   18 1.000000
   261   15   19 1.000000
   261   15   20 1.000000
   261   15   21 1.000000
   261   15   22 1.000000
   261   15   23 1.000000
   261   15   24 1.000000
   261   15   25 1.000000
   261   15   26 1.000000
   261   15   27 1.000000
   261   16   17 1.000000
   261   16   18 1.000000
   261   16   19 1.000000
   261   16   20 1.000000
   261   16   21 1.000000
   261   16   22 1.000000
   261   16   23 1.000000
   261   16   24 1.000000
   261   16   25 1.000000
   261   16   26 1.000000
   261   16   27 1.000000
   261   17   18 1.000000
   261   17   19 1.000000
   261   17   20 1.000000
   261   17   21 1.000000
   261   17   22 1.000000
   261   17   23 1.000000
   261   17   24 1.000000
   261   17   25 1.000000
   261   17   26 1.000000
   261   17   27 1.000000
   261   18   19 1.000000
   261   18   20 1.000000
   261   18   21 1.000000
   261   18   22 1.000000
   261   18   23 1.000000
   261   18   24 1.000000
   261   18   25 1.000000
   261   18   26 1.000000
   261   18   27 1.000000
   261   19   20 1.000000
   261   19   21 1.000000
   261   19   22 1.000000
   261   19   23 1.000000
   261   19   24 1.000000
   261   19   25 1.000000
   261   19   26 1.000000
   261   19   27 1.000000
   261   20   21 1.000000
   261   20   22 1.000000
   261   20   23 1.000000
   261   20   24 1.000000
   261   20   25 1.000000
   261   20   26 1.000000
   261   20   27 1.000000
   261   21   22 1.000000
   261   21   23 1.000000
   261   21   24 1.000000
   261   21   25 1.000000
   261   21   26 1.000000
   261   21   27 1.000000
   261   22   23 1.000000
   261   22   24 1.000000
   261   22   25 1.000000
   261   22   26 1.000000
   261   22   27 1.000000
   261   23   24 1.000000
   261   23   25 1.000000
   261   23   26 1.000000
   261   23   27 1.000000
   261   24   25 1.000000
   261   24   26 1.000000
   261   24   27 1.000000
   261   25   26 1.000000
   261   25   27 1.000000
   261   26   27 1.000000
   262    1    2 1.000000
   262    1    3 1.000000
   262    1    4 1.000000
   262    1    5 1.000000
   262    1    6 1.000000
   262    1    7 1.000000
   262    1    8 1.000000
   262    1    9 1.000000
   262    1   10 1.000000
   262    1   11 1.000000
   262    1   12 1.000000
   262    1   13 1.000000
   262    1   14 1.000000
   262    1   15 1.000000
   262    1   16 1.000000
   262    1   17 1.000000
   262    1   18 1.000000
   262    1   19 1.000000
   262    1   20 1.000000
   262    1   21 1.000000
   262    1   22 1.000000
   262    1   23 1.000000
   262    1   24 1.000000
   262    1   25 1.000000
   262    1   26 1.000000
   262    1   27 1.000000
   262    2    3 1.000000
   262    2    4 1.000000
   262    2    5 1.000000
   262    2    6 1.000000
   262    2    7 1.000000
   262    2    8 1.000000
   262    2    9 1.000000
   262    2   10 1.000000
   262    2   11 1.000000
   262    2   12 1.000000
   262    2   13 1.000000
   262    2   14 1.000000
   262    2   15 1.000000
   262    2   16 1.000000
   262    2   17 1.000000
   262    2   18 1.000000
   262    2   19 1.000000
   262    2   20 1.000000
   262    2   21 1.000000
   262    2   22 1.000000
   262    2   23 1.000000
   262    2   24 1.000000
   262    2   25 1.000000
   262    2   26 1.000000
   262    2   27 1.000000
   262    3    4 1.000000
   262    3    5 1.000000
   262    3    6 1.000000
   262    3    7 1.000000
   262    3    8 1.000000
   262    3    9 1.000000
   262    3   10 1.000000
   262    3   11 1.000000
   262    3   12 1.000000
   262    3   13 1.000000
   262    3   14 1.000000
   262    3   15 1.000000
   262    3   16 1.000000
   262    3   17 1.000000
   262    3   18 1.000000
   262    3   19 1.000000
   262    3   20 1.000000
   262    3   21 1.000000
   262    3   22 1.000000
   262    3   23 1.000000
   262    3   24 1.000000
   262    3   25 1.000000
   262    3   26 1.000000
   262    3   27 1.000000
   262    4    5 1.000000
   262    4    6 1.000000
   262    4    7 1.000000
   262    4    8 1.000000
   262    4    9 1.000000
   262    4   10 1.000000
   262    4   11 1.000000
   262    4   12 1.000000
   262    4   13 1.000000
   262    4   14 1.000000
   262    4   15 1.000000
   262    4   16 1.000000
   262    4   17 1.000000
   262    4   18 1.000000
   262    4   19 1.000000
   262    4   20 1.000000
   262    4   21 1.000000
   262    4   22 1.000000
   262    4   23 1.000000
   262    4   24 1.000000
   262    4   25 1.000000
   262    4   26 1.000000
   262    4   27 1.000000
   262    5    6 1.000000
   262    5    7 1.000000
   262    5    8 1.000000
   262    5    9 1.000000
   262    5   10 1.000000
   262    5   11 1.000000
   262    5   12 1.000000
   262    5   13 1.000000
   262    5   14 1.000000
   262    5   15 1.000000
   262    5   16 1.000000
   262    5   17 1.000000
   262    5   18 1.000000
   262    5   19 1.000000
   262    5   20 1.000000
   262    5   21 1.000000
   262    5   22 1.000000
   262    5   23 1.000000
   262    5   24 1.000000
   262    5   25 1.000000
   262    5   26 1.000000
   262    5   27 1.000000
   262    6    7 1.000000
   262    6    8 1.000000
   262    6    9 1.000000
   262    6   10 1.000000
   262    6   11 1.000000
   262    6   12 1.000000
   262    6   13 1.000000
   262    6   14 1.000000
   262    6   15 1.000000
   262    6   16 1.000000
   262    6   17 1.000000
   262    6   18 1.000000
   262    6   19 1.000000
   262    6   20 1.000000
   262    6   21 1.000000
   262    6   22 1.000000
   262    6   23 1.000000
   262    6   24 1.000000
   262    6   25 1.000000
   262    6   26 1.000000
   262    6   27 1.000000
   262    7    8 1.000000
   262    7    9 1.000000
   262    7   10 1.000000
   262    7   11 1.000000
   262    7   12 1.000000
   262    7   13 1.000000
   262    7   14 1.000000
   262    7   15 1.000000
   262    7   16 1.000000
   262    7   17 1.000000
   262    7   18 1.000000
   262    7   19 1.000000
   262    7   20 1.000000
   262    7   21 1.000000
   262    7   22 1.000000
   262    7   23 1.000000
   262    7   24 1.000000
   262    7   25 1.000000
   262    7   26 1.000000
   262    7   27 1.000000
   262    8    9 1.000000
   262    8   10 1.000000
   262    8   11 1.000000
   262    8   12 1.000000
   262    8   13 1.000000
   262    8   14 1.000000
   262    8   15 1.000000
   262    8   16 1.000000
   262    8   17 1.000000
   262    8   18 1.000000
   262    8   19 1.000000
   262    8   20 1.000000
   262    8   21 1.000000
   262    8   22 1.000000
   262    8   23 1.000000
   262    8   24 1.000000
   262    8   25 1.000000
   262    8   26 1.000000
   262    8   27 1.000000
   262    9   10 1.000000
   262    9   11 1.000000
   262    9   12 1.000000
   262    9   13 1.000000
   262    9   14 1.000000
   262    9   15 1.000000
   262    9   16 1.000000
   262    9   17 1.000000
   262    9   18 1.000000
   262    9   19 1.000000
   262    9   20 1.000000
   262    9   21 1.000000
   262    9   22 1.000000
   262    9   23 1.000000
   262    9   24 1.000000
   262    9   25 1.000000
   262    9   26 1.000000
   262    9   27 1.000000
   262   10   11 1.000000
   262   10   12 1.000000
   262   10   13 1.000000
   262   10   14 1.000000
   262   10   15 1.000000
   262   10   16 1.000000
   262   10   17 1.000000
   262   10   18 1.000000
   262   10   19 1.000000
   262   10   20 1.000000
   262   10   21 1.000000
   262   10   22 1.000000
   262   10   23 1.000000
   262   10   24 1.000000
   262   10   25 1.000000
   262   10   26 1.000000
   262   10   27 1.000000
   262   11   12 1.000000
   262   11   13 1.000000
   262   11   14 1.000000
   262   11   15 1.000000
   262   11   16 1.000000
   262   11   17 1.000000
   262   11   18 1.000000
   262   11   19 1.000000
   262   11   20 1.000000
   262   11   21 1.000000
   262   11   22 1.000000
   262   11   23 1.000000
   262   11   24 1.000000
   262   11   25 1.000000
   262   11   26 1.000000
   262   11   27 1.000000
   262   12   13 1.000000
   262   12   14 1.000000
   262   12   15 1.000000
   262   12   16 1.000000
   262   12   17 1.000000
   262   12   18 1.000000
   262   12   19 1.000000
   262   12   20 1.000000
   262   12   21 1.000000
   262   12   22 1.000000
   262   12   23 1.000000
   262   12   24 1.000000
   262   12   25 1.000000
   262   12   26 1.000000
   262   12   27 1.000000
   262   13   14 1.000000
   262   13   15 1.000000
   262   13   16 1.000000
   262   13   17 1.000000
   262   13   18 1.000000
   262   13   19 1.000000
   262   13   20 1.000000
   262   13   21 1.000000
   262   13   22 1.000000
   262   13   23 1.000000
   262   13   24 1.000000
   262   13   25 1.000000
   262   13   26 1.000000
   262   13   27 1.000000
   262   14   15 1.000000
   262   14   16 1.000000
   262   14   17 1.000000
   262   14   18 1.000000
   262   14   19 1.000000
   262   14   20 1.000000
   262   14   21 1.000000
   262   14   22 1.000000
   262   14   23 1.000000
   262   14   24 1.000000
   262   14   25 1.000000
   262   14   26 1.000000
   262   14   27 1.000000
   262   15   16 1.000000
   262   15   17 1.000000
   262   15   18 1.000000
   262   15   19 1.000000
   262   15   20 1.000000
   262   15   21 1.000000
   262   15   22 1.000000
   262   15   23 1.000000
   262   15   24 1.000000
   262   15   25 1.000000
   262   15   26 1.000000
   262   15   27 1.000000
   262   16   17 1.000000
   262   16   18 1.000000
   262   16   19 1.000000
   262   16   20 1.000000
   262   16   21 1.000000
   262   16   22 1.000000
   262   16   23 1.000000
   262   16   24 1.000000
   262   16   25 1.000000
   262   16   26 1.000000
   262   16   27 1.000000
   262   17   18 1.000000
   262   17   19 1.000000
   262   17   20 1.000000
   262   17   21 1.000000
   262   17   22 1.000000
   262   17   23 1.000000
   262   17   24 1.000000
   262   17   25 1.000000
   262   17   26 1.000000
   262   17   27 1.000000
   262   18   19 1.000000
   262   18   20 1.000000
   262   18   21 1.000000
   262   18   22 1.000000
   262   18   23 1.000000
   262   18   24 1.000000
   262   18   25 1.000000
   262   18   26 1.000000
   262   18   27 1.000000
   262   19   20 1.000000
   262   19   21 1.000000
   262   19   22 1.000000
   262   19   23 1.000000
   262   19   24 1.000000
   262   19   25 1.000000
   262   19   26 1.000000
   262   19   27 1.000000
   262   20   21 1.000000
   262   20   22 1.000000
   262   20   23 1.000000
   262   20   24 1.000000
   262   20   25 1.000000
   262   20   26 1.000000
   262   20   27 1.000000
   262   21   22 1.000000
   262   21   23 1.000000
   262   21   24 1.000000
   262   21   25 1.000000
   262   21   26 1.000000
   262   21   27 1.000000
   262   22   23 1.000000
   262   22   24 1.000000
   262   22   25 1.000000
   262   22   26 1.000000
   262   22   27 1.000000
   262   23   24 1.000000
   262   23   25 1.000000
   262   23   26 1.000000
   262   23   27 1.000000
   262   24   25 1.000000
   262   24   26 1.000000
   262   24   27 1.000000
   262   25   26 1.000000
   262   25   27 1.000000
   262   26   27 1.000000
   263    1    2 1.000000
   263    1    3 1.000000
   263    1    4 1.000000
   263    1    5 1.000000
   263    1    6 1.000000
   263    1    7 1.000000
   263    1    8 1.000000
   263    1    9 1.000000
   263    1   10 1.000000
   263    1   11 1.000000
   263    1   12 1.000000
   263    1   13 1.000000
   263    1   14 1.000000
   263    1   15 1.000000
   263    1   16 1.000000
   263    1   17 1.000000
   263    1   18 1.000000
   263    1   19 1.000000
   263    1   20 1.000000
   263    1   21 1.000000
   263    1   22 1.000000
   263    1   23 1.000000
   263    1   24 1.000000
   263    1   25 1.000000
   263    1   26 1.000000
   263    1   27 1.000000
   263    2    3 1.000000
   263    2    4 1.000000
   263    2    5 1.000000
   263    2    6 1.000000
   263    2    7 1.000000
   263    2    8 1.000000
   263    2    9 1.000000
   263    2   10 1.000000
   263    2   11 1.000000
   263    2   12 1.000000
   263    2   13 1.000000
   263    2   14 1.000000
   263    2   15 1.000000
   263    2   16 1.000000
   263    2   17 1.000000
   263    2   18 1.000000
   263    2   19 1.000000
   263    2   20 1.000000
   263    2   21 1.000000
   263    2   22 1.000000
   263    2   23 1.000000
   263    2   24 1.000000
   263    2   25 1.000000
   263    2   26 1.000000
   263    2   27 1.000000
   263    3    4 1.000000
   263    3    5 1.000000
   263    3    6 1.000000
   263    3    7 1.000000
   263    3    8 1.000000
   263    3    9 1.000000
   263    3   10 1.000000
   263    3   11 1.000000
   263    3   12 1.000000
   263    3   13 1.000000
   263    3   14 1.000000
   263    3   15 1.000000
   263    3   16 1.000000
   263    3   17 1.000000
   263    3   18 1.000000
   263    3   19 1.000000
   263    3   20 1.000000
   263    3   21 1.000000
   263    3   22 1.000000
   263    3   23 1.000000
   263    3   24 1.000000
   263    3   25 1.000000
   263    3   26 1.000000
   263    3   27 1.000000
   263    4    5 1.000000
   263    4    6 1.000000
   263    4    7 1.000000
   263    4    8 1.000000
   263    4    9 1.000000
   263    4   10 1.000000
   263    4   11 1.000000
   263    4   12 1.000000
   263    4   13 1.000000
   263    4   14 1.000000
   263    4   15 1.000000
   263    4   16 1.000000
   263    4   17 1.000000
   263    4   18 1.000000
   263    4   19 1.000000
   263    4   20 1.000000
   263    4   21 1.000000
   263    4   22 1.000000
   263    4   23 1.000000
   263    4   24 1.000000
   263    4   25 1.000000
   263    4   26 1.000000
   263    4   27 1.000000
   263    5    6 1.000000
   263    5    7 1.000000
   263    5    8 1.000000
   263    5    9 1.000000
   263    5   10 1.000000
   263    5   11 1.000000
   263    5   12 1.000000
   263    5   13 1.000000
   263    5   14 1.000000
   263    5   15 1.000000
   263    5   16 1.000000
   263    5   17 1.000000
   263    5   18 1.000000
   263    5   19 1.000000
   263    5   20 1.000000
   263    5   21 1.000000
   263    5   22 1.000000
   263    5   23 1.000000
   263    5   24 1.000000
   263    5   25 1.000000
   263    5   26 1.000000
   263    5   27 1.000000
   263    6    7 1.000000
   263    6    8 1.000000
   263    6    9 1.000000
   263    6   10 1.000000
   263    6   11 1.000000
   263    6   12 1.000000
   263    6   13 1.000000
   263    6   14 1.000000
   263    6   15 1.000000
   263    6   16 1.000000
   263    6   17 1.000000
   263    6   18 1.000000
   263    6   19 1.000000
   263    6   20 1.000000
   263    6   21 1.000000
   263    6   22 1.000000
   263    6   23 1.000000
   263    6   24 1.000000
   263    6   25 1.000000
   263    6   26 1.000000
   263    6   27 1.000000
   263    7    8 1.000000
   263    7    9 1.000000
   263    7   10 1.000000
   263    7   11 1.000000
   263    7   12 1.000000
   263    7   13 1.000000
   263    7   14 1.000000
   263    7   15 1.000000
   263    7   16 1.000000
   263    7   17 1.000000
   263    7   18 1.000000
   263    7   19 1.000000
   263    7   20 1.000000
   263    7   21 1.000000
   263    7   22 1.000000
   263    7   23 1.000000
   263    7   24 1.000000
   263    7   25 1.000000
   263    7   26 1.000000
   263    7   27 1.000000
   263    8    9 1.000000
   263    8   10 1.000000
   263    8   11 1.000000
   263    8   12 1.000000
   263    8   13 1.000000
   263    8   14 1.000000
   263    8   15 1.000000
   263    8   16 1.000000
   263    8   17 1.000000
   263    8   18 1.000000
   263    8   19 1.000000
   263    8   20 1.000000
   263    8   21 1.000000
   263    8   22 1.000000
   263    8   23 1.000000
   263    8   24 1.000000
   263    8   25 1.000000
   263    8   26 1.000000
   263    8   27 1.000000
   263    9   10 1.000000
   263    9   11 1.000000
   263    9   12 1.000000
   263    9   13 1.000000
   263    9   14 1.000000
   263    9   15 1.000000
   263    9   16 1.000000
   263    9   17 1.000000
   263    9   18 1.000000
   263    9   19 1.000000
   263    9   20 1.000000
   263    9   21 1.000000
   263    9   22 1.000000
   263    9   23 1.000000
   263    9   24 1.000000
   263    9   25 1.000000
   263    9   26 1.000000
   263    9   27 1.000000
   263   10   11 1.000000
   263   10   12 1.000000
   263   10   13 1.000000
   263   10   14 1.000000
   263   10   15 1.000000
   263   10   16 1.000000
   263   10   17 1.000000
   263   10   18 1.000000
   263   10   19 1.000000
   263   10   20 1.000000
   263   10   21 1.000000
   263   10   22 1.000000
   263   10   23 1.000000
   263   10   24 1.000000
   263   10   25 1.000000
   263   10   26 1.000000
   263   10   27 1.000000
   263   11   12 1.000000
   263   11   13 1.000000
   263   11   14 1.000000
   263   11   15 1.000000
   263   11   16 1.000000
   263   11   17 1.000000
   263   11   18 1.000000
   263   11   19 1.000000
   263   11   20 1.000000
   263   11   21 1.000000
   263   11   22 1.000000
   263   11   23 1.000000
   263   11   24 1.000000
   263   11   25 1.000000
   263   11   26 1.000000
   263   11   27 1.000000
   263   12   13 1.000000
   263   12   14 1.000000
   263   12   15 1.000000
   263   12   16 1.000000
   263   12   17 1.000000
   263   12   18 1.000000
   263   12   19 1.000000
   263   12   20 1.000000
   263   12   21 1.000000
   263   12   22 1.000000
   263   12   23 1.000000
   263   12   24 1.000000
   263   12   25 1.000000
   263   12   26 1.000000
   263   12   27 1.000000
   263   13   14 1.000000
   263   13   15 1.000000
   263   13   16 1.000000
   263   13   17 1.000000
   263   13   18 1.000000
   263   13   19 1.000000
   263   13   20 1.000000
   263   13   21 1.000000
   263   13   22 1.000000
   263   13   23 1.000000
   263   13   24 1.000000
   263   13   25 1.000000
   263   13   26 1.000000
   263   13   27 1.000000
   263   14   15 1.000000
   263   14   16 1.000000
   263   14   17 1.000000
   263   14   18 1.000000
   263   14   19 1.000000
   263   14   20 1.000000
   263   14   21 1.000000
   263   14   22 1.000000
   263   14   23 1.000000
   263   14   24 1.000000
   263   14   25 1.000000
   263   14   26 1.000000
   263   14   27 1.000000
   263   15   16 1.000000
   263   15   17 1.000000
   263   15   18 1.000000
   263   15   19 1.000000
   263   15   20 1.000000
   263   15   21 1.000000
   263   15   22 1.000000
   263   15   23 1.000000
   263   15   24 1.000000
   263   15   25 1.000000
   263   15   26 1.000000
   263   15   27 1.000000
   263   16   17 1.000000
   263   16   18 1.000000
   263   16   19 1.000000
   263   16   20 1.000000
   263   16   21 1.000000
   263   16   22 1.000000
   263   16   23 1.000000
   263   16   24 1.000000
   263   16   25 1.000000
   263   16   26 1.000000
   263   16   27 1.000000
   263   17   18 1.000000
   263   17   19 1.000000
   263   17   20 1.000000
   263   17   21 1.000000
   263   17   22 1.000000
   263   17   23 1.000000
   263   17   24 1.000000
   263   17   25 1.000000
   263   17   26 1.000000
   263   17   27 1.000000
   263   18   19 1.000000
   263   18   20 1.000000
   263   18   21 1.000000
   263   18   22 1.000000
   263   18   23 1.000000
   263   18   24 1.000000
   263   18   25 1.000000
   263   18   26 1.000000
   263   18   27 1.000000
   263   19   20 1.000000
   263   19   21 1.000000
   263   19   22 1.000000
   263   19   23 1.000000
   263   19   24 1.000000
   263   19   25 1.000000
   263   19   26 1.000000
   263   19   27 1.000000
   263   20   21 1.000000
   263   20   22 1.000000
   263   20   23 1.000000
   263   20   24 1.000000
   263   20   25 1.000000
   263   20   26 1.000000
   263   20   27 1.000000
   263   21   22 1.000000
   263   21   23 1.000000
   263   21   24 1.000000
   263   21   25 1.000000
   263   21   26 1.000000
   263   21   27 1.000000
   263   22   23 1.000000
   263   22   24 1.000000
   263   22   25 1.000000
   263   22   26 1.000000
   263   22   27 1.000000
   263   23   24 1.000000
   263   23   25 1.000000
   263   23   26 1.000000
   263   23   27 1.000000
   263   24   25 1.000000
   263   24   26 1.000000
   263   24   27 1.000000
   263   25   26 1.000000
   263   25   27 1.000000
   263   26   27 1.000000
   264    1    2 1.000000
   264    1    3 1.000000
   264    1    4 1.000000
   264    1    5 1.000000
   264    1    6 1.000000
   264    1    7 1.000000
   264    1    8 1.000000
   264    1    9 1.000000
   264    1   10 1.000000
   264    1   11 1.000000
   264    1   12 1.000000
   264    1   13 1.000000
   264    1   14 1.000000
   264    1   15 1.000000
   264    1   16 1.000000
   264    1   17 1.000000
   264    1   18 1.000000
   264    1   19 1.000000
   264    1   20 1.000000
   264    1   21 1.000000
   264    1   22 1.000000
   264    1   23 1.000000
   264    1   24 1.000000
   264    1   25 1.000000
   264    1   26 1.000000
   264    1   27 1.000000
   264    2    3 1.000000
   264    2    4 1.000000
   264    2    5 1.000000
   264    2    6 1.000000
   264    2    7 1.000000
   264    2    8 1.000000
   264    2    9 1.000000
   264    2   10 1.000000
   264    2   11 1.000000
   264    2   12 1.000000
   264    2   13 1.000000
   264    2   14 1.000000
   264    2   15 1.000000
   264    2   16 1.000000
   264    2   17 1.000000
   264    2   18 1.000000
   264    2   19 1.000000
   264    2   20 1.000000
   264    2   21 1.000000
   264    2   22 1.000000
   264    2   23 1.000000
   264    2   24 1.000000
   264    2   25 1.000000
   264    2   26 1.000000
   264    2   27 1.000000
   264    3    4 1.000000
   264    3    5 1.000000
   264    3    6 1.000000
   264    3    7 1.000000
   264    3    8 1.000000
   264    3    9 1.000000
   264    3   10 1.000000
   264    3   11 1.000000
   264    3   12 1.000000
   264    3   13 1.000000
   264    3   14 1.000000
   264    3   15 1.000000
   264    3   16 1.000000
   264    3   17 1.000000
   264    3   18 1.000000
   264    3   19 1.000000
   264    3   20 1.000000
   264    3   21 1.000000
   264    3   22 1.000000
   264    3   23 1.000000
   264    3   24 1.000000
   264    3   25 1.000000
   264    3   26 1.000000
   264    3   27 1.000000
   264    4    5 1.000000
   264    4    6 1.000000
   264    4    7 1.000000
   264    4    8 1.000000
   264    4    9 1.000000
   264    4   10 1.000000
   264    4   11 1.000000
   264    4   12 1.000000
   264    4   13 1.000000
   264    4   14 1.000000
   264    4   15 1.000000
   264    4   16 1.000000
   264    4   17 1.000000
   264    4   18 1.000000
   264    4   19 1.000000
   264    4   20 1.000000
   264    4   21 1.000000
   264    4   22 1.000000
   264    4   23 1.000000
   264    4   24 1.000000
   264    4   25 1.000000
   264    4   26 1.000000
   264    4   27 1.000000
   264    5    6 1.000000
   264    5    7 1.000000
   264    5    8 1.000000
   264    5    9 1.000000
   264    5   10 1.000000
   264    5   11 1.000000
   264    5   12 1.000000
   264    5   13 1.000000
   264    5   14 1.000000
   264    5   15 1.000000
   264    5   16 1.000000
   264    5   17 1.000000
   264    5   18 1.000000
   264    5   19 1.000000
   264    5   20 1.000000
   264    5   21 1.000000
   264    5   22 1.000000
   264    5   23 1.000000
   264    5   24 1.000000
   264    5   25 1.000000
   264    5   26 1.000000
   264    5   27 1.000000
   264    6    7 1.000000
   264    6    8 1.000000
   264    6    9 1.000000
   264    6   10 1.000000
   264    6   11 1.000000
   264    6   12 1.000000
   264    6   13 1.000000
   264    6   14 1.000000
   264    6   15 1.000000
   264    6   16 1.000000
   264    6   17 1.000000
   264    6   18 1.000000
   264    6   19 1.000000
   264    6   20 1.000000
   264    6   21 1.000000
   264    6   22 1.000000
   264    6   23 1.000000
   264    6   24 1.000000
   264    6   25 1.000000
   264    6   26 1.000000
   264    6   27 1.000000
   264    7    8 1.000000
   264    7    9 1.000000
   264    7   10 1.000000
   264    7   11 1.000000
   264    7   12 1.000000
   264    7   13 1.000000
   264    7   14 1.000000
   264    7   15 1.000000
   264    7   16 1.000000
   264    7   17 1.000000
   264    7   18 1.000000
   264    7   19 1.000000
   264    7   20 1.000000
   264    7   21 1.000000
   264    7   22 1.000000
   264    7   23 1.000000
   264    7   24 1.000000
   264    7   25 1.000000
   264    7   26 1.000000
   264    7   27 1.000000
   264    8    9 1.000000
   264    8   10 1.000000
   264    8   11 1.000000
   264    8   12 1.000000
   264    8   13 1.000000
   264    8   14 1.000000
   264    8   15 1.000000
   264    8   16 1.000000
   264    8   17 1.000000
   264    8   18 1.000000
   264    8   19 1.000000
   264    8   20 1.000000
   264    8   21 1.000000
   264    8   22 1.000000
   264    8   23 1.000000
   264    8   24 1.000000
   264    8   25 1.000000
   264    8   26 1.000000
   264    8   27 1.000000
   264    9   10 1.000000
   264    9   11 1.000000
   264    9   12 1.000000
   264    9   13 1.000000
   264    9   14 1.000000
   264    9   15 1.000000
   264    9   16 1.000000
   264    9   17 1.000000
   264    9   18 1.000000
   264    9   19 1.000000
   264    9   20 1.000000
   264    9   21 1.000000
   264    9   22 1.000000
   264    9   23 1.000000
   264    9   24 1.000000
   264    9   25 1.000000
   264    9   26 1.000000
   264    9   27 1.000000
   264   10   11 1.000000
   264   10   12 1.000000
   264   10   13 1.000000
   264   10   14 1.000000
   264   10   15 1.000000
   264   10   16 1.000000
   264   10   17 1.000000
   264   10   18 1.000000
   264   10   19 1.000000
   264   10   20 1.000000
   264   10   21 1.000000
   264   10   22 1.000000
   264   10   23 1.000000
   264   10   24 1.000000
   264   10   25 1.000000
   264   10   26 1.000000
   264   10   27 1.000000
   264   11   12 1.000000
   264   11   13 1.000000
   264   11   14 1.000000
   264   11   15 1.000000
   264   11   16 1.000000
   264   11   17 1.000000
   264   11   18 1.000000
   264   11   19 1.000000
   264   11   20 1.000000
   264   11   21 1.000000
   264   11   22 1.000000
   264   11   23 1.000000
   264   11   24 1.000000
   264   11   25 1.000000
   264   11   26 1.000000
   264   11   27 1.000000
   264   12   13 1.000000
   264   12   14 1.000000
   264   12   15 1.000000
   264   12   16 1.000000
   264   12   17 1.000000
   264   12   18 1.000000
   264   12   19 1.000000
   264   12   20 1.000000
   264   12   21 1.000000
   264   12   22 1.000000
   264   12   23 1.000000
   264   12   24 1.000000
   264   12   25 1.000000
   264   12   26 1.000000
   264   12   27 1.000000
   264   13   14 1.000000
   264   13   15 1.000000
   264   13   16 1.000000
   264   13   17 1.000000
   264   13   18 1.000000
   264   13   19 1.000000
   264   13   20 1.000000
   264   13   21 1.000000
   264   13   22 1.000000
   264   13   23 1.000000
   264   13   24 1.000000
   264   13   25 1.000000
   264   13   26 1.000000
   264   13   27 1.000000
   264   14   15 1.000000
   264   14   16 1.000000
   264   14   17 1.000000
   264   14   18 1.000000
   264   14   19 1.000000
   264   14   20 1.000000
   264   14   21 1.000000
   264   14   22 1.000000
   264   14   23 1.000000
   264   14   24 1.000000
   264   14   25 1.000000
   264   14   26 1.000000
   264   14   27 1.000000
   264   15   16 1.000000
   264   15   17 1.000000
   264   15   18 1.000000
   264   15   19 1.000000
   264   15   20 1.000000
   264   15   21 1.000000
   264   15   22 1.000000
   264   15   23 1.000000
   264   15   24 1.000000
   264   15   25 1.000000
   264   15   26 1.000000
   264   15   27 1.000000
   264   16   17 1.000000
   264   16   18 1.000000
   264   16   19 1.000000
   264   16   20 1.000000
   264   16   21 1.000000
   264   16   22 1.000000
   264   16   23 1.000000
   264   16   24 1.000000
   264   16   25 1.000000
   264   16   26 1.000000
   264   16   27 1.000000
   264   17   18 1.000000
   264   17   19 1.000000
   264   17   20 1.000000
   264   17   21 1.000000
   264   17   22 1.000000
   264   17   23 1.000000
   264   17   24 1.000000
   264   17   25 1.000000
   264   17   26 1.000000
   264   17   27 1.000000
   264   18   19 1.000000
   264   18   20 1.000000
   264   18   21 1.000000
   264   18   22 1.000000
   264   18   23 1.000000
   264   18   24 1.000000
   264   18   25 1.000000
   264   18   26 1.000000
   264   18   27 1.000000
   264   19   20 1.000000
   264   19   21 1.000000
   264   19   22 1.000000
   264   19   23 1.000000
   264   19   24 1.000000
   264   19   25 1.000000
   264   19   26 1.000000
   264   19   27 1.000000
   264   20   21 1.000000
   264   20   22 1.000000
   264   20   23 1.000000
   264   20   24 1.000000
   264   20   25 1.000000
   264   20   26 1.000000
   264   20   27 1.000000
   264   21   22 1.000000
   264   21   23 1.000000
   264   21   24 1.000000
   264   21   25 1.000000
   264   21   26 1.000000
   264   21   27 1.000000
   264   22   23 1.000000
   264   22   24 1.000000
   264   22   25 1.000000
   264   22   26 1.000000
   264   22   27 1.000000
   264   23   24 1.000000
   264   23   25 1.000000
   264   23   26 1.000000
   264   23   27 1.000000
   264   24   25 1.000000
   264   24   26 1.000000
   264   24   27 1.000000
   264   25   26 1.000000
   264   25   27 1.000000
   264   26   27 1.000000
   265    1    2 1.000000
   265    1    3 1.000000
   265    1    4 1.000000
   265    1    5 1.000000
   265    1    6 1.000000
   265    1    7 1.000000
   265    1    8 1.000000
   265    1    9 1.000000
   265    1   10 1.000000
   265    1   11 1.000000
   265    1   12 1.000000
   265    1   13 1.000000
   265    1   14 1.000000
   265    1   15 1.000000
   265    1   16 1.000000
   265    1   17 1.000000
   265    1   18 1.000000
   265    1   19 1.000000
   265    1   20 1.000000
   265    1   21 1.000000
   265    1   22 1.000000
   265    1   23 1.000000
   265    1   24 1.000000
   265    1   25 1.000000
   265    1   26 1.000000
   265    1   27 1.000000
   265    2    3 1.000000
   265    2    4 1.000000
   265    2    5 1.000000
   265    2    6 1.000000
   265    2    7 1.000000
   265    2    8 1.000000
   265    2    9 1.000000
   265    2   10 1.000000
   265    2   11 1.000000
   265    2   12 1.000000
   265    2   13 1.000000
   265    2   14 1.000000
   265    2   15 1.000000
   265    2   16 1.000000
   265    2   17 1.000000
   265    2   18 1.000000
   265    2   19 1.000000
   265    2   20 1.000000
   265    2   21 1.000000
   265    2   22 1.000000
   265    2   23 1.000000
   265    2   24 1.000000
   265    2   25 1.000000
   265    2   26 1.000000
   265    2   27 1.000000
   265    3    4 1.000000
   265    3    5 1.000000
   265    3    6 1.000000
   265    3    7 1.000000
   265    3    8 1.000000
   265    3    9 1.000000
   265    3   10 1.000000
   265    3   11 1.000000
   265    3   12 1.000000
   265    3   13 1.000000
   265    3   14 1.000000
   265    3   15 1.000000
   265    3   16 1.000000
   265    3   17 1.000000
   265    3   18 1.000000
   265    3   19 1.000000
   265    3   20 1.000000
   265    3   21 1.000000
   265    3   22 1.000000
   265    3   23 1.000000
   265    3   24 1.000000
   265    3   25 1.000000
   265    3   26 1.000000
   265    3   27 1.000000
   265    4    5 1.000000
   265    4    6 1.000000
   265    4    7 1.000000
   265    4    8 1.000000
   265    4    9 1.000000
   265    4   10 1.000000
   265    4   11 1.000000
   265    4   12 1.000000
   265    4   13 1.000000
   265    4   14 1.000000
   265    4   15 1.000000
   265    4   16 1.000000
   265    4   17 1.000000
   265    4   18 1.000000
   265    4   19 1.000000
   265    4   20 1.000000
   265    4   21 1.000000
   265    4   22 1.000000
   265    4   23 1.000000
   265    4   24 1.000000
   265    4   25 1.000000
   265    4   26 1.000000
   265    4   27 1.000000
   265    5    6 1.000000
   265    5    7 1.000000
   265    5    8 1.000000
   265    5    9 1.000000
   265    5   10 1.000000
   265    5   11 1.000000
   265    5   12 1.000000
   265    5   13 1.000000
   265    5   14 1.000000
   265    5   15 1.000000
   265    5   16 1.000000
   265    5   17 1.000000
   265    5   18 1.000000
   265    5   19 1.000000
   265    5   20 1.000000
   265    5   21 1.000000
   265    5   22 1.000000
   265    5   23 1.000000
   265    5   24 1.000000
   265    5   25 1.000000
   265    5   26 1.000000
   265    5   27 1.000000
   265    6    7 1.000000
   265    6    8 1.000000
   265    6    9 1.000000
   265    6   10 1.000000
   265    6   11 1.000000
   265    6   12 1.000000
   265    6   13 1.000000
   265    6   14 1.000000
   265    6   15 1.000000
   265    6   16 1.000000
   265    6   17 1.000000
   265    6   18 1.000000
   265    6   19 1.000000
   265    6   20 1.000000
   265    6   21 1.000000
   265    6   22 1.000000
   265    6   23 1.000000
   265    6   24 1.000000
   265    6   25 1.000000
   265    6   26 1.000000
   265    6   27 1.000000
   265    7    8 1.000000
   265    7    9 1.000000
   265    7   10 1.000000
   265    7   11 1.000000
   265    7   12 1.000000
   265    7   13 1.000000
   265    7   14 1.000000
   265    7   15 1.000000
   265    7   16 1.000000
   265    7   17 1.000000
   265    7   18 1.000000
   265    7   19 1.000000
   265    7   20 1.000000
   265    7   21 1.000000
   265    7   22 1.000000
   265    7   23 1.000000
   265    7   24 1.000000
   265    7   25 1.000000
   265    7   26 1.000000
   265    7   27 1.000000
   265    8    9 1.000000
   265    8   10 1.000000
   265    8   11 1.000000
   265    8   12 1.000000
   265    8   13 1.000000
   265    8   14 1.000000
   265    8   15 1.000000
   265    8   16 1.000000
   265    8   17 1.000000
   265    8   18 1.000000
   265    8   19 1.000000
   265    8   20 1.000000
   265    8   21 1.000000
   265    8   22 1.000000
   265    8   23 1.000000
   265    8   24 1.000000
   265    8   25 1.000000
   265    8   26 1.000000
   265    8   27 1.000000
   265    9   10 1.000000
   265    9   11 1.000000
   265    9   12 1.000000
   265    9   13 1.000000
   265    9   14 1.000000
   265    9   15 1.000000
   265    9   16 1.000000
   265    9   17 1.000000
   265    9   18 1.000000
   265    9   19 1.000000
   265    9   20 1.000000
   265    9   21 1.000000
   265    9   22 1.000000
   265    9   23 1.000000
   265    9   24 1.000000
   265    9   25 1.000000
   265    9   26 1.000000
   265    9   27 1.000000
   265   10   11 1.000000
   265   10   12 1.000000
   265   10   13 1.000000
   265   10   14 1.000000
   265   10   15 1.000000
   265   10   16 1.000000
   265   10   17 1.000000
   265   10   18 1.000000
   265   10   19 1.000000
   265   10   20 1.000000
   265   10   21 1.000000
   265   10   22 1.000000
   265   10   23 1.000000
   265   10   24 1.000000
   265   10   25 1.000000
   265   10   26 1.000000
   265   10   27 1.000000
   265   11   12 1.000000
   265   11   13 1.000000
   265   11   14 1.000000
   265   11   15 1.000000
   265   11   16 1.000000
   265   11   17 1.000000
   265   11   18 1.000000
   265   11   19 1.000000
   265   11   20 1.000000
   265   11   21 1.000000
   265   11   22 1.000000
   265   11   23 1.000000
   265   11   24 1.000000
   265   11   25 1.000000
   265   11   26 1.000000
   265   11   27 1.000000
   265   12   13 1.000000
   265   12   14 1.000000
   265   12   15 1.000000
   265   12   16 1.000000
   265   12   17 1.000000
   265   12   18 1.000000
   265   12   19 1.000000
   265   12   20 1.000000
   265   12   21 1.000000
   265   12   22 1.000000
   265   12   23 1.000000
   265   12   24 1.000000
   265   12   25 1.000000
   265   12   26 1.000000
   265   12   27 1.000000
   265   13   14 1.000000
   265   13   15 1.000000
   265   13   16 1.000000
   265   13   17 1.000000
   265   13   18 1.000000
   265   13   19 1.000000
   265   13   20 1.000000
   265   13   21 1.000000
   265   13   22 1.000000
   265   13   23 1.000000
   265   13   24 1.000000
   265   13   25 1.000000
   265   13   26 1.000000
   265   13   27 1.000000
   265   14   15 1.000000
   265   14   16 1.000000
   265   14   17 1.000000
   265   14   18 1.000000
   265   14   19 1.000000
   265   14   20 1.000000
   265   14   21 1.000000
   265   14   22 1.000000
   265   14   23 1.000000
   265   14   24 1.000000
   265   14   25 1.000000
   265   14   26 1.000000
   265   14   27 1.000000
   265   15   16 1.000000
   265   15   17 1.000000
   265   15   18 1.000000
   265   15   19 1.000000
   265   15   20 1.000000
   265   15   21 1.000000
   265   15   22 1.000000
   265   15   23 1.000000
   265   15   24 1.000000
   265   15   25 1.000000
   265   15   26 1.000000
   265   15   27 1.000000
   265   16   17 1.000000
   265   16   18 1.000000
   265   16   19 1.000000
   265   16   20 1.000000
   265   16   21 1.000000
   265   16   22 1.000000
   265   16   23 1.000000
   265   16   24 1.000000
   265   16   25 1.000000
   265   16   26 1.000000
   265   16   27 1.000000
   265   17   18 1.000000
   265   17   19 1.000000
   265   17   20 1.000000
   265   17   21 1.000000
   265   17   22 1.000000
   265   17   23 1.000000
   265   17   24 1.000000
   265   17   25 1.000000
   265   17   26 1.000000
   265   17   27 1.000000
   265   18   19 1.000000
   265   18   20 1.000000
   265   18   21 1.000000
   265   18   22 1.000000
   265   18   23 1.000000
   265   18   24 1.000000
   265   18   25 1.000000
   265   18   26 1.000000
   265   18   27 1.000000
   265   19   20 1.000000
   265   19   21 1.000000
   265   19   22 1.000000
   265   19   23 1.000000
   265   19   24 1.000000
   265   19   25 1.000000
   265   19   26 1.000000
   265   19   27 1.000000
   265   20   21 1.000000
   265   20   22 1.000000
   265   20   23 1.000000
   265   20   24 1.000000
   265   20   25 1.000000
   265   20   26 1.000000
   265   20   27 1.000000
   265   21   22 1.000000
   265   21   23 1.000000
   265   21   24 1.000000
   265   21   25 1.000000
   265   21   26 1.000000
   265   21   27 1.000000
   265   22   23 1.000000
   265   22   24 1.000000
   265   22   25 1.000000
   265   22   26 1.000000
   265   22   27 1.000000
   265   23   24 1.000000
   265   23   25 1.000000
   265   23   26 1.000000
   265   23   27 1.000000
   265   24   25 1.000000
   265   24   26 1.000000
   265   24   27 1.000000
   265   25   26 1.000000
   265   25   27 1.000000
   265   26   27 1.000000
   266    1    2 1.000000
   266    1    3 1.000000
   266    1    4 1.000000
   266    1    5 1.000000
   266    1    6 1.000000
   266    1    7 1.000000
   266    1    8 1.000000
   266    1    9 1.000000
   266    1   10 1.000000
   266    1   11 1.000000
   266    1   12 1.000000
   266    1   13 1.000000
   266    1   14 1.000000
   266    1   15 1.000000
   266    1   16 1.000000
   266    1   17 1.000000
   266    1   18 1.000000
   266    1   19 1.000000
   266    1   20 1.000000
   266    1   21 1.000000
   266    1   22 1.000000
   266    1   23 1.000000
   266    1   24 1.000000
   266    1   25 1.000000
   266    1   26 1.000000
   266    1   27 1.000000
   266    2    3 1.000000
   266    2    4 1.000000
   266    2    5 1.000000
   266    2    6 1.000000
   266    2    7 1.000000
   266    2    8 1.000000
   266    2    9 1.000000
   266    2   10 1.000000
   266    2   11 1.000000
   266    2   12 1.000000
   266    2   13 1.000000
   266    2   14 1.000000
   266    2   15 1.000000
   266    2   16 1.000000
   266    2   17 1.000000
   266    2   18 1.000000
   266    2   19 1.000000
   266    2   20 1.000000
   266    2   21 1.000000
   266    2   22 1.000000
   266    2   23 1.000000
   266    2   24 1.000000
   266    2   25 1.000000
   266    2   26 1.000000
   266    2   27 1.000000
   266    3    4 1.000000
   266    3    5 1.000000
   266    3    6 1.000000
   266    3    7 1.000000
   266    3    8 1.000000
   266    3    9 1.000000
   266    3   10 1.000000
   266    3   11 1.000000
   266    3   12 1.000000
   266    3   13 1.000000
   266    3   14 1.000000
   266    3   15 1.000000
   266    3   16 1.000000
   266    3   17 1.000000
   266    3   18 1.000000
   266    3   19 1.000000
   266    3   20 1.000000
   266    3   21 1.000000
   266    3   22 1.000000
   266    3   23 1.000000
   266    3   24 1.000000
   266    3   25 1.000000
   266    3   26 1.000000
   266    3   27 1.000000
   266    4    5 1.000000
   266    4    6 1.000000
   266    4    7 1.000000
   266    4    8 1.000000
   266    4    9 1.000000
   266    4   10 1.000000
   266    4   11 1.000000
   266    4   12 1.000000
   266    4   13 1.000000
   266    4   14 1.000000
   266    4   15 1.000000
   266    4   16 1.000000
   266    4   17 1.000000
   266    4   18 1.000000
   266    4   19 1.000000
   266    4   20 1.000000
   266    4   21 1.000000
   266    4   22 1.000000
   266    4   23 1.000000
   266    4   24 1.000000
   266    4   25 1.000000
   266    4   26 1.000000
   266    4   27 1.000000
   266    5    6 1.000000
   266    5    7 1.000000
   266    5    8 1.000000
   266    5    9 1.000000
   266    5   10 1.000000
   266    5   11 1.000000
   266    5   12 1.000000
   266    5   13 1.000000
   266    5   14 1.000000
   266    5   15 1.000000
   266    5   16 1.000000
   266    5   17 1.000000
   266    5   18 1.000000
   266    5   19 1.000000
   266    5   20 1.000000
   266    5   21 1.000000
   266    5   22 1.000000
   266    5   23 1.000000
   266    5   24 1.000000
   266    5   25 1.000000
   266    5   26 1.000000
   266    5   27 1.000000
   266    6    7 1.000000
   266    6    8 1.000000
   266    6    9 1.000000
   266    6   10 1.000000
   266    6   11 1.000000
   266    6   12 1.000000
   266    6   13 1.000000
   266    6   14 1.000000
   266    6   15 1.000000
   266    6   16 1.000000
   266    6   17 1.000000
   266    6   18 1.000000
   266    6   19 1.000000
   266    6   20 1.000000
   266    6   21 1.000000
   266    6   22 1.000000
   266    6   23 1.000000
   266    6   24 1.000000
   266    6   25 1.000000
   266    6   26 1.000000
   266    6   27 1.000000
   266    7    8 1.000000
   266    7    9 1.000000
   266    7   10 1.000000
   266    7   11 1.000000
   266    7   12 1.000000
   266    7   13 1.000000
   266    7   14 1.000000
   266    7   15 1.000000
   266    7   16 1.000000
   266    7   17 1.000000
   266    7   18 1.000000
   266    7   19 1.000000
   266    7   20 1.000000
   266    7   21 1.000000
   266    7   22 1.000000
   266    7   23 1.000000
   266    7   24 1.000000
   266    7   25 1.000000
   266    7   26 1.000000
   266    7   27 1.000000
   266    8    9 1.000000
   266    8   10 1.000000
   266    8   11 1.000000
   266    8   12 1.000000
   266    8   13 1.000000
   266    8   14 1.000000
   266    8   15 1.000000
   266    8   16 1.000000
   266    8   17 1.000000
   266    8   18 1.000000
   266    8   19 1.000000
   266    8   20 1.000000
   266    8   21 1.000000
   266    8   22 1.000000
   266    8   23 1.000000
   266    8   24 1.000000
   266    8   25 1.000000
   266    8   26 1.000000
   266    8   27 1.000000
   266    9   10 1.000000
   266    9   11 1.000000
   266    9   12 1.000000
   266    9   13 1.000000
   266    9   14 1.000000
   266    9   15 1.000000
   266    9   16 1.000000
   266    9   17 1.000000
   266    9   18 1.000000
   266    9   19 1.000000
   266    9   20 1.000000
   266    9   21 1.000000
   266    9   22 1.000000
   266    9   23 1.000000
   266    9   24 1.000000
   266    9   25 1.000000
   266    9   26 1.000000
   266    9   27 1.000000
   266   10   11 1.000000
   266   10   12 1.000000
   266   10   13 1.000000
   266   10   14 1.000000
   266   10   15 1.000000
   266   10   16 1.000000
   266   10   17 1.000000
   266   10   18 1.000000
   266   10   19 1.000000
   266   10   20 1.000000
   266   10   21 1.000000
   266   10   22 1.000000
   266   10   23 1.000000
   266   10   24 1.000000
   266   10   25 1.000000
   266   10   26 1.000000
   266   10   27 1.000000
   266   11   12 1.000000
   266   11   13 1.000000
   266   11   14 1.000000
   266   11   15 1.000000
   266   11   16 1.000000
   266   11   17 1.000000
   266   11   18 1.000000
   266   11   19 1.000000
   266   11   20 1.000000
   266   11   21 1.000000
   266   11   22 1.000000
   266   11   23 1.000000
   266   11   24 1.000000
   266   11   25 1.000000
   266   11   26 1.000000
   266   11   27 1.000000
   266   12   13 1.000000
   266   12   14 1.000000
   266   12   15 1.000000
   266   12   16 1.000000
   266   12   17 1.000000
   266   12   18 1.000000
   266   12   19 1.000000
   266   12   20 1.000000
   266   12   21 1.000000
   266   12   22 1.000000
   266   12   23 1.000000
   266   12   24 1.000000
   266   12   25 1.000000
   266   12   26 1.000000
   266   12   27 1.000000
   266   13   14 1.000000
   266   13   15 1.000000
   266   13   16 1.000000
   266   13   17 1.000000
   266   13   18 1.000000
   266   13   19 1.000000
   266   13   20 1.000000
   266   13   21 1.000000
   266   13   22 1.000000
   266   13   23 1.000000
   266   13   24 1.000000
   266   13   25 1.000000
   266   13   26 1.000000
   266   13   27 1.000000
   266   14   15 1.000000
   266   14   16 1.000000
   266   14   17 1.000000
   266   14   18 1.000000
   266   14   19 1.000000
   266   14   20 1.000000
   266   14   21 1.000000
   266   14   22 1.000000
   266   14   23 1.000000
   266   14   24 1.000000
   266   14   25 1.000000
   266   14   26 1.000000
   266   14   27 1.000000
   266   15   16 1.000000
   266   15   17 1.000000
   266   15   18 1.000000
   266   15   19 1.000000
   266   15   20 1.000000
   266   15   21 1.000000
   266   15   22 1.000000
   266   15   23 1.000000
   266   15   24 1.000000
   266   15   25 1.000000
   266   15   26 1.000000
   266   15   27 1.000000
   266   16   17 1.000000
   266   16   18 1.000000
   266   16   19 1.000000
   266   16   20 1.000000
   266   16   21 1.000000
   266   16   22 1.000000
   266   16   23 1.000000
   266   16   24 1.000000
   266   16   25 1.000000
   266   16   26 1.000000
   266   16   27 1.000000
   266   17   18 1.000000
   266   17   19 1.000000
   266   17   20 1.000000
   266   17   21 1.000000
   266   17   22 1.000000
   266   17   23 1.000000
   266   17   24 1.000000
   266   17   25 1.000000
   266   17   26 1.000000
   266   17   27 1.000000
   266   18   19 1.000000
   266   18   20 1.000000
   266   18   21 1.000000
   266   18   22 1.000000
   266   18   23 1.000000
   266   18   24 1.000000
   266   18   25 1.000000
   266   18   26 1.000000
   266   18   27 1.000000
   266   19   20 1.000000
   266   19   21 1.000000
   266   19   22 1.000000
   266   19   23 1.000000
   266   19   24 1.000000
   266   19   25 1.000000
   266   19   26 1.000000
   266   19   27 1.000000
   266   20   21 1.000000
   266   20   22 1.000000
   266   20   23 1.000000
   266   20   24 1.000000
   266   20   25 1.000000
   266   20   26 1.000000
   266   20   27 1.000000
   266   21   22 1.000000
   266   21   23 1.000000
   266   21   24 1.000000
   266   21   25 1.000000
   266   21   26 1.000000
   266   21   27 1.000000
   266   22   23 1.000000
   266   22   24 1.000000
   266   22   25 1.000000
   266   22   26 1.000000
   266   22   27 1.000000
   266   23   24 1.000000
   266   23   25 1.000000
   266   23   26 1.000000
   266   23   27 1.000000
   266   24   25 1.000000
   266   24   26 1.000000
   266   24   27 1.000000
   266   25   26 1.000000
   266   25   27 1.000000
   266   26   27 1.000000
   267    1    2 1.000000
   267    1    3 1.000000
   267    1    4 1.000000
   267    1    5 1.000000
   267    1    6 1.000000
   267    1    7 1.000000
   267    1    8 1.000000
   267    1    9 1.000000
   267    1   10 1.000000
   267    1   11 1.000000
   267    1   12 1.000000
   267    1   13 1.000000
   267    1   14 1.000000
   267    1   15 1.000000
   267    1   16 1.000000
   267    1   17 1.000000
   267    1   18 1.000000
   267    1   19 1.000000
   267    1   20 1.000000
   267    1   21 1.000000
   267    1   22 1.000000
   267    1   23 1.000000
   267    1   24 1.000000
   267    1   25 1.000000
   267    1   26 1.000000
   267    1   27 1.000000
   267    2    3 1.000000
   267    2    4 1.000000
   267    2    5 1.000000
   267    2    6 1.000000
   267    2    7 1.000000
   267    2    8 1.000000
   267    2    9 1.000000
   267    2   10 1.000000
   267    2   11 1.000000
   267    2   12 1.000000
   267    2   13 1.000000
   267    2   14 1.000000
   267    2   15 1.000000
   267    2   16 1.000000
   267    2   17 1.000000
   267    2   18 1.000000
   267    2   19 1.000000
   267    2   20 1.000000
   267    2   21 1.000000
   267    2   22 1.000000
   267    2   23 1.000000
   267    2   24 1.000000
   267    2   25 1.000000
   267    2   26 1.000000
   267    2   27 1.000000
   267    3    4 1.000000
   267    3    5 1.000000
   267    3    6 1.000000
   267    3    7 1.000000
   267    3    8 1.000000
   267    3    9 1.000000
   267    3   10 1.000000
   267    3   11 1.000000
   267    3   12 1.000000
   267    3   13 1.000000
   267    3   14 1.000000
   267    3   15 1.000000
   267    3   16 1.000000
   267    3   17 1.000000
   267    3   18 1.000000
   267    3   19 1.000000
   267    3   20 1.000000
   267    3   21 1.000000
   267    3   22 1.000000
   267    3   23 1.000000
   267    3   24 1.000000
   267    3   25 1.000000
   267    3   26 1.000000
   267    3   27 1.000000
   267    4    5 1.000000
   267    4    6 1.000000
   267    4    7 1.000000
   267    4    8 1.000000
   267    4    9 1.000000
   267    4   10 1.000000
   267    4   11 1.000000
   267    4   12 1.000000
   267    4   13 1.000000
   267    4   14 1.000000
   267    4   15 1.000000
   267    4   16 1.000000
   267    4   17 1.000000
   267    4   18 1.000000
   267    4   19 1.000000
   267    4   20 1.000000
   267    4   21 1.000000
   267    4   22 1.000000
   267    4   23 1.000000
   267    4   24 1.000000
   267    4   25 1.000000
   267    4   26 1.000000
   267    4   27 1.000000
   267    5    6 1.000000
   267    5    7 1.000000
   267    5    8 1.000000
   267    5    9 1.000000
   267    5   10 1.000000
   267    5   11 1.000000
   267    5   12 1.000000
   267    5   13 1.000000
   267    5   14 1.000000
   267    5   15 1.000000
   267    5   16 1.000000
   267    5   17 1.000000
   267    5   18 1.000000
   267    5   19 1.000000
   267    5   20 1.000000
   267    5   21 1.000000
   267    5   22 1.000000
   267    5   23 1.000000
   267    5   24 1.000000
   267    5   25 1.000000
   267    5   26 1.000000
   267    5   27 1.000000
   267    6    7 1.000000
   267    6    8 1.000000
   267    6    9 1.000000
   267    6   10 1.000000
   267    6   11 1.000000
   267    6   12 1.000000
   267    6   13 1.000000
   267    6   14 1.000000
   267    6   15 1.000000
   267    6   16 1.000000
   267    6   17 1.000000
   267    6   18 1.000000
   267    6   19 1.000000
   267    6   20 1.000000
   267    6   21 1.000000
   267    6   22 1.000000
   267    6   23 1.000000
   267    6   24 1.000000
   267    6   25 1.000000
   267    6   26 1.000000
   267    6   27 1.000000
   267    7    8 1.000000
   267    7    9 1.000000
   267    7   10 1.000000
   267    7   11 1.000000
   267    7   12 1.000000
   267    7   13 1.000000
   267    7   14 1.000000
   267    7   15 1.000000
   267    7   16 1.000000
   267    7   17 1.000000
   267    7   18 1.000000
   267    7   19 1.000000
   267    7   20 1.000000
   267    7   21 1.000000
   267    7   22 1.000000
   267    7   23 1.000000
   267    7   24 1.000000
   267    7   25 1.000000
   267    7   26 1.000000
   267    7   27 1.000000
   267    8    9 1.000000
   267    8   10 1.000000
   267    8   11 1.000000
   267    8   12 1.000000
   267    8   13 1.000000
   267    8   14 1.000000
   267    8   15 1.000000
   267    8   16 1.000000
   267    8   17 1.000000
   267    8   18 1.000000
   267    8   19 1.000000
   267    8   20 1.000000
   267    8   21 1.000000
   267    8   22 1.000000
   267    8   23 1.000000
   267    8   24 1.000000
   267    8   25 1.000000
   267    8   26 1.000000
   267    8   27 1.000000
   267    9   10 1.000000
   267    9   11 1.000000
   267    9   12 1.000000
   267    9   13 1.000000
   267    9   14 1.000000
   267    9   15 1.000000
   267    9   16 1.000000
   267    9   17 1.000000
   267    9   18 1.000000
   267    9   19 1.000000
   267    9   20 1.000000
   267    9   21 1.000000
   267    9   22 1.000000
   267    9   23 1.000000
   267    9   24 1.000000
   267    9   25 1.000000
   267    9   26 1.000000
   267    9   27 1.000000
   267   10   11 1.000000
   267   10   12 1.000000
   267   10   13 1.000000
   267   10   14 1.000000
   267   10   15 1.000000
   267   10   16 1.000000
   267   10   17 1.000000
   267   10   18 1.000000
   267   10   19 1.000000
   267   10   20 1.000000
   267   10   21 1.000000
   267   10   22 1.000000
   267   10   23 1.000000
   267   10   24 1.000000
   267   10   25 1.000000
   267   10   26 1.000000
   267   10   27 1.000000
   267   11   12 1.000000
   267   11   13 1.000000
   267   11   14 1.000000
   267   11   15 1.000000
   267   11   16 1.000000
   267   11   17 1.000000
   267   11   18 1.000000
   267   11   19 1.000000
   267   11   20 1.000000
   267   11   21 1.000000
   267   11   22 1.000000
   267   11   23 1.000000
   267   11   24 1.000000
   267   11   25 1.000000
   267   11   26 1.000000
   267   11   27 1.000000
   267   12   13 1.000000
   267   12   14 1.000000
   267   12   15 1.000000
   267   12   16 1.000000
   267   12   17 1.000000
   267   12   18 1.000000
   267   12   19 1.000000
   267   12   20 1.000000
   267   12   21 1.000000
   267   12   22 1.000000
   267   12   23 1.000000
   267   12   24 1.000000
   267   12   25 1.000000
   267   12   26 1.000000
   267   12   27 1.000000
   267   13   14 1.000000
   267   13   15 1.000000
   267   13   16 1.000000
   267   13   17 1.000000
   267   13   18 1.000000
   267   13   19 1.000000
   267   13   20 1.000000
   267   13   21 1.000000
   267   13   22 1.000000
   267   13   23 1.000000
   267   13   24 1.000000
   267   13   25 1.000000
   267   13   26 1.000000
   267   13   27 1.000000
   267   14   15 1.000000
   267   14   16 1.000000
   267   14   17 1.000000
   267   14   18 1.000000
   267   14   19 1.000000
   267   14   20 1.000000
   267   14   21 1.000000
   267   14   22 1.000000
   267   14   23 1.000000
   267   14   24 1.000000
   267   14   25 1.000000
   267   14   26 1.000000
   267   14   27 1.000000
   267   15   16 1.000000
   267   15   17 1.000000
   267   15   18 1.000000
   267   15   19 1.000000
   267   15   20 1.000000
   267   15   21 1.000000
   267   15   22 1.000000
   267   15   23 1.000000
   267   15   24 1.000000
   267   15   25 1.000000
   267   15   26 1.000000
   267   15   27 1.000000
   267   16   17 1.000000
   267   16   18 1.000000
   267   16   19 1.000000
   267   16   20 1.000000
   267   16   21 1.000000
   267   16   22 1.000000
   267   16   23 1.000000
   267   16   24 1.000000
   267   16   25 1.000000
   267   16   26 1.000000
   267   16   27 1.000000
   267   17   18 1.000000
   267   17   19 1.000000
   267   17   20 1.000000
   267   17   21 1.000000
   267   17   22 1.000000
   267   17   23 1.000000
   267   17   24 1.000000
   267   17   25 1.000000
   267   17   26 1.000000
   267   17   27 1.000000
   267   18   19 1.000000
   267   18   20 1.000000
   267   18   21 1.000000
   267   18   22 1.000000
   267   18   23 1.000000
   267   18   24 1.000000
   267   18   25 1.000000
   267   18   26 1.000000
   267   18   27 1.000000
   267   19   20 1.000000
   267   19   21 1.000000
   267   19   22 1.000000
   267   19   23 1.000000
   267   19   24 1.000000
   267   19   25 1.000000
   267   19   26 1.000000
   267   19   27 1.000000
   267   20   21 1.000000
   267   20   22 1.000000
   267   20   23 1.000000
   267   20   24 1.000000
   267   20   25 1.000000
   267   20   26 1.000000
   267   20   27 1.000000
   267   21   22 1.000000
   267   21   23 1.000000
   267   21   24 1.000000
   267   21   25 1.000000
   267   21   26 1.000000
   267   21   27 1.000000
   267   22   23 1.000000
   267   22   24 1.000000
   267   22   25 1.000000
   267   22   26 1.000000
   267   22   27 1.000000
   267   23   24 1.000000
   267   23   25 1.000000
   267   23   26 1.000000
   267   23   27 1.000000
   267   24   25 1.000000
   267   24   26 1.000000
   267   24   27 1.000000
   267   25   26 1.000000
   267   25   27 1.000000
   267   26   27 1.000000
   268    1    2 1.000000
   268    1    3 1.000000
   268    1    4 1.000000
   268    1    5 1.000000
   268    1    6 1.000000
   268    1    7 1.000000
   268    1    8 1.000000
   268    1    9 1.000000
   268    1   10 1.000000
   268    1   11 1.000000
   268    1   12 1.000000
   268    1   13 1.000000
   268    1   14 1.000000
   268    1   15 1.000000
   268    1   16 1.000000
   268    1   17 1.000000
   268    1   18 1.000000
   268    1   19 1.000000
   268    1   20 1.000000
   268    1   21 1.000000
   268    1   22 1.000000
   268    1   23 1.000000
   268    1   24 1.000000
   268    1   25 1.000000
   268    1   26 1.000000
   268    1   27 1.000000
   268    2    3 1.000000
   268    2    4 1.000000
   268    2    5 1.000000
   268    2    6 1.000000
   268    2    7 1.000000
   268    2    8 1.000000
   268    2    9 1.000000
   268    2   10 1.000000
   268    2   11 1.000000
   268    2   12 1.000000
   268    2   13 1.000000
   268    2   14 1.000000
   268    2   15 1.000000
   268    2   16 1.000000
   268    2   17 1.000000
   268    2   18 1.000000
   268    2   19 1.000000
   268    2   20 1.000000
   268    2   21 1.000000
   268    2   22 1.000000
   268    2   23 1.000000
   268    2   24 1.000000
   268    2   25 1.000000
   268    2   26 1.000000
   268    2   27 1.000000
   268    3    4 1.000000
   268    3    5 1.000000
   268    3    6 1.000000
   268    3    7 1.000000
   268    3    8 1.000000
   268    3    9 1.000000
   268    3   10 1.000000
   268    3   11 1.000000
   268    3   12 1.000000
   268    3   13 1.000000
   268    3   14 1.000000
   268    3   15 1.000000
   268    3   16 1.000000
   268    3   17 1.000000
   268    3   18 1.000000
   268    3   19 1.000000
   268    3   20 1.000000
   268    3   21 1.000000
   268    3   22 1.000000
   268    3   23 1.000000
   268    3   24 1.000000
   268    3   25 1.000000
   268    3   26 1.000000
   268    3   27 1.000000
   268    4    5 1.000000
   268    4    6 1.000000
   268    4    7 1.000000
   268    4    8 1.000000
   268    4    9 1.000000
   268    4   10 1.000000
   268    4   11 1.000000
   268    4   12 1.000000
   268    4   13 1.000000
   268    4   14 1.000000
   268    4   15 1.000000
   268    4   16 1.000000
   268    4   17 1.000000
   268    4   18 1.000000
   268    4   19 1.000000
   268    4   20 1.000000
   268    4   21 1.000000
   268    4   22 1.000000
   268    4   23 1.000000
   268    4   24 1.000000
   268    4   25 1.000000
   268    4   26 1.000000
   268    4   27 1.000000
   268    5    6 1.000000
   268    5    7 1.000000
   268    5    8 1.000000
   268    5    9 1.000000
   268    5   10 1.000000
   268    5   11 1.000000
   268    5   12 1.000000
   268    5   13 1.000000
   268    5   14 1.000000
   268    5   15 1.000000
   268    5   16 1.000000
   268    5   17 1.000000
   268    5   18 1.000000
   268    5   19 1.000000
   268    5   20 1.000000
   268    5   21 1.000000
   268    5   22 1.000000
   268    5   23 1.000000
   268    5   24 1.000000
   268    5   25 1.000000
   268    5   26 1.000000
   268    5   27 1.000000
   268    6    7 1.000000
   268    6    8 1.000000
   268    6    9 1.000000
   268    6   10 1.000000
   268    6   11 1.000000
   268    6   12 1.000000
   268    6   13 1.000000
   268    6   14 1.000000
   268    6   15 1.000000
   268    6   16 1.000000
   268    6   17 1.000000
   268    6   18 1.000000
   268    6   19 1.000000
   268    6   20 1.000000
   268    6   21 1.000000
   268    6   22 1.000000
   268    6   23 1.000000
   268    6   24 1.000000
   268    6   25 1.000000
   268    6   26 1.000000
   268    6   27 1.000000
   268    7    8 1.000000
   268    7    9 1.000000
   268    7   10 1.000000
   268    7   11 1.000000
   268    7   12 1.000000
   268    7   13 1.000000
   268    7   14 1.000000
   268    7   15 1.000000
   268    7   16 1.000000
   268    7   17 1.000000
   268    7   18 1.000000
   268    7   19 1.000000
   268    7   20 1.000000
   268    7   21 1.000000
   268    7   22 1.000000
   268    7   23 1.000000
   268    7   24 1.000000
   268    7   25 1.000000
   268    7   26 1.000000
   268    7   27 1.000000
   268    8    9 1.000000
   268    8   10 1.000000
   268    8   11 1.000000
   268    8   12 1.000000
   268    8   13 1.000000
   268    8   14 1.000000
   268    8   15 1.000000
   268    8   16 1.000000
   268    8   17 1.000000
   268    8   18 1.000000
   268    8   19 1.000000
   268    8   20 1.000000
   268    8   21 1.000000
   268    8   22 1.000000
   268    8   23 1.000000
   268    8   24 1.000000
   268    8   25 1.000000
   268    8   26 1.000000
   268    8   27 1.000000
   268    9   10 1.000000
   268    9   11 1.000000
   268    9   12 1.000000
   268    9   13 1.000000
   268    9   14 1.000000
   268    9   15 1.000000
   268    9   16 1.000000
   268    9   17 1.000000
   268    9   18 1.000000
   268    9   19 1.000000
   268    9   20 1.000000
   268    9   21 1.000000
   268    9   22 1.000000
   268    9   23 1.000000
   268    9   24 1.000000
   268    9   25 1.000000
   268    9   26 1.000000
   268    9   27 1.000000
   268   10   11 1.000000
   268   10   12 1.000000
   268   10   13 1.000000
   268   10   14 1.000000
   268   10   15 1.000000
   268   10   16 1.000000
   268   10   17 1.000000
   268   10   18 1.000000
   268   10   19 1.000000
   268   10   20 1.000000
   268   10   21 1.000000
   268   10   22 1.000000
   268   10   23 1.000000
   268   10   24 1.000000
   268   10   25 1.000000
   268   10   26 1.000000
   268   10   27 1.000000
   268   11   12 1.000000
   268   11   13 1.000000
   268   11   14 1.000000
   268   11   15 1.000000
   268   11   16 1.000000
   268   11   17 1.000000
   268   11   18 1.000000
   268   11   19 1.000000
   268   11   20 1.000000
   268   11   21 1.000000
   268   11   22 1.000000
   268   11   23 1.000000
   268   11   24 1.000000
   268   11   25 1.000000
   268   11   26 1.000000
   268   11   27 1.000000
   268   12   13 1.000000
   268   12   14 1.000000
   268   12   15 1.000000
   268   12   16 1.000000
   268   12   17 1.000000
   268   12   18 1.000000
   268   12   19 1.000000
   268   12   20 1.000000
   268   12   21 1.000000
   268   12   22 1.000000
   268   12   23 1.000000
   268   12   24 1.000000
   268   12   25 1.000000
   268   12   26 1.000000
   268   12   27 1.000000
   268   13   14 1.000000
   268   13   15 1.000000
   268   13   16 1.000000
   268   13   17 1.000000
   268   13   18 1.000000
   268   13   19 1.000000
   268   13   20 1.000000
   268   13   21 1.000000
   268   13   22 1.000000
   268   13   23 1.000000
   268   13   24 1.000000
   268   13   25 1.000000
   268   13   26 1.000000
   268   13   27 1.000000
   268   14   15 1.000000
   268   14   16 1.000000
   268   14   17 1.000000
   268   14   18 1.000000
   268   14   19 1.000000
   268   14   20 1.000000
   268   14   21 1.000000
   268   14   22 1.000000
   268   14   23 1.000000
   268   14   24 1.000000
   268   14   25 1.000000
   268   14   26 1.000000
   268   14   27 1.000000
   268   15   16 1.000000
   268   15   17 1.000000
   268   15   18 1.000000
   268   15   19 1.000000
   268   15   20 1.000000
   268   15   21 1.000000
   268   15   22 1.000000
   268   15   23 1.000000
   268   15   24 1.000000
   268   15   25 1.000000
   268   15   26 1.000000
   268   15   27 1.000000
   268   16   17 1.000000
   268   16   18 1.000000
   268   16   19 1.000000
   268   16   20 1.000000
   268   16   21 1.000000
   268   16   22 1.000000
   268   16   23 1.000000
   268   16   24 1.000000
   268   16   25 1.000000
   268   16   26 1.000000
   268   16   27 1.000000
   268   17   18 1.000000
   268   17   19 1.000000
   268   17   20 1.000000
   268   17   21 1.000000
   268   17   22 1.000000
   268   17   23 1.000000
   268   17   24 1.000000
   268   17   25 1.000000
   268   17   26 1.000000
   268   17   27 1.000000
   268   18   19 1.000000
   268   18   20 1.000000
   268   18   21 1.000000
   268   18   22 1.000000
   268   18   23 1.000000
   268   18   24 1.000000
   268   18   25 1.000000
   268   18   26 1.000000
   268   18   27 1.000000
   268   19   20 1.000000
   268   19   21 1.000000
   268   19   22 1.000000
   268   19   23 1.000000
   268   19   24 1.000000
   268   19   25 1.000000
   268   19   26 1.000000
   268   19   27 1.000000
   268   20   21 1.000000
   268   20   22 1.000000
   268   20   23 1.000000
   268   20   24 1.000000
   268   20   25 1.000000
   268   20   26 1.000000
   268   20   27 1.000000
   268   21   22 1.000000
   268   21   23 1.000000
   268   21   24 1.000000
   268   21   25 1.000000
   268   21   26 1.000000
   268   21   27 1.000000
   268   22   23 1.000000
   268   22   24 1.000000
   268   22   25 1.000000
   268   22   26 1.000000
   268   22   27 1.000000
   268   23   24 1.000000
   268   23   25 1.000000
   268   23   26 1.000000
   268   23   27 1.000000
   268   24   25 1.000000
   268   24   26 1.000000
   268   24   27 1.000000
   268   25   26 1.000000
   268   25   27 1.000000
   268   26   27 1.000000
   269    1    2 1.000000
   269    1    3 1.000000
   269    1    4 1.000000
   269    1    5 1.000000
   269    1    6 1.000000
   269    1    7 1.000000
   269    1    8 1.000000
   269    1    9 1.000000
   269    1   10 1.000000
   269    1   11 1.000000
   269    1   12 1.000000
   269    1   13 1.000000
   269    1   14 1.000000
   269    1   15 1.000000
   269    1   16 1.000000
   269    1   17 1.000000
   269    1   18 1.000000
   269    1   19 1.000000
   269    1   20 1.000000
   269    1   21 1.000000
   269    1   22 1.000000
   269    1   23 1.000000
   269    1   24 1.000000
   269    1   25 1.000000
   269    1   26 1.000000
   269    1   27 1.000000
   269    2    3 1.000000
   269    2    4 1.000000
   269    2    5 1.000000
   269    2    6 1.000000
   269    2    7 1.000000
   269    2    8 1.000000
   269    2    9 1.000000
   269    2   10 1.000000
   269    2   11 1.000000
   269    2   12 1.000000
   269    2   13 1.000000
   269    2   14 1.000000
   269    2   15 1.000000
   269    2   16 1.000000
   269    2   17 1.000000
   269    2   18 1.000000
   269    2   19 1.000000
   269    2   20 1.000000
   269    2   21 1.000000
   269    2   22 1.000000
   269    2   23 1.000000
   269    2   24 1.000000
   269    2   25 1.000000
   269    2   26 1.000000
   269    2   27 1.000000
   269    3    4 1.000000
   269    3    5 1.000000
   269    3    6 1.000000
   269    3    7 1.000000
   269    3    8 1.000000
   269    3    9 1.000000
   269    3   10 1.000000
   269    3   11 1.000000
   269    3   12 1.000000
   269    3   13 1.000000
   269    3   14 1.000000
   269    3   15 1.000000
   269    3   16 1.000000
   269    3   17 1.000000
   269    3   18 1.000000
   269    3   19 1.000000
   269    3   20 1.000000
   269    3   21 1.000000
   269    3   22 1.000000
   269    3   23 1.000000
   269    3   24 1.000000
   269    3   25 1.000000
   269    3   26 1.000000
   269    3   27 1.000000
   269    4    5 1.000000
   269    4    6 1.000000
   269    4    7 1.000000
   269    4    8 1.000000
   269    4    9 1.000000
   269    4   10 1.000000
   269    4   11 1.000000
   269    4   12 1.000000
   269    4   13 1.000000
   269    4   14 1.000000
   269    4   15 1.000000
   269    4   16 1.000000
   269    4   17 1.000000
   269    4   18 1.000000
   269    4   19 1.000000
   269    4   20 1.000000
   269    4   21 1.000000
   269    4   22 1.000000
   269    4   23 1.000000
   269    4   24 1.000000
   269    4   25 1.000000
   269    4   26 1.000000
   269    4   27 1.000000
   269    5    6 1.000000
   269    5    7 1.000000
   269    5    8 1.000000
   269    5    9 1.000000
   269    5   10 1.000000
   269    5   11 1.000000
   269    5   12 1.000000
   269    5   13 1.000000
   269    5   14 1.000000
   269    5   15 1.000000
   269    5   16 1.000000
   269    5   17 1.000000
   269    5   18 1.000000
   269    5   19 1.000000
   269    5   20 1.000000
   269    5   21 1.000000
   269    5   22 1.000000
   269    5   23 1.000000
   269    5   24 1.000000
   269    5   25 1.000000
   269    5   26 1.000000
   269    5   27 1.000000
   269    6    7 1.000000
   269    6    8 1.000000
   269    6    9 1.000000
   269    6   10 1.000000
   269    6   11 1.000000
   269    6   12 1.000000
   269    6   13 1.000000
   269    6   14 1.000000
   269    6   15 1.000000
   269    6   16 1.000000
   269    6   17 1.000000
   269    6   18 1.000000
   269    6   19 1.000000
   269    6   20 1.000000
   269    6   21 1.000000
   269    6   22 1.000000
   269    6   23 1.000000
   269    6   24 1.000000
   269    6   25 1.000000
   269    6   26 1.000000
   269    6   27 1.000000
   269    7    8 1.000000
   269    7    9 1.000000
   269    7   10 1.000000
   269    7   11 1.000000
   269    7   12 1.000000
   269    7   13 1.000000
   269    7   14 1.000000
   269    7   15 1.000000
   269    7   16 1.000000
   269    7   17 1.000000
   269    7   18 1.000000
   269    7   19 1.000000
   269    7   20 1.000000
   269    7   21 1.000000
   269    7   22 1.000000
   269    7   23 1.000000
   269    7   24 1.000000
   269    7   25 1.000000
   269    7   26 1.000000
   269    7   27 1.000000
   269    8    9 1.000000
   269    8   10 1.000000
   269    8   11 1.000000
   269    8   12 1.000000
   269    8   13 1.000000
   269    8   14 1.000000
   269    8   15 1.000000
   269    8   16 1.000000
   269    8   17 1.000000
   269    8   18 1.000000
   269    8   19 1.000000
   269    8   20 1.000000
   269    8   21 1.000000
   269    8   22 1.000000
   269    8   23 1.000000
   269    8   24 1.000000
   269    8   25 1.000000
   269    8   26 1.000000
   269    8   27 1.000000
   269    9   10 1.000000
   269    9   11 1.000000
   269    9   12 1.000000
   269    9   13 1.000000
   269    9   14 1.000000
   269    9   15 1.000000
   269    9   16 1.000000
   269    9   17 1.000000
   269    9   18 1.000000
   269    9   19 1.000000
   269    9   20 1.000000
   269    9   21 1.000000
   269    9   22 1.000000
   269    9   23 1.000000
   269    9   24 1.000000
   269    9   25 1.000000
   269    9   26 1.000000
   269    9   27 1.000000
   269   10   11 1.000000
   269   10   12 1.000000
   269   10   13 1.000000
   269   10   14 1.000000
   269   10   15 1.000000
   269   10   16 1.000000
   269   10   17 1.000000
   269   10   18 1.000000
   269   10   19 1.000000
   269   10   20 1.000000
   269   10   21 1.000000
   269   10   22 1.000000
   269   10   23 1.000000
   269   10   24 1.000000
   269   10   25 1.000000
   269   10   26 1.000000
   269   10   27 1.000000
   269   11   12 1.000000
   269   11   13 1.000000
   269   11   14 1.000000
   269   11   15 1.000000
   269   11   16 1.000000
   269   11   17 1.000000
   269   11   18 1.000000
   269   11   19 1.000000
   269   11   20 1.000000
   269   11   21 1.000000
   269   11   22 1.000000
   269   11   23 1.000000
   269   11   24 1.000000
   269   11   25 1.000000
   269   11   26 1.000000
   269   11   27 1.000000
   269   12   13 1.000000
   269   12   14 1.000000
   269   12   15 1.000000
   269   12   16 1.000000
   269   12   17 1.000000
   269   12   18 1.000000
   269   12   19 1.000000
   269   12   20 1.000000
   269   12   21 1.000000
   269   12   22 1.000000
   269   12   23 1.000000
   269   12   24 1.000000
   269   12   25 1.000000
   269   12   26 1.000000
   269   12   27 1.000000
   269   13   14 1.000000
   269   13   15 1.000000
   269   13   16 1.000000
   269   13   17 1.000000
   269   13   18 1.000000
   269   13   19 1.000000
   269   13   20 1.000000
   269   13   21 1.000000
   269   13   22 1.000000
   269   13   23 1.000000
   269   13   24 1.000000
   269   13   25 1.000000
   269   13   26 1.000000
   269   13   27 1.000000
   269   14   15 1.000000
   269   14   16 1.000000
   269   14   17 1.000000
   269   14   18 1.000000
   269   14   19 1.000000
   269   14   20 1.000000
   269   14   21 1.000000
   269   14   22 1.000000
   269   14   23 1.000000
   269   14   24 1.000000
   269   14   25 1.000000
   269   14   26 1.000000
   269   14   27 1.000000
   269   15   16 1.000000
   269   15   17 1.000000
   269   15   18 1.000000
   269   15   19 1.000000
   269   15   20 1.000000
   269   15   21 1.000000
   269   15   22 1.000000
   269   15   23 1.000000
   269   15   24 1.000000
   269   15   25 1.000000
   269   15   26 1.000000
   269   15   27 1.000000
   269   16   17 1.000000
   269   16   18 1.000000
   269   16   19 1.000000
   269   16   20 1.000000
   269   16   21 1.000000
   269   16   22 1.000000
   269   16   23 1.000000
   269   16   24 1.000000
   269   16   25 1.000000
   269   16   26 1.000000
   269   16   27 1.000000
   269   17   18 1.000000
   269   17   19 1.000000
   269   17   20 1.000000
   269   17   21 1.000000
   269   17   22 1.000000
   269   17   23 1.000000
   269   17   24 1.000000
   269   17   25 1.000000
   269   17   26 1.000000
   269   17   27 1.000000
   269   18   19 1.000000
   269   18   20 1.000000
   269   18   21 1.000000
   269   18   22 1.000000
   269   18   23 1.000000
   269   18   24 1.000000
   269   18   25 1.000000
   269   18   26 1.000000
   269   18   27 1.000000
   269   19   20 1.000000
   269   19   21 1.000000
   269   19   22 1.000000
   269   19   23 1.000000
   269   19   24 1.000000
   269   19   25 1.000000
   269   19   26 1.000000
   269   19   27 1.000000
   269   20   21 1.000000
   269   20   22 1.000000
   269   20   23 1.000000
   269   20   24 1.000000
   269   20   25 1.000000
   269   20   26 1.000000
   269   20   27 1.000000
   269   21   22 1.000000
   269   21   23 1.000000
   269   21   24 1.000000
   269   21   25 1.000000
   269   21   26 1.000000
   269   21   27 1.000000
   269   22   23 1.000000
   269   22   24 1.000000
   269   22   25 1.000000
   269   22   26 1.000000
   269   22   27 1.000000
   269   23   24 1.000000
   269   23   25 1.000000
   269   23   26 1.000000
   269   23   27 1.000000
   269   24   25 1.000000
   269   24   26 1.000000
   269   24   27 1.000000
   269   25   26 1.000000
   269   25   27 1.000000
   269   26   27 1.000000
   270    1    2 1.000000
   270    1    3 1.000000
   270    1    4 1.000000
   270    1    5 1.000000
   270    1    6 1.000000
   270    1    7 1.000000
   270    1    8 1.000000
   270    1    9 1.000000
   270    1   10 1.000000
   270    1   11 1.000000
   270    1   12 1.000000
   270    1   13 1.000000
   270    1   14 1.000000
   270    1   15 1.000000
   270    1   16 1.000000
   270    1   17 1.000000
   270    1   18 1.000000
   270    1   19 1.000000
   270    1   20 1.000000
   270    1   21 1.000000
   270    1   22 1.000000
   270    1   23 1.000000
   270    1   24 1.000000
   270    1   25 1.000000
   270    1   26 1.000000
   270    1   27 1.000000
   270    2    3 1.000000
   270    2    4 1.000000
   270    2    5 1.000000
   270    2    6 1.000000
   270    2    7 1.000000
   270    2    8 1.000000
   270    2    9 1.000000
   270    2   10 1.000000
   270    2   11 1.000000
   270    2   12 1.000000
   270    2   13 1.000000
   270    2   14 1.000000
   270    2   15 1.000000
   270    2   16 1.000000
   270    2   17 1.000000
   270    2   18 1.000000
   270    2   19 1.000000
   270    2   20 1.000000
   270    2   21 1.000000
   270    2   22 1.000000
   270    2   23 1.000000
   270    2   24 1.000000
   270    2   25 1.000000
   270    2   26 1.000000
   270    2   27 1.000000
   270    3    4 1.000000
   270    3    5 1.000000
   270    3    6 1.000000
   270    3    7 1.000000
   270    3    8 1.000000
   270    3    9 1.000000
   270    3   10 1.000000
   270    3   11 1.000000
   270    3   12 1.000000
   270    3   13 1.000000
   270    3   14 1.000000
   270    3   15 1.000000
   270    3   16 1.000000
   270    3   17 1.000000
   270    3   18 1.000000
   270    3   19 1.000000
   270    3   20 1.000000
   270    3   21 1.000000
   270    3   22 1.000000
   270    3   23 1.000000
   270    3   24 1.000000
   270    3   25 1.000000
   270    3   26 1.000000
   270    3   27 1.000000
   270    4    5 1.000000
   270    4    6 1.000000
   270    4    7 1.000000
   270    4    8 1.000000
   270    4    9 1.000000
   270    4   10 1.000000
   270    4   11 1.000000
   270    4   12 1.000000
   270    4   13 1.000000
   270    4   14 1.000000
   270    4   15 1.000000
   270    4   16 1.000000
   270    4   17 1.000000
   270    4   18 1.000000
   270    4   19 1.000000
   270    4   20 1.000000
   270    4   21 1.000000
   270    4   22 1.000000
   270    4   23 1.000000
   270    4   24 1.000000
   270    4   25 1.000000
   270    4   26 1.000000
   270    4   27 1.000000
   270    5    6 1.000000
   270    5    7 1.000000
   270    5    8 1.000000
   270    5    9 1.000000
   270    5   10 1.000000
   270    5   11 1.000000
   270    5   12 1.000000
   270    5   13 1.000000
   270    5   14 1.000000
   270    5   15 1.000000
   270    5   16 1.000000
   270    5   17 1.000000
   270    5   18 1.000000
   270    5   19 1.000000
   270    5   20 1.000000
   270    5   21 1.000000
   270    5   22 1.000000
   270    5   23 1.000000
   270    5   24 1.000000
   270    5   25 1.000000
   270    5   26 1.000000
   270    5   27 1.000000
   270    6    7 1.000000
   270    6    8 1.000000
   270    6    9 1.000000
   270    6   10 1.000000
   270    6   11 1.000000
   270    6   12 1.000000
   270    6   13 1.000000
   270    6   14 1.000000
   270    6   15 1.000000
   270    6   16 1.000000
   270    6   17 1.000000
   270    6   18 1.000000
   270    6   19 1.000000
   270    6   20 1.000000
   270    6   21 1.000000
   270    6   22 1.000000
   270    6   23 1.000000
   270    6   24 1.000000
   270    6   25 1.000000
   270    6   26 1.000000
   270    6   27 1.000000
   270    7    8 1.000000
   270    7    9 1.000000
   270    7   10 1.000000
   270    7   11 1.000000
   270    7   12 1.000000
   270    7   13 1.000000
   270    7   14 1.000000
   270    7   15 1.000000
   270    7   16 1.000000
   270    7   17 1.000000
   270    7   18 1.000000
   270    7   19 1.000000
   270    7   20 1.000000
   270    7   21 1.000000
   270    7   22 1.000000
   270    7   23 1.000000
   270    7   24 1.000000
   270    7   25 1.000000
   270    7   26 1.000000
   270    7   27 1.000000
   270    8    9 1.000000
   270    8   10 1.000000
   270    8   11 1.000000
   270    8   12 1.000000
   270    8   13 1.000000
   270    8   14 1.000000
   270    8   15 1.000000
   270    8   16 1.000000
   270    8   17 1.000000
   270    8   18 1.000000
   270    8   19 1.000000
   270    8   20 1.000000
   270    8   21 1.000000
   270    8   22 1.000000
   270    8   23 1.000000
   270    8   24 1.000000
   270    8   25 1.000000
   270    8   26 1.000000
   270    8   27 1.000000
   270    9   10 1.000000
   270    9   11 1.000000
   270    9   12 1.000000
   270    9   13 1.000000
   270    9   14 1.000000
   270    9   15 1.000000
   270    9   16 1.000000
   270    9   17 1.000000
   270    9   18 1.000000
   270    9   19 1.000000
   270    9   20 1.000000
   270    9   21 1.000000
   270    9   22 1.000000
   270    9   23 1.000000
   270    9   24 1.000000
   270    9   25 1.000000
   270    9   26 1.000000
   270    9   27 1.000000
   270   10   11 1.000000
   270   10   12 1.000000
   270   10   13 1.000000
   270   10   14 1.000000
   270   10   15 1.000000
   270   10   16 1.000000
   270   10   17 1.000000
   270   10   18 1.000000
   270   10   19 1.000000
   270   10   20 1.000000
   270   10   21 1.000000
   270   10   22 1.000000
   270   10   23 1.000000
   270   10   24 1.000000
   270   10   25 1.000000
   270   10   26 1.000000
   270   10   27 1.000000
   270   11   12 1.000000
   270   11   13 1.000000
   270   11   14 1.000000
   270   11   15 1.000000
   270   11   16 1.000000
   270   11   17 1.000000
   270   11   18 1.000000
   270   11   19 1.000000
   270   11   20 1.000000
   270   11   21 1.000000
   270   11   22 1.000000
   270   11   23 1.000000
   270   11   24 1.000000
   270   11   25 1.000000
   270   11   26 1.000000
   270   11   27 1.000000
   270   12   13 1.000000
   270   12   14 1.000000
   270   12   15 1.000000
   270   12   16 1.000000
   270   12   17 1.000000
   270   12   18 1.000000
   270   12   19 1.000000
   270   12   20 1.000000
   270   12   21 1.000000
   270   12   22 1.000000
   270   12   23 1.000000
   270   12   24 1.000000
   270   12   25 1.000000
   270   12   26 1.000000
   270   12   27 1.000000
   270   13   14 1.000000
   270   13   15 1.000000
   270   13   16 1.000000
   270   13   17 1.000000
   270   13   18 1.000000
   270   13   19 1.000000
   270   13   20 1.000000
   270   13   21 1.000000
   270   13   22 1.000000
   270   13   23 1.000000
   270   13   24 1.000000
   270   13   25 1.000000
   270   13   26 1.000000
   270   13   27 1.000000
   270   14   15 1.000000
   270   14   16 1.000000
   270   14   17 1.000000
   270   14   18 1.000000
   270   14   19 1.000000
   270   14   20 1.000000
   270   14   21 1.000000
   270   14   22 1.000000
   270   14   23 1.000000
   270   14   24 1.000000
   270   14   25 1.000000
   270   14   26 1.000000
   270   14   27 1.000000
   270   15   16 1.000000
   270   15   17 1.000000
   270   15   18 1.000000
   270   15   19 1.000000
   270   15   20 1.000000
   270   15   21 1.000000
   270   15   22 1.000000
   270   15   23 1.000000
   270   15   24 1.000000
   270   15   25 1.000000
   270   15   26 1.000000
   270   15   27 1.000000
   270   16   17 1.000000
   270   16   18 1.000000
   270   16   19 1.000000
   270   16   20 1.000000
   270   16   21 1.000000
   270   16   22 1.000000
   270   16   23 1.000000
   270   16   24 1.000000
   270   16   25 1.000000
   270   16   26 1.000000
   270   16   27 1.000000
   270   17   18 1.000000
   270   17   19 1.000000
   270   17   20 1.000000
   270   17   21 1.000000
   270   17   22 1.000000
   270   17   23 1.000000
   270   17   24 1.000000
   270   17   25 1.000000
   270   17   26 1.000000
   270   17   27 1.000000
   270   18   19 1.000000
   270   18   20 1.000000
   270   18   21 1.000000
   270   18   22 1.000000
   270   18   23 1.000000
   270   18   24 1.000000
   270   18   25 1.000000
   270   18   26 1.000000
   270   18   27 1.000000
   270   19   20 1.000000
   270   19   21 1.000000
   270   19   22 1.000000
   270   19   23 1.000000
   270   19   24 1.000000
   270   19   25 1.000000
   270   19   26 1.000000
   270   19   27 1.000000
   270   20   21 1.000000
   270   20   22 1.000000
   270   20   23 1.000000
   270   20   24 1.000000
   270   20   25 1.000000
   270   20   26 1.000000
   270   20   27 1.000000
   270   21   22 1.000000
   270   21   23 1.000000
   270   21   24 1.000000
   270   21   25 1.000000
   270   21   26 1.000000
   270   21   27 1.000000
   270   22   23 1.000000
   270   22   24 1.000000
   270   22   25 1.000000
   270   22   26 1.000000
   270   22   27 1.000000
   270   23   24 1.000000
   270   23   25 1.000000
   270   23   26 1.000000
   270   23   27 1.000000
   270   24   25 1.000000
   270   24   26 1.000000
   270   24   27 1.000000
   270   25   26 1.000000
   270   25   27 1.000000
   270   26   27 1.000000
   271    1    2 1.000000
   271    1    3 1.000000
   271    1    4 1.000000
   271    1    5 1.000000
   271    1    6 1.000000
   271    1    7 1.000000
   271    1    8 1.000000
   271    1    9 1.000000
   271    1   10 1.000000
   271    1   11 1.000000
   271    1   12 1.000000
   271    1   13 1.000000
   271    1   14 1.000000
   271    1   15 1.000000
   271    1   16 1.000000
   271    1   17 1.000000
   271    1   18 1.000000
   271    1   19 1.000000
   271    1   20 1.000000
   271    1   21 1.000000
   271    1   22 1.000000
   271    1   23 1.000000
   271    1   24 1.000000
   271    1   25 1.000000
   271    1   26 1.000000
   271    1   27 1.000000
   271    2    3 1.000000
   271    2    4 1.000000
   271    2    5 1.000000
   271    2    6 1.000000
   271    2    7 1.000000
   271    2    8 1.000000
   271    2    9 1.000000
   271    2   10 1.000000
   271    2   11 1.000000
   271    2   12 1.000000
   271    2   13 1.000000
   271    2   14 1.000000
   271    2   15 1.000000
   271    2   16 1.000000
   271    2   17 1.000000
   271    2   18 1.000000
   271    2   19 1.000000
   271    2   20 1.000000
   271    2   21 1.000000
   271    2   22 1.000000
   271    2   23 1.000000
   271    2   24 1.000000
   271    2   25 1.000000
   271    2   26 1.000000
   271    2   27 1.000000
   271    3    4 1.000000
   271    3    5 1.000000
   271    3    6 1.000000
   271    3    7 1.000000
   271    3    8 1.000000
   271    3    9 1.000000
   271    3   10 1.000000
   271    3   11 1.000000
   271    3   12 1.000000
   271    3   13 1.000000
   271    3   14 1.000000
   271    3   15 1.000000
   271    3   16 1.000000
   271    3   17 1.000000
   271    3   18 1.000000
   271    3   19 1.000000
   271    3   20 1.000000
   271    3   21 1.000000
   271    3   22 1.000000
   271    3   23 1.000000
   271    3   24 1.000000
   271    3   25 1.000000
   271    3   26 1.000000
   271    3   27 1.000000
   271    4    5 1.000000
   271    4    6 1.000000
   271    4    7 1.000000
   271    4    8 1.000000
   271    4    9 1.000000
   271    4   10 1.000000
   271    4   11 1.000000
   271    4   12 1.000000
   271    4   13 1.000000
   271    4   14 1.000000
   271    4   15 1.000000
   271    4   16 1.000000
   271    4   17 1.000000
   271    4   18 1.000000
   271    4   19 1.000000
   271    4   20 1.000000
   271    4   21 1.000000
   271    4   22 1.000000
   271    4   23 1.000000
   271    4   24 1.000000
   271    4   25 1.000000
   271    4   26 1.000000
   271    4   27 1.000000
   271    5    6 1.000000
   271    5    7 1.000000
   271    5    8 1.000000
   271    5    9 1.000000
   271    5   10 1.000000
   271    5   11 1.000000
   271    5   12 1.000000
   271    5   13 1.000000
   271    5   14 1.000000
   271    5   15 1.000000
   271    5   16 1.000000
   271    5   17 1.000000
   271    5   18 1.000000
   271    5   19 1.000000
   271    5   20 1.000000
   271    5   21 1.000000
   271    5   22 1.000000
   271    5   23 1.000000
   271    5   24 1.000000
   271    5   25 1.000000
   271    5   26 1.000000
   271    5   27 1.000000
   271    6    7 1.000000
   271    6    8 1.000000
   271    6    9 1.000000
   271    6   10 1.000000
   271    6   11 1.000000
   271    6   12 1.000000
   271    6   13 1.000000
   271    6   14 1.000000
   271    6   15 1.000000
   271    6   16 1.000000
   271    6   17 1.000000
   271    6   18 1.000000
   271    6   19 1.000000
   271    6   20 1.000000
   271    6   21 1.000000
   271    6   22 1.000000
   271    6   23 1.000000
   271    6   24 1.000000
   271    6   25 1.000000
   271    6   26 1.000000
   271    6   27 1.000000
   271    7    8 1.000000
   271    7    9 1.000000
   271    7   10 1.000000
   271    7   11 1.000000
   271    7   12 1.000000
   271    7   13 1.000000
   271    7   14 1.000000
   271    7   15 1.000000
   271    7   16 1.000000
   271    7   17 1.000000
   271    7   18 1.000000
   271    7   19 1.000000
   271    7   20 1.000000
   271    7   21 1.000000
   271    7   22 1.000000
   271    7   23 1.000000
   271    7   24 1.000000
   271    7   25 1.000000
   271    7   26 1.000000
   271    7   27 1.000000
   271    8    9 1.000000
   271    8   10 1.000000
   271    8   11 1.000000
   271    8   12 1.000000
   271    8   13 1.000000
   271    8   14 1.000000
   271    8   15 1.000000
   271    8   16 1.000000
   271    8   17 1.000000
   271    8   18 1.000000
   271    8   19 1.000000
   271    8   20 1.000000
   271    8   21 1.000000
   271    8   22 1.000000
   271    8   23 1.000000
   271    8   24 1.000000
   271    8   25 1.000000
   271    8   26 1.000000
   271    8   27 1.000000
   271    9   10 1.000000
   271    9   11 1.000000
   271    9   12 1.000000
   271    9   13 1.000000
   271    9   14 1.000000
   271    9   15 1.000000
   271    9   16 1.000000
   271    9   17 1.000000
   271    9   18 1.000000
   271    9   19 1.000000
   271    9   20 1.000000
   271    9   21 1.000000
   271    9   22 1.000000
   271    9   23 1.000000
   271    9   24 1.000000
   271    9   25 1.000000
   271    9   26 1.000000
   271    9   27 1.000000
   271   10   11 1.000000
   271   10   12 1.000000
   271   10   13 1.000000
   271   10   14 1.000000
   271   10   15 1.000000
   271   10   16 1.000000
   271   10   17 1.000000
   271   10   18 1.000000
   271   10   19 1.000000
   271   10   20 1.000000
   271   10   21 1.000000
   271   10   22 1.000000
   271   10   23 1.000000
   271   10   24 1.000000
   271   10   25 1.000000
   271   10   26 1.000000
   271   10   27 1.000000
   271   11   12 1.000000
   271   11   13 1.000000
   271   11   14 1.000000
   271   11   15 1.000000
   271   11   16 1.000000
   271   11   17 1.000000
   271   11   18 1.000000
   271   11   19 1.000000
   271   11   20 1.000000
   271   11   21 1.000000
   271   11   22 1.000000
   271   11   23 1.000000
   271   11   24 1.000000
   271   11   25 1.000000
   271   11   26 1.000000
   271   11   27 1.000000
   271   12   13 1.000000
   271   12   14 1.000000
   271   12   15 1.000000
   271   12   16 1.000000
   271   12   17 1.000000
   271   12   18 1.000000
   271   12   19 1.000000
   271   12   20 1.000000
   271   12   21 1.000000
   271   12   22 1.000000
   271   12   23 1.000000
   271   12   24 1.000000
   271   12   25 1.000000
   271   12   26 1.000000
   271   12   27 1.000000
   271   13   14 1.000000
   271   13   15 1.000000
   271   13   16 1.000000
   271   13   17 1.000000
   271   13   18 1.000000
   271   13   19 1.000000
   271   13   20 1.000000
   271   13   21 1.000000
   271   13   22 1.000000
   271   13   23 1.000000
   271   13   24 1.000000
   271   13   25 1.000000
   271   13   26 1.000000
   271   13   27 1.000000
   271   14   15 1.000000
   271   14   16 1.000000
   271   14   17 1.000000
   271   14   18 1.000000
   271   14   19 1.000000
   271   14   20 1.000000
   271   14   21 1.000000
   271   14   22 1.000000
   271   14   23 1.000000
   271   14   24 1.000000
   271   14   25 1.000000
   271   14   26 1.000000
   271   14   27 1.000000
   271   15   16 1.000000
   271   15   17 1.000000
   271   15   18 1.000000
   271   15   19 1.000000
   271   15   20 1.000000
   271   15   21 1.000000
   271   15   22 1.000000
   271   15   23 1.000000
   271   15   24 1.000000
   271   15   25 1.000000
   271   15   26 1.000000
   271   15   27 1.000000
   271   16   17 1.000000
   271   16   18 1.000000
   271   16   19 1.000000
   271   16   20 1.000000
   271   16   21 1.000000
   271   16   22 1.000000
   271   16   23 1.000000
   271   16   24 1.000000
   271   16   25 1.000000
   271   16   26 1.000000
   271   16   27 1.000000
   271   17   18 1.000000
   271   17   19 1.000000
   271   17   20 1.000000
   271   17   21 1.000000
   271   17   22 1.000000
   271   17   23 1.000000
   271   17   24 1.000000
   271   17   25 1.000000
   271   17   26 1.000000
   271   17   27 1.000000
   271   18   19 1.000000
   271   18   20 1.000000
   271   18   21 1.000000
   271   18   22 1.000000
   271   18   23 1.000000
   271   18   24 1.000000
   271   18   25 1.000000
   271   18   26 1.000000
   271   18   27 1.000000
   271   19   20 1.000000
   271   19   21 1.000000
   271   19   22 1.000000
   271   19   23 1.000000
   271   19   24 1.000000
   271   19   25 1.000000
   271   19   26 1.000000
   271   19   27 1.000000
   271   20   21 1.000000
   271   20   22 1.000000
   271   20   23 1.000000
   271   20   24 1.000000
   271   20   25 1.000000
   271   20   26 1.000000
   271   20   27 1.000000
   271   21   22 1.000000
   271   21   23 1.000000
   271   21   24 1.000000
   271   21   25 1.000000
   271   21   26 1.000000
   271   21   27 1.000000
   271   22   23 1.000000
   271   22   24 1.000000
   271   22   25 1.000000
   271   22   26 1.000000
   271   22   27 1.000000
   271   23   24 1.000000
   271   23   25 1.000000
   271   23   26 1.000000
   271   23   27 1.000000
   271   24   25 1.000000
   271   24   26 1.000000
   271   24   27 1.000000
   271   25   26 1.000000
   271   25   27 1.000000
   271   26   27 1.000000
   272    1    2 0.791667
   272    1    3 0.979167
   272    1    4 0.979167
   272    1    5 0.979167
   272    1    6 0.979167
   272    1    7 0.791667
   272    1    8 0.541667
   272    1    9 0.979167
   272    1   10 0.791667
   272    1   11 0.687500
   272    1   12 0.687500
   272    1   13 0.708333
   272    1   14 0.687500
   272    1   15 0.687500
   272    1   16 0.687500
   272    1   17 0.750000
   272    1   19 0.687500
   272    1   20 0.979167
   272    1   21 0.541667
   272    1   22 0.541667
   272    1   23 0.541667
   272    1   24 0.541667
   272    1   25 0.541667
   272    1   26 0.791667
   272    1   27 0.541667
   272    2    3 0.770833
   272    2    4 0.770833
   272    2    5 0.770833
   272    2    6 0.770833
   272    2    7 1.000000
   272    2    8 0.333333
   272    2    9 0.770833
   272    2   10 1.000000
   272    2   11 0.833333
   272    2   12 0.833333
   272    2   13 0.916667
   272    2   14 0.833333
   272    2   15 0.833333
   272    2   16 0.833333
   272    2   17 0.895833
   272    2   19 0.833333
   272    2   20 0.770833
   272    2   21 0.333333
   272    2   22 0.333333
   272    2   23 0.333333
   272    2   24 0.333333
   272    2   25 0.333333
   272    2   26 1.000000
   272    2   27 0.333333
   272    3    4 1.000000
   272    3    5 1.000000
   272    3    6 1.000000
   272    3    7 0.770833
   272    3    8 0.562500
   272    3    9 1.000000
   272    3   10 0.770833
   272    3   11 0.666667
   272    3   12 0.666667
   272    3   13 0.687500
   272    3   14 0.666667
   272    3   15 0.666667
   272    3   16 0.666667
   272    3   17 0.729167
   272    3   19 0.666667
   272    3   20 1.000000
   272    3   21 0.562500
   272    3   22 0.562500
   272    3   23 0.562500
   272    3   24 0.562500
   272    3   25 0.562500
   272    3   26 0.770833
   272    3   27 0.562500
   272    4    5 1.000000
   272    4    6 1.000000
   272    4    7 0.770833
   272    4    8 0.562500
   272    4    9 1.000000
   272    4   10 0.770833
   272    4   11 0.666667
   272    4   12 0.666667
   272    4   13 0.687500
   272    4   14 0.666667
   272    4   15 0.666667
   272    4   16 0.666667
   272    4   17 0.729167
   272    4   19 0.666667
   272    4   20 1.000000
   272    4   21 0.562500
   272    4   22 0.562500
   272    4   23 0.562500
   272    4   24 0.562500
   272    4   25 0.562500
   272    4   26 0.770833
   272    4   27 0.562500
   272    5    6 1.000000
   272    5    7 0.770833
   272    5    8 0.562500
   272    5    9 1.000000
   272    5   10 0.770833
   272    5   11 0.666667
   272    5   12 0.666667
   272    5   13 0.687500
   272    5   14 0.666667
   272    5   15 0.666667
   272    5   16 0.666667
   272    5   17 0.729167
   272    5   19 0.666667
   272    5   20 1.000000
   272    5   21 0.562500
   272    5   22 0.562500
   272    5   23 0.562500
   272    5   24 0.562500
   272    5   25 0.562500
   272    5   26 0.770833
   272    5   27 0.562500
   272    6    7 0.770833
   272    6    8 0.562500
   272    6    9 1.000000
   272    6   10 0.770833
   272    6   11 0.666667
   272    6   12 0.666667
   272    6   13 0.687500
   272    6   14 0.666667
   272    6   15 0.666667
   272    6   16 0.666667
   272    6   17 0.729167
   272    6   19 0.666667
   272    6   20 1.000000
   272    6   21 0.562500
   272    6   22 0.562500
   272    6   23 0.562500
   272    6   24 0.562500
   272    6   25 0.562500
   272    6   26 0.770833
   272    6   27 0.562500
   272    7    8 0.333333
   272    7    9 0.770833
   272    7   10 1.000000
   272    7   11 0.833333
   272    7   12 0.833333
   272    7   13 0.916667
   272    7   14 0.833333
   272    7   15 0.833333
   272    7   16 0.833333
   272    7   17 0.895833
   272    7   19 0.833333
   272    7   20 0.770833
   272    7   21 0.333333
   272    7   22 0.333333
   272    7   23 0.333333
   272    7   24 0.333333
   272    7   25 0.333333
   272    7   26 1.000000
   272    7   27 0.333333
   272    8    9 0.562500
   272    8   10 0.333333
   272    8   11 0.479167
   272    8   12 0.479167
   272    8   13 0.250000
   272    8   14 0.479167
   272    8   15 0.479167
   272    8   16 0.479167
   272    8   17 0.416667
   272    8   19 0.479167
   272    8   20 0.562500
   272    8   21 1.000000
   272    8   22 1.000000
   272    8   23 1.000000
   272    8   24 1.000000
   272    8   25 1.000000
   272    8   26 0.333333
   272    8   27 1.000000
   272    9   10 0.770833
   272    9   11 0.666667
   272    9   12 0.666667
   272    9   13 0.687500
   272    9   14 0.666667
   272    9   15 0.666667
   272    9   16 0.666667
   272    9   17 0.729167
   272    9   19 0.666667
   272    9   20 1.000000
   272    9   21 0.562500
   272    9   22 0.562500
   272    9   23 0.562500
   272    9   24 0.562500
   272    9   25 0.562500
   272    9   26 0.770833
   272    9   27 0.562500
   272   10   11 0.833333
   272   10   12 0.833333
   272   10   13 0.916667
   272   10   14 0.833333
   272   10   15 0.833333
   272   10   16 0.833333
   272   10   17 0.895833
   272   10   19 0.833333
   272   10   20 0.770833
   272   10   21 0.333333
   272   10   22 0.333333
   272   10   23 0.333333
   272   10   24 0.333333
   272   10   25 0.333333
   272   10   26 1.000000
   272   10   27 0.333333
   272   11   12 1.000000
   272   11   13 0.750000
   272   11   14 1.000000
   272   11   15 1.000000
   272   11   16 1.000000
   272   11   17 0.937500
   272   11   19 1.000000
   272   11   20 0.666667
   272   11   21 0.479167
   272   11   22 0.479167
   272   11   23 0.479167
   272   11   24 0.479167
   272   11   25 0.479167
   272   11   26 0.833333
   272   11   27 0.479167
   272   12   13 0.750000
   272   12   14 1.000000
   272   12   15 1.000000
   272   12   16 1.000000
   272   12   17 0.937500
   272   12   19 1.000000
   272   12   20 0.666667
   272   12   21 0.479167
   272   12   22 0.479167
   272   12   23 0.479167
   272   12   24 0.479167
   272   12   25 0.479167
   272   12   26 0.833333
   272   12   27 0.479167
   272   13   14 0.750000
   272   13   15 0.750000
   272   13   16 0.750000
   272   13   17 0.812500
   272   13   19 0.750000
   272   13   20 0.687500
   272   13   21 0.250000
   272   13   22 0.250000
   272   13   23 0.250000
   272   13   24 0.250000
   272   13   25 0.250000
   272   13   26 0.916667
   272   13   27 0.250000
   272   14   15 1.000000
   272   14   16 1.000000
   272   14   17 0.937500
   272   14   19 1.000000
   272   14   20 0.666667
   272   14   21 0.479167
   272   14   22 0.479167
   272   14   23 0.479167
   272   14   24 0.479167
   272   14   25 0.479167
   272   14   26 0.833333
   272   14   27 0.479167
   272   15   16 1.000000
   272   15   17 0.937500
   272   15   19 1.000000
   272   15   20 0.666667
   272   15   21 0.479167
   272   15   22 0.479167
   272   15   23 0.479167
   272   15   24 0.479167
   272   15   25 0.479167
   272   15   26 0.833333
   272   15   27 0.479167
   272   16   17 0.937500
   272   16   19 1.000000
   272   16   20 0.666667
   272   16   21 0.479167
   272   16   22 0.479167
   272   16   23 0.479167
   272   16   24 0.479167
   272   16   25 0.479167
   272   16   26 0.833333
   272   16   27 0.479167
   272   17   19 0.937500
   272   17   20 0.729167
   272   17   21 0.416667
   272   17   22 0.416667
   272   17   23 0.416667
   272   17   24 0.416667
   272   17   25 0.416667
   272   17   26 0.895833
   272   17   27 0.416667
   272   19   20 0.666667
   272   19   21 0.479167
   272   19   22 0.479167
   272   19   23 0.479167
   272   19   24 0.479167
   272   19   25 0.479167
   272   19   26 0.833333
   272   19   27 0.479167
   272   20   21 0.562500
   272   20   22 0.562500
   272   20   23 0.562500
   272   20   24 0.562500
   272   20   25 0.562500
   272   20   26 0.770833
   272   20   27 0.562500
   272   21   22 1.000000
   272   21   23 1.000000
   272   21   24 1.000000
   272   21   25 1.000000
   272   21   26 0.333333
   272   21   27 1.000000
   272   22   23 1.000000
   272   22   24 1.000000
   272   22   25 1.000000
   272   22   26 0.333333
   272   22   27 1.000000
   272   23   24 1.000000
   272   23   25 1.000000
   272   23   26 0.333333
   272   23   27 1.000000
   272   24   25 1.000000
   272   24   26 0.333333
   272   24   27 1.000000
   272   25   26 0.333333
   272   25   27 1.000000
   272   26   27 0.333333
   273    2    7 1.000000
   273    2   13 0.791667
   273    2   26 1.000000
   273    7   13 0.791667
   273    7   26 1.000000
   273   13   26 0.791667
   274    2   26 1.000000
   275    2    4 0.375000
   275    2    5 0.375000
   275    2    6 0.375000
   275    2    9 0.375000
   275    2   10 1.000000
   275    2   11 0.375000
   275    2   12 0.375000
   275    2   13 0.250000
   275    2   14 0.375000
   275    2   15 0.375000
   275    2   16 0.375000
   275    2   17 0.375000
   275    2   19 0.375000
   275    2   26 1.000000
   275    4    5 1.000000
   275    4    6 1.000000
   275    4    9 1.000000
   275    4   10 0.375000
   275    4   11 0.666667
   275    4   12 0.666667
   275    4   13 0.250000
   275    4   14 0.666667
   275    4   15 0.666667
   275    4   16 0.666667
   275    4   17 0.729167
   275    4   19 0.666667
   275    4   26 0.375000
   275    5    6 1.000000
   275    5    9 1.000000
   275    5   10 0.375000
   275    5   11 0.666667
   275    5   12 0.666667
   275    5   13 0.250000
   275    5   14 0.666667
   275    5   15 0.666667
   275    5   16 0.666667
   275    5   17 0.729167
   275    5   19 0.666667
   275    5   26 0.375000
   275    6    9 1.000000
   275    6   10 0.375000
   275    6   11 0.666667
   275    6   12 0.666667
   275    6   13 0.250000
   275    6   14 0.666667
   275    6   15 0.666667
   275    6   16 0.666667
   275    6   17 0.729167
   275    6   19 0.666667
   275    6   26 0.375000
   275    9   10 0.375000
   275    9   11 0.666667
   275    9   12 0.666667
   275    9   13 0.250000
   275    9   14 0.666667
   275    9   15 0.666667
   275    9   16 0.666667
   275    9   17 0.729167
   275    9   19 0.666667
   275    9   26 0.375000
   275   10   11 0.375000
   275   10   12 0.375000
   275   10   13 0.250000
   275   10   14 0.375000
   275   10   15 0.375000
   275   10   16 0.375000
   275   10   17 0.375000
   275   10   19 0.375000
   275   10   26 1.000000
   275   11   12 1.000000
   275   11   13 0.250000
   275   11   14 1.000000
   275   11   15 1.000000
   275   11   16 1.000000
   275   11   17 0.937500
   275   11   19 1.000000
   275   11   26 0.375000
   275   12   13 0.250000
   275   12   14 1.000000
   275   12   15 1.000000
   275   12   16 1.000000
   275   12   17 0.937500
   275   12   19 1.000000
   275   12   26 0.375000
   275   13   14 0.250000
   275   13   15 0.250000
   275   13   16 0.250000
   275   13   17 0.250000
   275   13   19 0.250000
   275   13   26 0.250000
   275   14   15 1.000000
   275   14   16 1.000000
   275   14   17 0.937500
   275   14   19 1.000000
   275   14   26 0.375000
   275   15   16 1.000000
   275   15   17 0.937500
   275   15   19 1.000000
   275   15   26 0.375000
   275   16   17 0.937500
   275   16   19 1.000000
   275   16   26 0.375000
   275   17   19 0.937500
   275   17   26 0.375000
   275   19   26 0.375000
   276    2    4 0.770833
   276    2    5 0.708333
   276    2    6 0.770833
   276    2    7 1.000000
   276    2    9 0.770833
   276    2   10 1.000000
   276    2   11 0.562500
   276    2   12 0.562500
   276    2   13 0.250000
   276    2   14 0.562500
   276    2   15 0.562500
   276    2   16 0.562500
   276    2   17 0.562500
   276    2   18 0.729167
   276    2   19 0.562500
   276    2   20 0.770833
   276    2   26 1.000000
   276    4    5 0.937500
   276    4    6 1.000000
   276    4    7 0.770833
   276    4    9 1.000000
   276    4   10 0.770833
   276    4   11 0.583333
   276    4   12 0.583333
   276    4   13 0.250000
   276    4   14 0.583333
   276    4   15 0.583333
   276    4   16 0.583333
   276    4   17 0.583333
   276    4   18 0.500000
   276    4   19 0.583333
   276    4   20 1.000000
   276    4   26 0.770833
   276    5    6 0.937500
   276    5    7 0.708333
   276    5    9 0.937500
   276    5   10 0.708333
   276    5   11 0.645833
   276    5   12 0.645833
   276    5   13 0.250000
   276    5   14 0.645833
   276    5   15 0.645833
   276    5   16 0.645833
   276    5   17 0.645833
   276    5   18 0.437500
   276    5   19 0.645833
   276    5   20 0.937500
   276    5   26 0.708333
   276    6    7 0.770833
   276    6    9 1.000000
   276    6   10 0.770833
   276    6   11 0.583333
   276    6   12 0.583333
   276    6   13 0.250000
   276    6   14 0.583333
   276    6   15 0.583333
   276    6   16 0.583333
   276    6   17 0.583333
   276    6   18 0.500000
   276    6   19 0.583333
   276    6   20 1.000000
   276    6   26 0.770833
   276    7    9 0.770833
   276    7   10 1.000000
   276    7   11 0.562500
   276    7   12 0.562500
   276    7   13 0.250000
   276    7   14 0.562500
   276    7   15 0.562500
   276    7   16 0.562500
   276    7   17 0.562500
   276    7   18 0.729167
   276    7   19 0.562500
   276    7   20 0.770833
   276    7   26 1.000000
   276    9   10 0.770833
   276    9   11 0.583333
   276    9   12 0.583333
   276    9   13 0.250000
   276    9   14 0.583333
   276    9   15 0.583333
   276    9   16 0.583333
   276    9   17 0.583333
   276    9   18 0.500000
   276    9   19 0.583333
   276    9   20 1.000000
   276    9   26 0.770833
   276   10   11 0.562500
   276   10   12 0.562500
   276   10   13 0.250000
   276   10   14 0.562500
   276   10   15 0.562500
   276   10   16 0.562500
   276   10   17 0.562500
   276   10   18 0.729167
   276   10   19 0.562500
   276   10   20 0.770833
   276   10   26 1.000000
   276   11   12 1.000000
   276   11   13 0.250000
   276   11   14 1.000000
   276   11   15 1.000000
   276   11   16 1.000000
   276   11   17 0.937500
   276   11   18 0.291667
   276   11   19 1.000000
   276   11   20 0.583333
   276   11   26 0.562500
   276   12   13 0.250000
   276   12   14 1.000000
   276   12   15 1.000000
   276   12   16 1.000000
   276   12   17 0.937500
   276   12   18 0.291667
   276   12   19 1.000000
   276   12   20 0.583333
   276   12   26 0.562500
   276   13   14 0.250000
   276   13   15 0.250000
   276   13   16 0.250000
   276   13   17 0.250000
   276   13   18 0.125000
   276   13   19 0.250000
   276   13   20 0.250000
   276   13   26 0.250000
   276   14   15 1.000000
   276   14   16 1.000000
   276   14   17 0.937500
   276   14   18 0.291667
   276   14   19 1.000000
   276   14   20 0.583333
   276   14   26 0.562500
   276   15   16 1.000000
   276   15   17 0.937500
   276   15   18 0.291667
   276   15   19 1.000000
   276   15   20 0.583333
   276   15   26 0.562500
   276   16   17 0.937500
   276   16   18 0.291667
   276   16   19 1.000000
   276   16   20 0.583333
   276   16   26 0.562500
   276   17   18 0.291667
   276   17   19 0.937500
   276   17   20 0.583333
   276   17   26 0.562500
   276   18   19 0.291667
   276   18   20 0.500000
   276   18   26 0.729167
   276   19   20 0.583333
   276   19   26 0.562500
   276   20   26 0.770833
   277    1    2 0.958333
   277    1    3 0.958333
   277    1    4 0.958333
   277    1    5 0.916667
   277    1    6 0.958333
   277    1    7 0.958333
   277    1    9 0.958333
   277    1   10 0.958333
   277    1   11 0.583333
   277    1   12 0.583333
   277    1   13 0.250000
   277    1   14 0.583333
   277    1   15 0.583333
   277    1   16 0.583333
   277    1   17 0.583333
   277    1   18 0.958333
   277    1   19 0.583333
   277    1   20 0.958333
   277    1   26 0.958333
   277    2    3 1.000000
   277    2    4 1.000000
   277    2    5 0.937500
   277    2    6 1.000000
   277    2    7 1.000000
   277    2    9 1.000000
   277    2   10 1.000000
   277    2   11 0.583333
   277    2   12 0.583333
   277    2   13 0.250000
   277    2   14 0.583333
   277    2   15 0.583333
   277    2   16 0.583333
   277    2   17 0.583333
   277    2   18 1.000000
   277    2   19 0.583333
   277    2   20 1.000000
   277    2   26 1.000000
   277    3    4 1.000000
   277    3    5 0.937500
   277    3    6 1.000000
   277    3    7 1.000000
   277    3    9 1.000000
   277    3   10 1.000000
   277    3   11 0.583333
   277    3   12 0.583333
   277    3   13 0.250000
   277    3   14 0.583333
   277    3   15 0.583333
   277    3   16 0.583333
   277    3   17 0.583333
   277    3   18 1.000000
   277    3   19 0.583333
   277    3   20 1.000000
   277    3   26 1.000000
   277    4    5 0.937500
   277    4    6 1.000000
   277    4    7 1.000000
   277    4    9 1.000000
   277    4   10 1.000000
   277    4   11 0.583333
   277    4   12 0.583333
   277    4   13 0.250000
   277    4   14 0.583333
   277    4   15 0.583333
   277    4   16 0.583333
   277    4   17 0.583333
   277    4   18 1.000000
   277    4   19 0.583333
   277    4   20 1.000000
   277    4   26 1.000000
   277    5    6 0.937500
   277    5    7 0.937500
   277    5    9 0.937500
   277    5   10 0.937500
   277    5   11 0.645833
   277    5   12 0.645833
   277    5   13 0.250000
   277    5   14 0.645833
   277    5   15 0.645833
   277    5   16 0.645833
   277    5   17 0.645833
   277    5   18 0.937500
   277    5   19 0.645833
   277    5   20 0.937500
   277    5   26 0.937500
   277    6    7 1.000000
   277    6    9 1.000000
   277    6   10 1.000000
   277    6   11 0.583333
   277    6   12 0.583333
   277    6   13 0.250000
   277    6   14 0.583333
   277    6   15 0.583333
   277    6   16 0.583333
   277    6   17 0.583333
   277    6   18 1.000000
   277    6   19 0.583333
   277    6   20 1.000000
   277    6   26 1.000000
   277    7    9 1.000000
   277    7   10 1.000000
   277    7   11 0.583333
   277    7   12 0.583333
   277    7   13 0.250000
   277    7   14 0.583333
   277    7   15 0.583333
   277    7   16 0.583333
   277    7   17 0.583333
   277    7   18 1.000000
   277    7   19 0.583333
   277    7   20 1.000000
   277    7   26 1.000000
   277    9   10 1.000000
   277    9   11 0.583333
   277    9   12 0.583333
   277    9   13 0.250000
   277    9   14 0.583333
   277    9   15 0.583333
   277    9   16 0.583333
   277    9   17 0.583333
   277    9   18 1.000000
   277    9   19 0.583333
   277    9   20 1.000000
   277    9   26 1.000000
   277   10   11 0.583333
   277   10   12 0.583333
   277   10   13 0.250000
   277   10   14 0.583333
   277   10   15 0.583333
   277   10   16 0.583333
   277   10   17 0.583333
   277   10   18 1.000000
   277   10   19 0.583333
   277   10   20 1.000000
   277   10   26 1.000000
   277   11   12 1.000000
   277   11   13 0.250000
   277   11   14 1.000000
   277   11   15 1.000000
   277   11   16 1.000000
   277   11   17 0.937500
   277   11   18 0.583333
   277   11   19 1.000000
   277   11   20 0.583333
   277   11   26 0.583333
   277   12   13 0.250000
   277   12   14 1.000000
   277   12   15 1.000000
   277   12   16 1.000000
   277   12   17 0.937500
   277   12   18 0.583333
   277   12   19 1.000000
   277   12   20 0.583333
   277   12   26 0.583333
   277   13   14 0.250000
   277   13   15 0.250000
   277   13   16 0.250000
   277   13   17 0.250000
   277   13   18 0.250000
   277   13   19 0.250000
   277   13   20 0.250000
   277   13   26 0.250000
   277   14   15 1.000000
   277   14   16 1.000000
   277   14   17 0.937500
   277   14   18 0.583333
   277   14   19 1.000000
   277   14   20 0.583333
   277   14   26 0.583333
   277   15   16 1.000000
   277   15   17 0.937500
   277   15   18 0.583333
   277   15   19 1.000000
   277   15   20 0.583333
   277   15   26 0.583333
   277   16   17 0.937500
   277   16   18 0.583333
   277   16   19 1.000000
   277   16   20 0.583333
   277   16   26 0.583333
   277   17   18 0.583333
   277   17   19 0.937500
   277   17   20 0.583333
   277   17   26 0.583333
   277   18   19 0.583333
   277   18   20 1.000000
   277   18   26 1.000000
   277   19   20 0.583333
   277   19   26 0.583333
   277   20   26 1.000000
   278    1    2 0.958333
   278    1    3 0.958333
   278    1    4 0.958333
   278    1    5 0.958333
   278    1    6 0.958333
   278    1    7 0.958333
   278    1    9 0.958333
   278    1   10 0.958333
   278    1   13 0.333333
   278    1   18 0.958333
   278    1   20 0.958333
   278    1   25 0.333333
   278    1   26 0.958333
   278    2    3 1.000000
   278    2    4 1.000000
   278    2    5 1.000000
   278    2    6 1.000000
   278    2    7 1.000000
   278    2    9 1.000000
   278    2   10 1.000000
   278    2   13 0.333333
   278    2   18 1.000000
   278    2   20 1.000000
   278    2   25 0.333333
   278    2   26 1.000000
   278    3    4 1.000000
   278    3    5 1.000000
   278    3    6 1.000000
   278    3    7 1.000000
   278    3    9 1.000000
   278    3   10 1.000000
   278    3   13 0.333333
   278    3   18 1.000000
   278    3   20 1.000000
   278    3   25 0.333333
   278    3   26 1.000000
   278    4    5 1.000000
   278    4    6 1.000000
   278    4    7 1.000000
   278    4    9 1.000000
   278    4   10 1.000000
   278    4   13 0.333333
   278    4   18 1.000000
   278    4   20 1.000000
   278    4   25 0.333333
   278    4   26 1.000000
   278    5    6 1.000000
   278    5    7 1.000000
   278    5    9 1.000000
   278    5   10 1.000000
   278    5   13 0.333333
   278    5   18 1.000000
   278    5   20 1.000000
   278    5   25 0.333333
   278    5   26 1.000000
   278    6    7 1.000000
   278    6    9 1.000000
   278    6   10 1.000000
   278    6   13 0.333333
   278    6   18 1.000000
   278    6   20 1.000000
   278    6   25 0.333333
   278    6   26 1.000000
   278    7    9 1.000000
   278    7   10 1.000000
   278    7   13 0.333333
   278    7   18 1.000000
   278    7   20 1.000000
   278    7   25 0.333333
   278    7   26 1.000000
   278    9   10 1.000000
   278    9   13 0.333333
   278    9   18 1.000000
   278    9   20 1.000000
   278    9   25 0.333333
   278    9   26 1.000000
   278   10   13 0.333333
   278   10   18 1.000000
   278   10   20 1.000000
   278   10   25 0.333333
   278   10   26 1.000000
   278   13   18 0.333333
   278   13   20 0.333333
   278   13   25 1.000000
   278   13   26 0.333333
   278   18   20 1.000000
   278   18   25 0.333333
   278   18   26 1.000000
   278   20   25 0.333333
   278   20   26 1.000000
   278   25   26 0.333333
   279    1    2 0.958333
   279    1    3 0.958333
   279    1    4 0.958333
   279    1    5 0.958333
   279    1    6 0.958333
   279    1    7 0.958333
   279    1    8 0.333333
   279    1    9 0.958333
   279    1   10 0.958333
   279    1   13 0.333333
   279    1   18 0.958333
   279    1   20 0.958333
   279    1   21 0.333333
   279    1   22 0.333333
   279    1   23 0.333333
   279    1   24 0.333333
   279    1   25 0.333333
   279    1   26 0.958333
   279    1   27 0.208333
   279    2    3 1.000000
   279    2    4 1.000000
   279    2    5 1.000000
   279    2    6 1.000000
   279    2    7 1.000000
   279    2    8 0.333333
   279    2    9 1.000000
   279    2   10 1.000000
   279    2   13 0.333333
   279    2   18 1.000000
   279    2   20 1.000000
   279    2   21 0.333333
   279    2   22 0.333333
   279    2   23 0.333333
   279    2   24 0.333333
   279    2   25 0.333333
   279    2   26 1.000000
   279    2   27 0.208333
   279    3    4 1.000000
   279    3    5 1.000000
   279    3    6 1.000000
   279    3    7 1.000000
   279    3    8 0.333333
   279    3    9 1.000000
   279    3   10 1.000000
   279    3   13 0.333333
   279    3   18 1.000000
   279    3   20 1.000000
   279    3   21 0.333333
   279    3   22 0.333333
   279    3   23 0.333333
   279    3   24 0.333333
   279    3   25 0.333333
   279    3   26 1.000000
   279    3   27 0.208333
   279    4    5 1.000000
   279    4    6 1.000000
   279    4    7 1.000000
   279    4    8 0.333333
   279    4    9 1.000000
   279    4   10 1.000000
   279    4   13 0.333333
   279    4   18 1.000000
   279    4   20 1.000000
   279    4   21 0.333333
   279    4   22 0.333333
   279    4   23 0.333333
   279    4   24 0.333333
   279    4   25 0.333333
   279    4   26 1.000000
   279    4   27 0.208333
   279    5    6 1.000000
   279    5    7 1.000000
   279    5    8 0.333333
   279    5    9 1.000000
   279    5   10 1.000000
   279    5   13 0.333333
   279    5   18 1.000000
   279    5   20 1.000000
   279    5   21 0.333333
   279    5   22 0.333333
   279    5   23 0.333333
   279    5   24 0.333333
   279    5   25 0.333333
   279    5   26 1.000000
   279    5   27 0.208333
   279    6    7 1.000000
   279    6    8 0.333333
   279    6    9 1.000000
   279    6   10 1.000000
   279    6   13 0.333333
   279    6   18 1.000000
   279    6   20 1.000000
   279    6   21 0.333333
   279    6   22 0.333333
   279    6   23 0.333333
   279    6   24 0.333333
   279    6   25 0.333333
   279    6   26 1.000000
   279    6   27 0.208333
   279    7    8 0.333333
   279    7    9 1.000000
   279    7   10 1.000000
   279    7   13 0.333333
   279    7   18 1.000000
   279    7   20 1.000000
   279    7   21 0.333333
   279    7   22 0.333333
   279    7   23 0.333333
   279    7   24 0.333333
   279    7   25 0.333333
   279    7   26 1.000000
   279    7   27 0.208333
   279    8    9 0.333333
   279    8   10 0.333333
   279    8   13 1.000000
   279    8   18 0.333333
   279    8   20 0.333333
   279    8   21 1.000000
   279    8   22 1.000000
   279    8   23 1.000000
   279    8   24 1.000000
   279    8   25 1.000000
   279    8   26 0.333333
   279    8   27 0.875000
   279    9   10 1.000000
   279    9   13 0.333333
   279    9   18 1.000000
   279    9   20 1.000000
   279    9   21 0.333333
   279    9   22 0.333333
   279    9   23 0.333333
   279    9   24 0.333333
   279    9   25 0.333333
   279    9   26 1.000000
   279    9   27 0.208333
   279   10   13 0.333333
   279   10   18 1.000000
   279   10   20 1.000000
   279   10   21 0.333333
   279   10   22 0.333333
   279   10   23 0.333333
   279   10   24 0.333333
   279   10   25 0.333333
   279   10   26 1.000000
   279   10   27 0.208333
   279   13   18 0.333333
   279   13   20 0.333333
   279   13   21 1.000000
   279   13   22 1.000000
   279   13   23 1.000000
   279   13   24 1.000000
   279   13   25 1.000000
   279   13   26 0.333333
   279   13   27 0.875000
   279   18   20 1.000000
   279   18   21 0.333333
   279   18   22 0.333333
   279   18   23 0.333333
   279   18   24 0.333333
   279   18   25 0.333333
   279   18   26 1.000000
   279   18   27 0.208333
   279   20   21 0.333333
   279   20   22 0.333333
   279   20   23 0.333333
   279   20   24 0.333333
   279   20   25 0.333333
   279   20   26 1.000000
   279   20   27 0.208333
   279   21   22 1.000000
   279   21   23 1.000000
   279   21   24 1.000000
   279   21   25 1.000000
   279   21   26 0.333333
   279   21   27 0.875000
   279   22   23 1.000000
   279   22   24 1.000000
   279   22   25 1.000000
   279   22   26 0.333333
   279   22   27 0.875000
   279   23   24 1.000000
   279   23   25 1.000000
   279   23   26 0.333333
   279   23   27 0.875000
   279   24   25 1.000000
   279   24   26 0.333333
   279   24   27 0.875000
   279   25   26 0.333333
   279   25   27 0.875000
   279   26   27 0.208333
   280    2    4 1.000000
   280    2    5 1.000000
   280    2    6 1.000000
   280    2    7 1.000000
   280    2    8 0.333333
   280    2    9 1.000000
   280    2   10 1.000000
   280    2   13 0.333333
   280    2   18 1.000000
   280    2   20 1.000000
   280    2   21 0.333333
   280    2   22 0.333333
   280    2   23 0.333333
   280    2   24 0.333333
   280    2   25 0.333333
   280    2   26 1.000000
   280    2   27 0.208333
   280    4    5 1.000000
   280    4    6 1.000000
   280    4    7 1.000000
   280    4    8 0.333333
   280    4    9 1.000000
   280    4   10 1.000000
   280    4   13 0.333333
   280    4   18 1.000000
   280    4   20 1.000000
   280    4   21 0.333333
   280    4   22 0.333333
   280    4   23 0.333333
   280    4   24 0.333333
   280    4   25 0.333333
   280    4   26 1.000000
   280    4   27 0.208333
   280    5    6 1.000000
   280    5    7 1.000000
   280    5    8 0.333333
   280    5    9 1.000000
   280    5   10 1.000000
   280    5   13 0.333333
   280    5   18 1.000000
   280    5   20 1.000000
   280    5   21 0.333333
   280    5   22 0.333333
   280    5   23 0.333333
   280    5   24 0.333333
   280    5   25 0.333333
   280    5   26 1.000000
   280    5   27 0.208333
   280    6    7 1.000000
   280    6    8 0.333333
   280    6    9 1.000000
   280    6   10 1.000000
   280    6   13 0.333333
   280    6   18 1.000000
   280    6   20 1.000000
   280    6   21 0.333333
   280    6   22 0.333333
   280    6   23 0.333333
   280    6   24 0.333333
   280    6   25 0.333333
   280    6   26 1.000000
   280    6   27 0.208333
   280    7    8 0.333333
   280    7    9 1.000000
   280    7   10 1.000000
   280    7   13 0.333333
   280    7   18 1.000000
   280    7   20 1.000000
   280    7   21 0.333333
   280    7   22 0.333333
   280    7   23 0.333333
   280    7   24 0.333333
   280    7   25 0.333333
   280    7   26 1.000000
   280    7   27 0.208333
   280    8    9 0.333333
   280    8   10 0.333333
   280    8   13 1.000000
   280    8   18 0.333333
   280    8   20 0.333333
   280    8   21 1.000000
   280    8   22 1.000000
   280    8   23 1.000000
   280    8   24 1.000000
   280    8   25 1.000000
   280    8   26 0.333333
   280    8   27 0.875000
   280    9   10 1.000000
   280    9   13 0.333333
   280    9   18 1.000000
   280    9   20 1.000000
   280    9   21 0.333333
   280    9   22 0.333333
   280    9   23 0.333333
   280    9   24 0.333333
   280    9   25 0.333333
   280    9   26 1.000000
   280    9   27 0.208333
   280   10   13 0.333333
   280   10   18 1.000000
   280   10   20 1.000000
   280   10   21 0.333333
   280   10   22 0.333333
   280   10   23 0.333333
   280   10   24 0.333333
   280   10   25 0.333333
   280   10   26 1.000000
   280   10   27 0.208333
   280   13   18 0.333333
   280   13   20 0.333333
   280   13   21 1.000000
   280   13   22 1.000000
   280   13   23 1.000000
   280   13   24 1.000000
   280   13   25 1.000000
   280   13   26 0.333333
   280   13   27 0.875000
   280   18   20 1.000000
   280   18   21 0.333333
   280   18   22 0.333333
   280   18   23 0.333333
   280   18   24 0.333333
   280   18   25 0.333333
   280   18   26 1.000000
   280   18   27 0.208333
   280   20   21 0.333333
   280   20   22 0.333333
   280   20   23 0.333333
   280   20   24 0.333333
   280   20   25 0.333333
   280   20   26 1.000000
   280   20   27 0.208333
   280   21   22 1.000000
   280   21   23 1.000000
   280   21   24 1.000000
   280   21   25 1.000000
   280   21   26 0.333333
   280   21   27 0.875000
   280   22   23 1.000000
   280   22   24 1.000000
   280   22   25 1.000000
   280   22   26 0.333333
   280   22   27 0.875000
   280   23   24 1.000000
   280   23   25 1.000000
   280   23   26 0.333333
   280   23   27 0.875000
   280   24   25 1.000000
   280   24   26 0.333333
   280   24   27 0.875000
   280   25   26 0.333333
   280   25   27 0.875000
   280   26   27 0.208333
   281    1    2 0.958333
   281    1    3 0.958333
   281    1    4 0.958333
   281    1    5 0.958333
   281    1    6 0.958333
   281    1    7 0.958333
   281    1    8 0.333333
   281    1    9 0.958333
   281    1   10 0.958333
   281    1   13 0.333333
   281    1   20 0.958333
   281    1   21 0.333333
   281    1   22 0.333333
   281    1   23 0.333333
   281    1   24 0.333333
   281    1   25 0.333333
   281    1   26 0.958333
   281    2    3 1.000000
   281    2    4 1.000000
   281    2    5 1.000000
   281    2    6 1.000000
   281    2    7 1.000000
   281    2    8 0.333333
   281    2    9 1.000000
   281    2   10 1.000000
   281    2   13 0.333333
   281    2   20 1.000000
   281    2   21 0.333333
   281    2   22 0.333333
   281    2   23 0.333333
   281    2   24 0.333333
   281    2   25 0.333333
   281    2   26 1.000000
   281    3    4 1.000000
   281    3    5 1.000000
   281    3    6 1.000000
   281    3    7 1.000000
   281    3    8 0.333333
   281    3    9 1.000000
   281    3   10 1.000000
   281    3   13 0.333333
   281    3   20 1.000000
   281    3   21 0.333333
   281    3   22 0.333333
   281    3   23 0.333333
   281    3   24 0.333333
   281    3   25 0.333333
   281    3   26 1.000000
   281    4    5 1.000000
   281    4    6 1.000000
   281    4    7 1.000000
   281    4    8 0.333333
   281    4    9 1.000000
   281    4   10 1.000000
   281    4   13 0.333333
   281    4   20 1.000000
   281    4   21 0.333333
   281    4   22 0.333333
   281    4   23 0.333333
   281    4   24 0.333333
   281    4   25 0.333333
   281    4   26 1.000000
   281    5    6 1.000000
   281    5    7 1.000000
   281    5    8 0.333333
   281    5    9 1.000000
   281    5   10 1.000000
   281    5   13 0.333333
   281    5   20 1.000000
   281    5   21 0.333333
   281    5   22 0.333333
   281    5   23 0.333333
   281    5   24 0.333333
   281    5   25 0.333333
   281    5   26 1.000000
   281    6    7 1.000000
   281    6    8 0.333333
   281    6    9 1.000000
   281    6   10 1.000000
   281    6   13 0.333333
   281    6   20 1.000000
   281    6   21 0.333333
   281    6   22 0.333333
   281    6   23 0.333333
   281    6   24 0.333333
   281    6   25 0.333333
   281    6   26 1.000000
   281    7    8 0.333333
   281    7    9 1.000000
   281    7   10 1.000000
   281    7   13 0.333333
   281    7   20 1.000000
   281    7   21 0.333333
   281    7   22 0.333333
   281    7   23 0.333333
   281    7   24 0.333333
   281    7   25 0.333333
   281    7   26 1.000000
   281    8    9 0.333333
   281    8   10 0.333333
   281    8   13 1.000000
   281    8   20 0.333333
   281    8   21 1.000000
   281    8   22 1.000000
   281    8   23 1.000000
   281    8   24 1.000000
   281    8   25 1.000000
   281    8   26 0.333333
   281    9   10 1.000000
   281    9   13 0.333333
   281    9   20 1.000000
   281    9   21 0.333333
   281    9   22 0.333333
   281    9   23 0.333333
   281    9   24 0.333333
   281    9   25 0.333333
   281    9   26 1.000000
   281   10   13 0.333333
   281   10   20 1.000000
   281   10   21 0.333333
   281   10   22 0.333333
   281   10   23 0.333333
   281   10   24 0.333333
   281   10   25 0.333333
   281   10   26 1.000000
   281   13   20 0.333333
   281   13   21 1.000000
   281   13   22 1.000000
   281   13   23 1.000000
   281   13   24 1.000000
   281   13   25 1.000000
   281   13   26 0.333333
   281   20   21 0.333333
   281   20   22 0.333333
   281   20   23 0.333333
   281   20   24 0.333333
   281   20   25 0.333333
   281   20   26 1.000000
   281   21   22 1.000000
   281   21   23 1.000000
   281   21   24 1.000000
   281   21   25 1.000000
   281   21   26 0.333333
   281   22   23 1.000000
   281   22   24 1.000000
   281   22   25 1.000000
   281   22   26 0.333333
   281   23   24 1.000000
   281   23   25 1.000000
   281   23   26 0.333333
   281   24   25 1.000000
   281   24   26 0.333333
   281   25   26 0.333333
   282    1    2 0.958333
   282    1    3 0.958333
   282    1    4 0.958333
   282    1    5 0.958333
   282    1    6 0.958333
   282    1    7 0.958333
   282    1    8 0.333333
   282    1    9 0.958333
   282    1   10 0.958333
   282    1   11 0.583333
   282    1   12 0.583333
   282    1   13 0.333333
   282    1   14 0.583333
   282    1   15 0.583333
   282    1   16 0.583333
   282    1   17 0.583333
   282    1   19 0.583333
   282    1   20 0.958333
   282    1   21 0.333333
   282    1   22 0.333333
   282    1   23 0.333333
   282    1   24 0.333333
   282    1   25 0.333333
   282    1   26 0.958333
   282    1   27 0.333333
   282    2    3 1.000000
   282    2    4 1.000000
   282    2    5 1.000000
   282    2    6 1.000000
   282    2    7 1.000000
   282    2    8 0.333333
   282    2    9 1.000000
   282    2   10 1.000000
   282    2   11 0.583333
   282    2   12 0.583333
   282    2   13 0.333333
   282    2   14 0.583333
   282    2   15 0.583333
   282    2   16 0.583333
   282    2   17 0.583333
   282    2   19 0.583333
   282    2   20 1.000000
   282    2   21 0.333333
   282    2   22 0.333333
   282    2   23 0.333333
   282    2   24 0.333333
   282    2   25 0.333333
   282    2   26 1.000000
   282    2   27 0.333333
   282    3    4 1.000000
   282    3    5 1.000000
   282    3    6 1.000000
   282    3    7 1.000000
   282    3    8 0.333333
   282    3    9 1.000000
   282    3   10 1.000000
   282    3   11 0.583333
   282    3   12 0.583333
   282    3   13 0.333333
   282    3   14 0.583333
   282    3   15 0.583333
   282    3   16 0.583333
   282    3   17 0.583333
   282    3   19 0.583333
   282    3   20 1.000000
   282    3   21 0.333333
   282    3   22 0.333333
   282    3   23 0.333333
   282    3   24 0.333333
   282    3   25 0.333333
   282    3   26 1.000000
   282    3   27 0.333333
   282    4    5 1.000000
   282    4    6 1.000000
   282    4    7 1.000000
   282    4    8 0.333333
   282    4    9 1.000000
   282    4   10 1.000000
   282    4   11 0.583333
   282    4   12 0.583333
   282    4   13 0.333333
   282    4   14 0.583333
   282    4   15 0.583333
   282    4   16 0.583333
   282    4   17 0.583333
   282    4   19 0.583333
   282    4   20 1.000000
   282    4   21 0.333333
   282    4   22 0.333333
   282    4   23 0.333333
   282    4   24 0.333333
   282    4   25 0.333333
   282    4   26 1.000000
   282    4   27 0.333333
   282    5    6 1.000000
   282    5    7 1.000000
   282    5    8 0.333333
   282    5    9 1.000000
   282    5   10 1.000000
   282    5   11 0.583333
   282    5   12 0.583333
   282    5   13 0.333333
   282    5   14 0.583333
   282    5   15 0.583333
   282    5   16 0.583333
   282    5   17 0.583333
   282    5   19 0.583333
   282    5   20 1.000000
   282    5   21 0.333333
   282    5   22 0.333333
   282    5   23 0.333333
   282    5   24 0.333333
   282    5   25 0.333333
   282    5   26 1.000000
   282    5   27 0.333333
   282    6    7 1.000000
   282    6    8 0.333333
   282    6    9 1.000000
   282    6   10 1.000000
   282    6   11 0.583333
   282    6   12 0.583333
   282    6   13 0.333333
   282    6   14 0.583333
   282    6   15 0.583333
   282    6   16 0.583333
   282    6   17 0.583333
   282    6   19 0.583333
   282    6   20 1.000000
   282    6   21 0.333333
   282    6   22 0.333333
   282    6   23 0.333333
   282    6   24 0.333333
   282    6   25 0.333333
   282    6   26 1.000000
   282    6   27 0.333333
   282    7    8 0.333333
   282    7    9 1.000000
   282    7   10 1.000000
   282    7   11 0.583333
   282    7   12 0.583333
   282    7   13 0.333333
   282    7   14 0.583333
   282    7   15 0.583333
   282    7   16 0.583333
   282    7   17 0.583333
   282    7   19 0.583333
   282    7   20 1.000000
   282    7   21 0.333333
   282    7   22 0.333333
   282    7   23 0.333333
   282    7   24 0.333333
   282    7   25 0.333333
   282    7   26 1.000000
   282    7   27 0.333333
   282    8    9 0.333333
   282    8   10 0.333333
   282    8   11 0.354167
   282    8   12 0.354167
   282    8   13 1.000000
   282    8   14 0.354167
   282    8   15 0.354167
   282    8   16 0.354167
   282    8   17 0.354167
   282    8   19 0.354167
   282    8   20 0.333333
   282    8   21 1.000000
   282    8   22 1.000000
   282    8   23 1.000000
   282    8   24 1.000000
   282    8   25 1.000000
   282    8   26 0.333333
   282    8   27 1.000000
   282    9   10 1.000000
   282    9   11 0.583333
   282    9   12 0.583333
   282    9   13 0.333333
   282    9   14 0.583333
   282    9   15 0.583333
   282    9   16 0.583333
   282    9   17 0.583333
   282    9   19 0.583333
   282    9   20 1.000000
   282    9   21 0.333333
   282    9   22 0.333333
   282    9   23 0.333333
   282    9   24 0.333333
   282    9   25 0.333333
   282    9   26 1.000000
   282    9   27 0.333333
   282   10   11 0.583333
   282   10   12 0.583333
   282   10   13 0.333333
   282   10   14 0.583333
   282   10   15 0.583333
   282   10   16 0.583333
   282   10   17 0.583333
   282   10   19 0.583333
   282   10   20 1.000000
   282   10   21 0.333333
   282   10   22 0.333333
   282   10   23 0.333333
   282   10   24 0.333333
   282   10   25 0.333333
   282   10   26 1.000000
   282   10   27 0.333333
   282   11   12 1.000000
   282   11   13 0.354167
   282   11   14 1.000000
   282   11   15 1.000000
   282   11   16 1.000000
   282   11   17 0.937500
   282   11   19 1.000000
   282   11   20 0.583333
   282   11   21 0.354167
   282   11   22 0.354167
   282   11   23 0.354167
   282   11   24 0.354167
   282   11   25 0.354167
   282   11   26 0.583333
   282   11   27 0.354167
   282   12   13 0.354167
   282   12   14 1.000000
   282   12   15 1.000000
   282   12   16 1.000000
   282   12   17 0.937500
   282   12   19 1.000000
   282   12   20 0.583333
   282   12   21 0.354167
   282   12   22 0.354167
   282   12   23 0.354167
   282   12   24 0.354167
   282   12   25 0.354167
   282   12   26 0.583333
   282   12   27 0.354167
   282   13   14 0.354167
   282   13   15 0.354167
   282   13   16 0.354167
   282   13   17 0.354167
   282   13   19 0.354167
   282   13   20 0.333333
   282   13   21 1.000000
   282   13   22 1.000000
   282   13   23 1.000000
   282   13   24 1.000000
   282   13   25 1.000000
   282   13   26 0.333333
   282   13   27 1.000000
   282   14   15 1.000000
   282   14   16 1.000000
   282   14   17 0.937500
   282   14   19 1.000000
   282   14   20 0.583333
   282   14   21 0.354167
   282   14   22 0.354167
   282   14   23 0.354167
   282   14   24 0.354167
   282   14   25 0.354167
   282   14   26 0.583333
   282   14   27 0.354167
   282   15   16 1.000000
   282   15   17 0.937500
   282   15   19 1.000000
   282   15   20 0.583333
   282   15   21 0.354167
   282   15   22 0.354167
   282   15   23 0.354167
   282   15   24 0.354167
   282   15   25 0.354167
   282   15   26 0.583333
   282   15   27 0.354167
   282   16   17 0.937500
   282   16   19 1.000000
   282   16   20 0.583333
   282   16   21 0.354167
   282   16   22 0.354167
   282   16   23 0.354167
   282   16   24 0.354167
   282   16   25 0.354167
   282   16   26 0.583333
   282   16   27 0.354167
   282   17   19 0.937500
   282   17   20 0.583333
   282   17   21 0.354167
   282   17   22 0.354167
   282   17   23 0.354167
   282   17   24 0.354167
   282   17   25 0.354167
   282   17   26 0.583333
   282   17   27 0.354167
   282   19   20 0.583333
   282   19   21 0.354167
   282   19   22 0.354167
   282   19   23 0.354167
   282   19   24 0.354167
   282   19   25 0.354167
   282   19   26 0.583333
   282   19   27 0.354167
   282   20   21 0.333333
   282   20   22 0.333333
   282   20   23 0.333333
   282   20   24 0.333333
   282   20   25 0.333333
   282   20   26 1.000000
   282   20   27 0.333333
   282   21   22 1.000000
   282   21   23 1.000000
   282   21   24 1.000000
   282   21   25 1.000000
   282   21   26 0.333333
   282   21   27 1.000000
   282   22   23 1.000000
   282   22   24 1.000000
   282   22   25 1.000000
   282   22   26 0.333333
   282   22   27 1.000000
   282   23   24 1.000000
   282   23   25 1.000000
   282   23   26 0.333333
   282   23   27 1.000000
   282   24   25 1.000000
   282   24   26 0.333333
   282   24   27 1.000000
   282   25   26 0.333333
   282   25   27 1.000000
   282   26   27 0.333333
   283    2    4 1.000000
   283    2    5 1.000000
   283    2    6 1.000000
   283    2    7 1.000000
   283    2    8 0.333333
   283    2    9 1.000000
   283    2   10 1.000000
   283    2   11 0.854167
   283    2   12 0.854167
   283    2   13 0.333333
   283    2   14 0.854167
   283    2   15 0.854167
   283    2   16 0.854167
   283    2   17 0.854167
   283    2   18 1.000000
   283    2   19 0.854167
   283    2   20 1.000000
   283    2   21 0.333333
   283    2   22 0.333333
   283    2   23 0.333333
   283    2   24 0.333333
   283    2   25 0.333333
   283    2   26 1.000000
   283    2   27 0.333333
   283    4    5 1.000000
   283    4    6 1.000000
   283    4    7 1.000000
   283    4    8 0.333333
   283    4    9 1.000000
   283    4   10 1.000000
   283    4   11 0.854167
   283    4   12 0.854167
   283    4   13 0.333333
   283    4   14 0.854167
   283    4   15 0.854167
   283    4   16 0.854167
   283    4   17 0.854167
   283    4   18 1.000000
   283    4   19 0.854167
   283    4   20 1.000000
   283    4   21 0.333333
   283    4   22 0.333333
   283    4   23 0.333333
   283    4   24 0.333333
   283    4   25 0.333333
   283    4   26 1.000000
   283    4   27 0.333333
   283    5    6 1.000000
   283    5    7 1.000000
   283    5    8 0.333333
   283    5    9 1.000000
   283    5   10 1.000000
   283    5   11 0.854167
   283    5   12 0.854167
   283    5   13 0.333333
   283    5   14 0.854167
   283    5   15 0.854167
   283    5   16 0.854167
   283    5   17 0.854167
   283    5   18 1.000000
   283    5   19 0.854167
   283    5   20 1.000000
   283    5   21 0.333333
   283    5   22 0.333333
   283    5   23 0.333333
   283    5   24 0.333333
   283    5   25 0.333333
   283    5   26 1.000000
   283    5   27 0.333333
   283    6    7 1.000000
   283    6    8 0.333333
   283    6    9 1.000000
   283    6   10 1.000000
   283    6   11 0.854167
   283    6   12 0.854167
   283    6   13 0.333333
   283    6   14 0.854167
   283    6   15 0.854167
   283    6   16 0.854167
   283    6   17 0.854167
   283    6   18 1.000000
   283    6   19 0.854167
   283    6   20 1.000000
   283    6   21 0.333333
   283    6   22 0.333333
   283    6   23 0.333333
   283    6   24 0.333333
   283    6   25 0.333333
   283    6   26 1.000000
   283    6   27 0.333333
   283    7    8 0.333333
   283    7    9 1.000000
   283    7   10 1.000000
   283    7   11 0.854167
   283    7   12 0.854167
   283    7   13 0.333333
   283    7   14 0.854167
   283    7   15 0.854167
   283    7   16 0.854167
   283    7   17 0.854167
   283    7   18 1.000000
   283    7   19 0.854167
   283    7   20 1.000000
   283    7   21 0.333333
   283    7   22 0.333333
   283    7   23 0.333333
   283    7   24 0.333333
   283    7   25 0.333333
   283    7   26 1.000000
   283    7   27 0.333333
   283    8    9 0.333333
   283    8   10 0.333333
   283    8   11 0.354167
   283    8   12 0.354167
   283    8   13 1.000000
   283    8   14 0.354167
   283    8   15 0.354167
   283    8   16 0.354167
   283    8   17 0.354167
   283    8   18 0.333333
   283    8   19 0.354167
   283    8   20 0.333333
   283    8   21 1.000000
   283    8   22 1.000000
   283    8   23 1.000000
   283    8   24 1.000000
   283    8   25 1.000000
   283    8   26 0.333333
   283    8   27 1.000000
   283    9   10 1.000000
   283    9   11 0.854167
   283    9   12 0.854167
   283    9   13 0.333333
   283    9   14 0.854167
   283    9   15 0.854167
   283    9   16 0.854167
   283    9   17 0.854167
   283    9   18 1.000000
   283    9   19 0.854167
   283    9   20 1.000000
   283    9   21 0.333333
   283    9   22 0.333333
   283    9   23 0.333333
   283    9   24 0.333333
   283    9   25 0.333333
   283    9   26 1.000000
   283    9   27 0.333333
   283   10   11 0.854167
   283   10   12 0.854167
   283   10   13 0.333333
   283   10   14 0.854167
   283   10   15 0.854167
   283   10   16 0.854167
   283   10   17 0.854167
   283   10   18 1.000000
   283   10   19 0.854167
   283   10   20 1.000000
   283   10   21 0.333333
   283   10   22 0.333333
   283   10   23 0.333333
   283   10   24 0.333333
   283   10   25 0.333333
   283   10   26 1.000000
   283   10   27 0.333333
   283   11   12 1.000000
   283   11   13 0.354167
   283   11   14 1.000000
   283   11   15 1.000000
   283   11   16 1.000000
   283   11   17 0.937500
   283   11   18 0.854167
   283   11   19 1.000000
   283   11   20 0.854167
   283   11   21 0.354167
   283   11   22 0.354167
   283   11   23 0.354167
   283   11   24 0.354167
   283   11   25 0.354167
   283   11   26 0.854167
   283   11   27 0.354167
   283   12   13 0.354167
   283   12   14 1.000000
   283   12   15 1.000000
   283   12   16 1.000000
   283   12   17 0.937500
   283   12   18 0.854167
   283   12   19 1.000000
   283   12   20 0.854167
   283   12   21 0.354167
   283   12   22 0.354167
   283   12   23 0.354167
   283   12   24 0.354167
   283   12   25 0.354167
   283   12   26 0.854167
   283   12   27 0.354167
   283   13   14 0.354167
   283   13   15 0.354167
   283   13   16 0.354167
   283   13   17 0.354167
   283   13   18 0.333333
   283   13   19 0.354167
   283   13   20 0.333333
   283   13   21 1.000000
   283   13   22 1.000000
   283   13   23 1.000000
   283   13   24 1.000000
   283   13   25 1.000000
   283   13   26 0.333333
   283   13   27 1.000000
   283   14   15 1.000000
   283   14   16 1.000000
   283   14   17 0.937500
   283   14   18 0.854167
   283   14   19 1.000000
   283   14   20 0.854167
   283   14   21 0.354167
   283   14   22 0.354167
   283   14   23 0.354167
   283   14   24 0.354167
   283   14   25 0.354167
   283   14   26 0.854167
   283   14   27 0.354167
   283   15   16 1.000000
   283   15   17 0.937500
   283   15   18 0.854167
   283   15   19 1.000000
   283   15   20 0.854167
   283   15   21 0.354167
   283   15   22 0.354167
   283   15   23 0.354167
   283   15   24 0.354167
   283   15   25 0.354167
   283   15   26 0.854167
   283   15   27 0.354167
   283   16   17 0.937500
   283   16   18 0.854167
   283   16   19 1.000000
   283   16   20 0.854167
   283   16   21 0.354167
   283   16   22 0.354167
   283   16   23 0.354167
   283   16   24 0.354167
   283   16   25 0.354167
   283   16   26 0.854167
   283   16   27 0.354167
   283   17   18 0.854167
   283   17   19 0.937500
   283   17   20 0.854167
   283   17   21 0.354167
   283   17   22 0.354167
   283   17   23 0.354167
   283   17   24 0.354167
   283   17   25 0.354167
   283   17   26 0.854167
   283   17   27 0.354167
   283   18   19 0.854167
   283   18   20 1.000000
   283   18   21 0.333333
   283   18   22 0.333333
   283   18   23 0.333333
   283   18   24 0.333333
   283   18   25 0.333333
   283   18   26 1.000000
   283   18   27 0.333333
   283   19   20 0.854167
   283   19   21 0.354167
   283   19   22 0.354167
   283   19   23 0.354167
   283   19   24 0.354167
   283   19   25 0.354167
   283   19   26 0.854167
   283   19   27 0.354167
   283   20   21 0.333333
   283   20   22 0.333333
   283   20   23 0.333333
   283   20   24 0.333333
   283   20   25 0.333333
   283   20   26 1.000000
   283   20   27 0.333333
   283   21   22 1.000000
   283   21   23 1.000000
   283   21   24 1.000000
   283   21   25 1.000000
   283   21   26 0.333333
   283   21   27 1.000000
   283   22   23 1.000000
   283   22   24 1.000000
   283   22   25 1.000000
   283   22   26 0.333333
   283   22   27 1.000000
   283   23   24 1.000000
   283   23   25 1.000000
   283   23   26 0.333333
   283   23   27 1.000000
   283   24   25 1.000000
   283   24   26 0.333333
   283   24   27 1.000000
   283   25   26 0.333333
   283   25   27 1.000000
   283   26   27 0.333333
   284    1    2 0.979167
   284    1    3 0.979167
   284    1    4 0.979167
   284    1    5 0.979167
   284    1    6 0.979167
   284    1    7 0.979167
   284    1    8 0.979167
   284    1    9 0.979167
   284    1   10 0.979167
   284    1   11 0.979167
   284    1   12 0.979167
   284    1   13 0.979167
   284    1   14 0.979167
   284    1   15 0.979167
   284    1   16 0.979167
   284    1   17 0.979167
   284    1   18 0.979167
   284    1   19 0.979167
   284    1   20 0.979167
   284    1   21 0.979167
   284    1   22 0.979167
   284    1   23 0.979167
   284    1   24 0.979167
   284    1   25 0.979167
   284    1   26 0.979167
   284    1   27 0.979167
   284    2    3 1.000000
   284    2    4 1.000000
   284    2    5 1.000000
   284    2    6 1.000000
   284    2    7 1.000000
   284    2    8 1.000000
   284    2    9 1.000000
   284    2   10 1.000000
   284    2   11 1.000000
   284    2   12 1.000000
   284    2   13 1.000000
   284    2   14 1.000000
   284    2   15 1.000000
   284    2   16 1.000000
   284    2   17 1.000000
   284    2   18 1.000000
   284    2   19 1.000000
   284    2   20 1.000000
   284    2   21 1.000000
   284    2   22 1.000000
   284    2   23 1.000000
   284    2   24 1.000000
   284    2   25 1.000000
   284    2   26 1.000000
   284    2   27 1.000000
   284    3    4 1.000000
   284    3    5 1.000000
   284    3    6 1.000000
   284    3    7 1.000000
   284    3    8 1.000000
   284    3    9 1.000000
   284    3   10 1.000000
   284    3   11 1.000000
   284    3   12 1.000000
   284    3   13 1.000000
   284    3   14 1.000000
   284    3   15 1.000000
   284    3   16 1.000000
   284    3   17 1.000000
   284    3   18 1.000000
   284    3   19 1.000000
   284    3   20 1.000000
   284    3   21 1.000000
   284    3   22 1.000000
   284    3   23 1.000000
   284    3   24 1.000000
   284    3   25 1.000000
   284    3   26 1.000000
   284    3   27 1.000000
   284    4    5 1.000000
   284    4    6 1.000000
   284    4    7 1.000000
   284    4    8 1.000000
   284    4    9 1.000000
   284    4   10 1.000000
   284    4   11 1.000000
   284    4   12 1.000000
   284    4   13 1.000000
   284    4   14 1.000000
   284    4   15 1.000000
   284    4   16 1.000000
   284    4   17 1.000000
   284    4   18 1.000000
   284    4   19 1.000000
   284    4   20 1.000000
   284    4   21 1.000000
   284    4   22 1.000000
   284    4   23 1.000000
   284    4   24 1.000000
   284    4   25 1.000000
   284    4   26 1.000000
   284    4   27 1.000000
   284    5    6 1.000000
   284    5    7 1.000000
   284    5    8 1.000000
   284    5    9 1.000000
   284    5   10 1.000000
   284    5   11 1.000000
   284    5   12 1.000000
   284    5   13 1.000000
   284    5   14 1.000000
   284    5   15 1.000000
   284    5   16 1.000000
   284    5   17 1.000000
   284    5   18 1.000000
   284    5   19 1.000000
   284    5   20 1.000000
   284    5   21 1.000000
   284    5   22 1.000000
   284    5   23 1.000000
   284    5   24 1.000000
   284    5   25 1.000000
   284    5   26 1.000000
   284    5   27 1.000000
   284    6    7 1.000000
   284    6    8 1.000000
   284    6    9 1.000000
   284    6   10 1.000000
   284    6   11 1.000000
   284    6   12 1.000000
   284    6   13 1.000000
   284    6   14 1.000000
   284    6   15 1.000000
   284    6   16 1.000000
   284    6   17 1.000000
   284    6   18 1.000000
   284    6   19 1.000000
   284    6   20 1.000000
   284    6   21 1.000000
   284    6   22 1.000000
   284    6   23 1.000000
   284    6   24 1.000000
   284    6   25 1.000000
   284    6   26 1.000000
   284    6   27 1.000000
   284    7    8 1.000000
   284    7    9 1.000000
   284    7   10 1.000000
   284    7   11 1.000000
   284    7   12 1.000000
   284    7   13 1.000000
   284    7   14 1.000000
   284    7   15 1.000000
   284    7   16 1.000000
   284    7   17 1.000000
   284    7   18 1.000000
   284    7   19 1.000000
   284    7   20 1.000000
   284    7   21 1.000000
   284    7   22 1.000000
   284    7   23 1.000000
   284    7   24 1.000000
   284    7   25 1.000000
   284    7   26 1.000000
   284    7   27 1.000000
   284    8    9 1.000000
   284    8   10 1.000000
   284    8   11 1.000000
   284    8   12 1.000000
   284    8   13 1.000000
   284    8   14 1.000000
   284    8   15 1.000000
   284    8   16 1.000000
   284    8   17 1.000000
   284    8   18 1.000000
   284    8   19 1.000000
   284    8   20 1.000000
   284    8   21 1.000000
   284    8   22 1.000000
   284    8   23 1.000000
   284    8   24 1.000000
   284    8   25 1.000000
   284    8   26 1.000000
   284    8   27 1.000000
   284    9   10 1.000000
   284    9   11 1.000000
   284    9   12 1.000000
   284    9   13 1.000000
   284    9   14 1.000000
   284    9   15 1.000000
   284    9   16 1.000000
   284    9   17 1.000000
   284    9   18 1.000000
   284    9   19 1.000000
   284    9   20 1.000000
   284    9   21 1.000000
   284    9   22 1.000000
   284    9   23 1.000000
   284    9   24 1.000000
   284    9   25 1.000000
   284    9   26 1.000000
   284    9   27 1.000000
   284   10   11 1.000000
   284   10   12 1.000000
   284   10   13 1.000000
   284   10   14 1.000000
   284   10   15 1.000000
   284   10   16 1.000000
   284   10   17 1.000000
   284   10   18 1.000000
   284   10   19 1.000000
   284   10   20 1.000000
   284   10   21 1.000000
   284   10   22 1.000000
   284   10   23 1.000000
   284   10   24 1.000000
   284   10   25 1.000000
   284   10   26 1.000000
   284   10   27 1.000000
   284   11   12 1.000000
   284   11   13 1.000000
   284   11   14 1.000000
   284   11   15 1.000000
   284   11   16 1.000000
   284   11   17 1.000000
   284   11   18 1.000000
   284   11   19 1.000000
   284   11   20 1.000000
   284   11   21 1.000000
   284   11   22 1.000000
   284   11   23 1.000000
   284   11   24 1.000000
   284   11   25 1.000000
   284   11   26 1.000000
   284   11   27 1.000000
   284   12   13 1.000000
   284   12   14 1.000000
   284   12   15 1.000000
   284   12   16 1.000000
   284   12   17 1.000000
   284   12   18 1.000000
   284   12   19 1.000000
   284   12   20 1.000000
   284   12   21 1.000000
   284   12   22 1.000000
   284   12   23 1.000000
   284   12   24 1.000000
   284   12   25 1.000000
   284   12   26 1.000000
   284   12   27 1.000000
   284   13   14 1.000000
   284   13   15 1.000000
   284   13   16 1.000000
   284   13   17 1.000000
   284   13   18 1.000000
   284   13   19 1.000000
   284   13   20 1.000000
   284   13   21 1.000000
   284   13   22 1.000000
   284   13   23 1.000000
   284   13   24 1.000000
   284   13   25 1.000000
   284   13   26 1.000000
   284   13   27 1.000000
   284   14   15 1.000000
   284   14   16 1.000000
   284   14   17 1.000000
   284   14   18 1.000000
   284   14   19 1.000000
   284   14   20 1.000000
   284   14   21 1.000000
   284   14   22 1.000000
   284   14   23 1.000000
   284   14   24 1.000000
   284   14   25 1.000000
   284   14   26 1.000000
   284   14   27 1.000000
   284   15   16 1.000000
   284   15   17 1.000000
   284   15   18 1.000000
   284   15   19 1.000000
   284   15   20 1.000000
   284   15   21 1.000000
   284   15   22 1.000000
   284   15   23 1.000000
   284   15   24 1.000000
   284   15   25 1.000000
   284   15   26 1.000000
   284   15   27 1.000000
   284   16   17 1.000000
   284   16   18 1.000000
   284   16   19 1.000000
   284   16   20 1.000000
   284   16   21 1.000000
   284   16   22 1.000000
   284   16   23 1.000000
   284   16   24 1.000000
   284   16   25 1.000000
   284   16   26 1.000000
   284   16   27 1.000000
   284   17   18 1.000000
   284   17   19 1.000000
   284   17   20 1.000000
   284   17   21 1.000000
   284   17   22 1.000000
   284   17   23 1.000000
   284   17   24 1.000000
   284   17   25 1.000000
   284   17   26 1.000000
   284   17   27 1.000000
   284   18   19 1.000000
   284   18   20 1.000000
   284   18   21 1.000000
   284   18   22 1.000000
   284   18   23 1.000000
   284   18   24 1.000000
   284   18   25 1.000000
   284   18   26 1.000000
   284   18   27 1.000000
   284   19   20 1.000000
   284   19   21 1.000000
   284   19   22 1.000000
   284   19   23 1.000000
   284   19   24 1.000000
   284   19   25 1.000000
   284   19   26 1.000000
   284   19   27 1.000000
   284   20   21 1.000000
   284   20   22 1.000000
   284   20   23 1.000000
   284   20   24 1.000000
   284   20   25 1.000000
   284   20   26 1.000000
   284   20   27 1.000000
   284   21   22 1.000000
   284   21   23 1.000000
   284   21   24 1.000000
   284   21   25 1.000000
   284   21   26 1.000000
   284   21   27 1.000000
   284   22   23 1.000000
   284   22   24 1.000000
   284   22   25 1.000000
   284   22   26 1.000000
   284   22   27 1.000000
   284   23   24 1.000000
   284   23   25 1.000000
   284   23   26 1.000000
   284   23   27 1.000000
   284   24   25 1.000000
   284   24   26 1.000000
   284   24   27 1.000000
   284   25   26 1.000000
   284   25   27 1.000000
   284   26   27 1.000000
   285    1    2 0.979167
   285    1    3 0.979167
   285    1    4 0.979167
   285    1    5 0.979167
   285    1    6 0.979167
   285    1    7 0.979167
   285    1    8 0.979167
   285    1    9 0.979167
   285    1   10 0.979167
   285    1   11 0.979167
   285    1   12 0.979167
   285    1   13 0.979167
   285    1   14 0.979167
   285    1   15 0.979167
   285    1   16 0.979167
   285    1   17 0.979167
   285    1   18 0.979167
   285    1   19 0.979167
   285    1   20 0.979167
   285    1   21 0.979167
   285    1   22 0.979167
   285    1   23 0.979167
   285    1   24 0.979167
   285    1   25 0.979167
   285    1   26 0.979167
   285    1   27 0.979167
   285    2    3 1.000000
   285    2    4 1.000000
   285    2    5 1.000000
   285    2    6 1.000000
   285    2    7 1.000000
   285    2    8 1.000000
   285    2    9 1.000000
   285    2   10 1.000000
   285    2   11 1.000000
   285    2   12 1.000000
   285    2   13 1.000000
   285    2   14 1.000000
   285    2   15 1.000000
   285    2   16 1.000000
   285    2   17 1.000000
   285    2   18 1.000000
   285    2   19 1.000000
   285    2   20 1.000000
   285    2   21 1.000000
   285    2   22 1.000000
   285    2   23 1.000000
   285    2   24 1.000000
   285    2   25 1.000000
   285    2   26 1.000000
   285    2   27 1.000000
   285    3    4 1.000000
   285    3    5 1.000000
   285    3    6 1.000000
   285    3    7 1.000000
   285    3    8 1.000000
   285    3    9 1.000000
   285    3   10 1.000000
   285    3   11 1.000000
   285    3   12 1.000000
   285    3   13 1.000000
   285    3   14 1.000000
   285    3   15 1.000000
   285    3   16 1.000000
   285    3   17 1.000000
   285    3   18 1.000000
   285    3   19 1.000000
   285    3   20 1.000000
   285    3   21 1.000000
   285    3   22 1.000000
   285    3   23 1.000000
   285    3   24 1.000000
   285    3   25 1.000000
   285    3   26 1.000000
   285    3   27 1.000000
   285    4    5 1.000000
   285    4    6 1.000000
   285    4    7 1.000000
   285    4    8 1.000000
   285    4    9 1.000000
   285    4   10 1.000000
   285    4   11 1.000000
   285    4   12 1.000000
   285    4   13 1.000000
   285    4   14 1.000000
   285    4   15 1.000000
   285    4   16 1.000000
   285    4   17 1.000000
   285    4   18 1.000000
   285    4   19 1.000000
   285    4   20 1.000000
   285    4   21 1.000000
   285    4   22 1.000000
   285    4   23 1.000000
   285    4   24 1.000000
   285    4   25 1.000000
   285    4   26 1.000000
   285    4   27 1.000000
   285    5    6 1.000000
   285    5    7 1.000000
   285    5    8 1.000000
   285    5    9 1.000000
   285    5   10 1.000000
   285    5   11 1.000000
   285    5   12 1.000000
   285    5   13 1.000000
   285    5   14 1.000000
   285    5   15 1.000000
   285    5   16 1.000000
   285    5   17 1.000000
   285    5   18 1.000000
   285    5   19 1.000000
   285    5   20 1.000000
   285    5   21 1.000000
   285    5   22 1.000000
   285    5   23 1.000000
   285    5   24 1.000000
   285    5   25 1.000000
   285    5   26 1.000000
   285    5   27 1.000000
   285    6    7 1.000000
   285    6    8 1.000000
   285    6    9 1.000000
   285    6   10 1.000000
   285    6   11 1.000000
   285    6   12 1.000000
   285    6   13 1.000000
   285    6   14 1.000000
   285    6   15 1.000000
   285    6   16 1.000000
   285    6   17 1.000000
   285    6   18 1.000000
   285    6   19 1.000000
   285    6   20 1.000000
   285    6   21 1.000000
   285    6   22 1.000000
   285    6   23 1.000000
   285    6   24 1.000000
   285    6   25 1.000000
   285    6   26 1.000000
   285    6   27 1.000000
   285    7    8 1.000000
   285    7    9 1.000000
   285    7   10 1.000000
   285    7   11 1.000000
   285    7   12 1.000000
   285    7   13 1.000000
   285    7   14 1.000000
   285    7   15 1.000000
   285    7   16 1.000000
   285    7   17 1.000000
   285    7   18 1.000000
   285    7   19 1.000000
   285    7   20 1.000000
   285    7   21 1.000000
   285    7   22 1.000000
   285    7   23 1.000000
   285    7   24 1.000000
   285    7   25 1.000000
   285    7   26 1.000000
   285    7   27 1.000000
   285    8    9 1.000000
   285    8   10 1.000000
   285    8   11 1.000000
   285    8   12 1.000000
   285    8   13 1.000000
   285    8   14 1.000000
   285    8   15 1.000000
   285    8   16 1.000000
   285    8   17 1.000000
   285    8   18 1.000000
   285    8   19 1.000000
   285    8   20 1.000000
   285    8   21 1.000000
   285    8   22 1.000000
   285    8   23 1.000000
   285    8   24 1.000000
   285    8   25 1.000000
   285    8   26 1.000000
   285    8   27 1.000000
   285    9   10 1.000000
   285    9   11 1.000000
   285    9   12 1.000000
   285    9   13 1.000000
   285    9   14 1.000000
   285    9   15 1.000000
   285    9   16 1.000000
   285    9   17 1.000000
   285    9   18 1.000000
   285    9   19 1.000000
   285    9   20 1.000000
   285    9   21 1.000000
   285    9   22 1.000000
   285    9   23 1.000000
   285    9   24 1.000000
   285    9   25 1.000000
   285    9   26 1.000000
   285    9   27 1.000000
   285   10   11 1.000000
   285   10   12 1.000000
   285   10   13 1.000000
   285   10   14 1.000000
   285   10   15 1.000000
   285   10   16 1.000000
   285   10   17 1.000000
   285   10   18 1.000000
   285   10   19 1.000000
   285   10   20 1.000000
   285   10   21 1.000000
   285   10   22 1.000000
   285   10   23 1.000000
   285   10   24 1.000000
   285   10   25 1.000000
   285   10   26 1.000000
   285   10   27 1.000000
   285   11   12 1.000000
   285   11   13 1.000000
   285   11   14 1.000000
   285   11   15 1.000000
   285   11   16 1.000000
   285   11   17 1.000000
   285   11   18 1.000000
   285   11   19 1.000000
   285   11   20 1.000000
   285   11   21 1.000000
   285   11   22 1.000000
   285   11   23 1.000000
   285   11   24 1.000000
   285   11   25 1.000000
   285   11   26 1.000000
   285   11   27 1.000000
   285   12   13 1.000000
   285   12   14 1.000000
   285   12   15 1.000000
   285   12   16 1.000000
   285   12   17 1.000000
   285   12   18 1.000000
   285   12   19 1.000000
   285   12   20 1.000000
   285   12   21 1.000000
   285   12   22 1.000000
   285   12   23 1.000000
   285   12   24 1.000000
   285   12   25 1.000000
   285   12   26 1.000000
   285   12   27 1.000000
   285   13   14 1.000000
   285   13   15 1.000000
   285   13   16 1.000000
   285   13   17 1.000000
   285   13   18 1.000000
   285   13   19 1.000000
   285   13   20 1.000000
   285   13   21 1.000000
   285   13   22 1.000000
   285   13   23 1.000000
   285   13   24 1.000000
   285   13   25 1.000000
   285   13   26 1.000000
   285   13   27 1.000000
   285   14   15 1.000000
   285   14   16 1.000000
   285   14   17 1.000000
   285   14   18 1.000000
   285   14   19 1.000000
   285   14   20 1.000000
   285   14   21 1.000000
   285   14   22 1.000000
   285   14   23 1.000000
   285   14   24 1.000000
   285   14   25 1.000000
   285   14   26 1.000000
   285   14   27 1.000000
   285   15   16 1.000000
   285   15   17 1.000000
   285   15   18 1.000000
   285   15   19 1.000000
   285   15   20 1.000000
   285   15   21 1.000000
   285   15   22 1.000000
   285   15   23 1.000000
   285   15   24 1.000000
   285   15   25 1.000000
   285   15   26 1.000000
   285   15   27 1.000000
   285   16   17 1.000000
   285   16   18 1.000000
   285   16   19 1.000000
   285   16   20 1.000000
   285   16   21 1.000000
   285   16   22 1.000000
   285   16   23 1.000000
   285   16   24 1.000000
   285   16   25 1.000000
   285   16   26 1.000000
   285   16   27 1.000000
   285   17   18 1.000000
   285   17   19 1.000000
   285   17   20 1.000000
   285   17   21 1.000000
   285   17   22 1.000000
   285   17   23 1.000000
   285   17   24 1.000000
   285   17   25 1.000000
   285   17   26 1.000000
   285   17   27 1.000000
   285   18   19 1.000000
   285   18   20 1.000000
   285   18   21 1.000000
   285   18   22 1.000000
   285   18   23 1.000000
   285   18   24 1.000000
   285   18   25 1.000000
   285   18   26 1.000000
   285   18   27 1.000000
   285   19   20 1.000000
   285   19   21 1.000000
   285   19   22 1.000000
   285   19   23 1.000000
   285   19   24 1.000000
   285   19   25 1.000000
   285   19   26 1.000000
   285   19   27 1.000000
   285   20   21 1.000000
   285   20   22 1.000000
   285   20   23 1.000000
   285   20   24 1.000000
   285   20   25 1.000000
   285   20   26 1.000000
   285   20   27 1.000000
   285   21   22 1.000000
   285   21   23 1.000000
   285   21   24 1.000000
   285   21   25 1.000000
   285   21   26 1.000000
   285   21   27 1.000000
   285   22   23 1.000000
   285   22   24 1.000000
   285   22   25 1.000000
   285   22   26 1.000000
   285   22   27 1.000000
   285   23   24 1.000000
   285   23   25 1.000000
   285   23   26 1.000000
   285   23   27 1.000000
   285   24   25 1.000000
   285   24   26 1.000000
   285   24   27 1.000000
   285   25   26 1.000000
   285   25   27 1.000000
   285   26   27 1.000000
   286    1    2 0.979167
   286    1    3 0.979167
   286    1    4 0.979167
   286    1    5 0.979167
   286    1    6 0.979167
   286    1    7 0.979167
   286    1    8 0.979167
   286    1    9 0.979167
   286    1   10 0.979167
   286    1   11 0.979167
   286    1   12 0.979167
   286    1   13 0.979167
   286    1   14 0.979167
   286    1   15 0.979167
   286    1   16 0.979167
   286    1   17 0.979167
   286    1   18 0.979167
   286    1   19 0.979167
   286    1   20 0.979167
   286    1   21 0.979167
   286    1   22 0.979167
   286    1   23 0.979167
   286    1   24 0.979167
   286    1   25 0.979167
   286    1   26 0.979167
   286    1   27 0.979167
   286    2    3 1.000000
   286    2    4 1.000000
   286    2    5 1.000000
   286    2    6 1.000000
   286    2    7 1.000000
   286    2    8 1.000000
   286    2    9 1.000000
   286    2   10 1.000000
   286    2   11 1.000000
   286    2   12 1.000000
   286    2   13 1.000000
   286    2   14 1.000000
   286    2   15 1.000000
   286    2   16 1.000000
   286    2   17 1.000000
   286    2   18 1.000000
   286    2   19 1.000000
   286    2   20 1.000000
   286    2   21 1.000000
   286    2   22 1.000000
   286    2   23 1.000000
   286    2   24 1.000000
   286    2   25 1.000000
   286    2   26 1.000000
   286    2   27 1.000000
   286    3    4 1.000000
   286    3    5 1.000000
   286    3    6 1.000000
   286    3    7 1.000000
   286    3    8 1.000000
   286    3    9 1.000000
   286    3   10 1.000000
   286    3   11 1.000000
   286    3   12 1.000000
   286    3   13 1.000000
   286    3   14 1.000000
   286    3   15 1.000000
   286    3   16 1.000000
   286    3   17 1.000000
   286    3   18 1.000000
   286    3   19 1.000000
   286    3   20 1.000000
   286    3   21 1.000000
   286    3   22 1.000000
   286    3   23 1.000000
   286    3   24 1.000000
   286    3   25 1.000000
   286    3   26 1.000000
   286    3   27 1.000000
   286    4    5 1.000000
   286    4    6 1.000000
   286    4    7 1.000000
   286    4    8 1.000000
   286    4    9 1.000000
   286    4   10 1.000000
   286    4   11 1.000000
   286    4   12 1.000000
   286    4   13 1.000000
   286    4   14 1.000000
   286    4   15 1.000000
   286    4   16 1.000000
   286    4   17 1.000000
   286    4   18 1.000000
   286    4   19 1.000000
   286    4   20 1.000000
   286    4   21 1.000000
   286    4   22 1.000000
   286    4   23 1.000000
   286    4   24 1.000000
   286    4   25 1.000000
   286    4   26 1.000000
   286    4   27 1.000000
   286    5    6 1.000000
   286    5    7 1.000000
   286    5    8 1.000000
   286    5    9 1.000000
   286    5   10 1.000000
   286    5   11 1.000000
   286    5   12 1.000000
   286    5   13 1.000000
   286    5   14 1.000000
   286    5   15 1.000000
   286    5   16 1.000000
   286    5   17 1.000000
   286    5   18 1.000000
   286    5   19 1.000000
   286    5   20 1.000000
   286    5   21 1.000000
   286    5   22 1.000000
   286    5   23 1.000000
   286    5   24 1.000000
   286    5   25 1.000000
   286    5   26 1.000000
   286    5   27 1.000000
   286    6    7 1.000000
   286    6    8 1.000000
   286    6    9 1.000000
   286    6   10 1.000000
   286    6   11 1.000000
   286    6   12 1.000000
   286    6   13 1.000000
   286    6   14 1.000000
   286    6   15 1.000000
   286    6   16 1.000000
   286    6   17 1.000000
   286    6   18 1.000000
   286    6   19 1.000000
   286    6   20 1.000000
   286    6   21 1.000000
   286    6   22 1.000000
   286    6   23 1.000000
   286    6   24 1.000000
   286    6   25 1.000000
   286    6   26 1.000000
   286    6   27 1.000000
   286    7    8 1.000000
   286    7    9 1.000000
   286    7   10 1.000000
   286    7   11 1.000000
   286    7   12 1.000000
   286    7   13 1.000000
   286    7   14 1.000000
   286    7   15 1.000000
   286    7   16 1.000000
   286    7   17 1.000000
   286    7   18 1.000000
   286    7   19 1.000000
   286    7   20 1.000000
   286    7   21 1.000000
   286    7   22 1.000000
   286    7   23 1.000000
   286    7   24 1.000000
   286    7   25 1.000000
   286    7   26 1.000000
   286    7   27 1.000000
   286    8    9 1.000000
   286    8   10 1.000000
   286    8   11 1.000000
   286    8   12 1.000000
   286    8   13 1.000000
   286    8   14 1.000000
   286    8   15 1.000000
   286    8   16 1.000000
   286    8   17 1.000000
   286    8   18 1.000000
   286    8   19 1.000000
   286    8   20 1.000000
   286    8   21 1.000000
   286    8   22 1.000000
   286    8   23 1.000000
   286    8   24 1.000000
   286    8   25 1.000000
   286    8   26 1.000000
   286    8   27 1.000000
   286    9   10 1.000000
   286    9   11 1.000000
   286    9   12 1.000000
   286    9   13 1.000000
   286    9   14 1.000000
   286    9   15 1.000000
   286    9   16 1.000000
   286    9   17 1.000000
   286    9   18 1.000000
   286    9   19 1.000000
   286    9   20 1.000000
   286    9   21 1.000000
   286    9   22 1.000000
   286    9   23 1.000000
   286    9   24 1.000000
   286    9   25 1.000000
   286    9   26 1.000000
   286    9   27 1.000000
   286   10   11 1.000000
   286   10   12 1.000000
   286   10   13 1.000000
   286   10   14 1.000000
   286   10   15 1.000000
   286   10   16 1.000000
   286   10   17 1.000000
   286   10   18 1.000000
   286   10   19 1.000000
   286   10   20 1.000000
   286   10   21 1.000000
   286   10   22 1.000000
   286   10   23 1.000000
   286   10   24 1.000000
   286   10   25 1.000000
   286   10   26 1.000000
   286   10   27 1.000000
   286   11   12 1.000000
   286   11   13 1.000000
   286   11   14 1.000000
   286   11   15 1.000000
   286   11   16 1.000000
   286   11   17 1.000000
   286   11   18 1.000000
   286   11   19 1.000000
   286   11   20 1.000000
   286   11   21 1.000000
   286   11   22 1.000000
   286   11   23 1.000000
   286   11   24 1.000000
   286   11   25 1.000000
   286   11   26 1.000000
   286   11   27 1.000000
   286   12   13 1.000000
   286   12   14 1.000000
   286   12   15 1.000000
   286   12   16 1.000000
   286   12   17 1.000000
   286   12   18 1.000000
   286   12   19 1.000000
   286   12   20 1.000000
   286   12   21 1.000000
   286   12   22 1.000000
   286   12   23 1.000000
   286   12   24 1.000000
   286   12   25 1.000000
   286   12   26 1.000000
   286   12   27 1.000000
   286   13   14 1.000000
   286   13   15 1.000000
   286   13   16 1.000000
   286   13   17 1.000000
   286   13   18 1.000000
   286   13   19 1.000000
   286   13   20 1.000000
   286   13   21 1.000000
   286   13   22 1.000000
   286   13   23 1.000000
   286   13   24 1.000000
   286   13   25 1.000000
   286   13   26 1.000000
   286   13   27 1.000000
   286   14   15 1.000000
   286   14   16 1.000000
   286   14   17 1.000000
   286   14   18 1.000000
   286   14   19 1.000000
   286   14   20 1.000000
   286   14   21 1.000000
   286   14   22 1.000000
   286   14   23 1.000000
   286   14   24 1.000000
   286   14   25 1.000000
   286   14   26 1.000000
   286   14   27 1.000000
   286   15   16 1.000000
   286   15   17 1.000000
   286   15   18 1.000000
   286   15   19 1.000000
   286   15   20 1.000000
   286   15   21 1.000000
   286   15   22 1.000000
   286   15   23 1.000000
   286   15   24 1.000000
   286   15   25 1.000000
   286   15   26 1.000000
   286   15   27 1.000000
   286   16   17 1.000000
   286   16   18 1.000000
   286   16   19 1.000000
   286   16   20 1.000000
   286   16   21 1.000000
   286   16   22 1.000000
   286   16   23 1.000000
   286   16   24 1.000000
   286   16   25 1.000000
   286   16   26 1.000000
   286   16   27 1.000000
   286   17   18 1.000000
   286   17   19 1.000000
   286   17   20 1.000000
   286   17   21 1.000000
   286   17   22 1.000000
   286   17   23 1.000000
   286   17   24 1.000000
   286   17   25 1.000000
   286   17   26 1.000000
   286   17   27 1.000000
   286   18   19 1.000000
   286   18   20 1.000000
   286   18   21 1.000000
   286   18   22 1.000000
   286   18   23 1.000000
   286   18   24 1.000000
   286   18   25 1.000000
   286   18   26 1.000000
   286   18   27 1.000000
   286   19   20 1.000000
   286   19   21 1.000000
   286   19   22 1.000000
   286   19   23 1.000000
   286   19   24 1.000000
   286   19   25 1.000000
   286   19   26 1.000000
   286   19   27 1.000000
   286   20   21 1.000000
   286   20   22 1.000000
   286   20   23 1.000000
   286   20   24 1.000000
   286   20   25 1.000000
   286   20   26 1.000000
   286   20   27 1.000000
   286   21   22 1.000000
   286   21   23 1.000000
   286   21   24 1.000000
   286   21   25 1.000000
   286   21   26 1.000000
   286   21   27 1.000000
   286   22   23 1.000000
   286   22   24 1.000000
   286   22   25 1.000000
   286   22   26 1.000000
   286   22   27 1.000000
   286   23   24 1.000000
   286   23   25 1.000000
   286   23   26 1.000000
   286   23   27 1.000000
   286   24   25 1.000000
   286   24   26 1.000000
   286   24   27 1.000000
   286   25   26 1.000000
   286   25   27 1.000000
   286   26   27 1.000000
   287    1    2 0.979167
   287    1    3 0.979167
   287    1    4 0.979167
   287    1    5 0.979167
   287    1    6 0.979167
   287    1    7 0.979167
   287    1    8 0.979167
   287    1    9 0.979167
   287    1   10 0.979167
   287    1   11 0.979167
   287    1   12 0.979167
   287    1   13 0.979167
   287    1   14 0.979167
   287    1   15 0.979167
   287    1   16 0.979167
   287    1   17 0.979167
   287    1   18 0.979167
   287    1   19 0.979167
   287    1   20 0.979167
   287    1   21 0.979167
   287    1   22 0.979167
   287    1   23 0.979167
   287    1   24 0.979167
   287    1   25 0.979167
   287    1   26 0.979167
   287    1   27 0.979167
   287    2    3 1.000000
   287    2    4 1.000000
   287    2    5 1.000000
   287    2    6 1.000000
   287    2    7 1.000000
   287    2    8 1.000000
   287    2    9 1.000000
   287    2   10 1.000000
   287    2   11 1.000000
   287    2   12 1.000000
   287    2   13 1.000000
   287    2   14 1.000000
   287    2   15 1.000000
   287    2   16 1.000000
   287    2   17 1.000000
   287    2   18 1.000000
   287    2   19 1.000000
   287    2   20 1.000000
   287    2   21 1.000000
   287    2   22 1.000000
   287    2   23 1.000000
   287    2   24 1.000000
   287    2   25 1.000000
   287    2   26 1.000000
   287    2   27 1.000000
   287    3    4 1.000000
   287    3    5 1.000000
   287    3    6 1.000000
   287    3    7 1.000000
   287    3    8 1.000000
   287    3    9 1.000000
   287    3   10 1.000000
   287    3   11 1.000000
   287    3   12 1.000000
   287    3   13 1.000000
   287    3   14 1.000000
   287    3   15 1.000000
   287    3   16 1.000000
   287    3   17 1.000000
   287    3   18 1.000000
   287    3   19 1.000000
   287    3   20 1.000000
   287    3   21 1.000000
   287    3   22 1.000000
   287    3   23 1.000000
   287    3   24 1.000000
   287    3   25 1.000000
   287    3   26 1.000000
   287    3   27 1.000000
   287    4    5 1.000000
   287    4    6 1.000000
   287    4    7 1.000000
   287    4    8 1.000000
   287    4    9 1.000000
   287    4   10 1.000000
   287    4   11 1.000000
   287    4   12 1.000000
   287    4   13 1.000000
   287    4   14 1.000000
   287    4   15 1.000000
   287    4   16 1.000000
   287    4   17 1.000000
   287    4   18 1.000000
   287    4   19 1.000000
   287    4   20 1.000000
   287    4   21 1.000000
   287    4   22 1.000000
   287    4   23 1.000000
   287    4   24 1.000000
   287    4   25 1.000000
   287    4   26 1.000000
   287    4   27 1.000000
   287    5    6 1.000000
   287    5    7 1.000000
   287    5    8 1.000000
   287    5    9 1.000000
   287    5   10 1.000000
   287    5   11 1.000000
   287    5   12 1.000000
   287    5   13 1.000000
   287    5   14 1.000000
   287    5   15 1.000000
   287    5   16 1.000000
   287    5   17 1.000000
   287    5   18 1.000000
   287    5   19 1.000000
   287    5   20 1.000000
   287    5   21 1.000000
   287    5   22 1.000000
   287    5   23 1.000000
   287    5   24 1.000000
   287    5   25 1.000000
   287    5   26 1.000000
   287    5   27 1.000000
   287    6    7 1.000000
   287    6    8 1.000000
   287    6    9 1.000000
   287    6   10 1.000000
   287    6   11 1.000000
   287    6   12 1.000000
   287    6   13 1.000000
   287    6   14 1.000000
   287    6   15 1.000000
   287    6   16 1.000000
   287    6   17 1.000000
   287    6   18 1.000000
   287    6   19 1.000000
   287    6   20 1.000000
   287    6   21 1.000000
   287    6   22 1.000000
   287    6   23 1.000000
   287    6   24 1.000000
   287    6   25 1.000000
   287    6   26 1.000000
   287    6   27 1.000000
   287    7    8 1.000000
   287    7    9 1.000000
   287    7   10 1.000000
   287    7   11 1.000000
   287    7   12 1.000000
   287    7   13 1.000000
   287    7   14 1.000000
   287    7   15 1.000000
   287    7   16 1.000000
   287    7   17 1.000000
   287    7   18 1.000000
   287    7   19 1.000000
   287    7   20 1.000000
   287    7   21 1.000000
   287    7   22 1.000000
   287    7   23 1.000000
   287    7   24 1.000000
   287    7   25 1.000000
   287    7   26 1.000000
   287    7   27 1.000000
   287    8    9 1.000000
   287    8   10 1.000000
   287    8   11 1.000000
   287    8   12 1.000000
   287    8   13 1.000000
   287    8   14 1.000000
   287    8   15 1.000000
   287    8   16 1.000000
   287    8   17 1.000000
   287    8   18 1.000000
   287    8   19 1.000000
   287    8   20 1.000000
   287    8   21 1.000000
   287    8   22 1.000000
   287    8   23 1.000000
   287    8   24 1.000000
   287    8   25 1.000000
   287    8   26 1.000000
   287    8   27 1.000000
   287    9   10 1.000000
   287    9   11 1.000000
   287    9   12 1.000000
   287    9   13 1.000000
   287    9   14 1.000000
   287    9   15 1.000000
   287    9   16 1.000000
   287    9   17 1.000000
   287    9   18 1.000000
   287    9   19 1.000000
   287    9   20 1.000000
   287    9   21 1.000000
   287    9   22 1.000000
   287    9   23 1.000000
   287    9   24 1.000000
   287    9   25 1.000000
   287    9   26 1.000000
   287    9   27 1.000000
   287   10   11 1.000000
   287   10   12 1.000000
   287   10   13 1.000000
   287   10   14 1.000000
   287   10   15 1.000000
   287   10   16 1.000000
   287   10   17 1.000000
   287   10   18 1.000000
   287   10   19 1.000000
   287   10   20 1.000000
   287   10   21 1.000000
   287   10   22 1.000000
   287   10   23 1.000000
   287   10   24 1.000000
   287   10   25 1.000000
   287   10   26 1.000000
   287   10   27 1.000000
   287   11   12 1.000000
   287   11   13 1.000000
   287   11   14 1.000000
   287   11   15 1.000000
   287   11   16 1.000000
   287   11   17 1.000000
   287   11   18 1.000000
   287   11   19 1.000000
   287   11   20 1.000000
   287   11   21 1.000000
   287   11   22 1.000000
   287   11   23 1.000000
   287   11   24 1.000000
   287   11   25 1.000000
   287   11   26 1.000000
   287   11   27 1.000000
   287   12   13 1.000000
   287   12   14 1.000000
   287   12   15 1.000000
   287   12   16 1.000000
   287   12   17 1.000000
   287   12   18 1.000000
   287   12   19 1.000000
   287   12   20 1.000000
   287   12   21 1.000000
   287   12   22 1.000000
   287   12   23 1.000000
   287   12   24 1.000000
   287   12   25 1.000000
   287   12   26 1.000000
   287   12   27 1.000000
   287   13   14 1.000000
   287   13   15 1.000000
   287   13   16 1.000000
   287   13   17 1.000000
   287   13   18 1.000000
   287   13   19 1.000000
   287   13   20 1.000000
   287   13   21 1.000000
   287   13   22 1.000000
   287   13   23 1.000000
   287   13   24 1.000000
   287   13   25 1.000000
   287   13   26 1.000000
   287   13   27 1.000000
   287   14   15 1.000000
   287   14   16 1.000000
   287   14   17 1.000000
   287   14   18 1.000000
   287   14   19 1.000000
   287   14   20 1.000000
   287   14   21 1.000000
   287   14   22 1.000000
   287   14   23 1.000000
   287   14   24 1.000000
   287   14   25 1.000000
   287   14   26 1.000000
   287   14   27 1.000000
   287   15   16 1.000000
   287   15   17 1.000000
   287   15   18 1.000000
   287   15   19 1.000000
   287   15   20 1.000000
   287   15   21 1.000000
   287   15   22 1.000000
   287   15   23 1.000000
   287   15   24 1.000000
   287   15   25 1.000000
   287   15   26 1.000000
   287   15   27 1.000000
   287   16   17 1.000000
   287   16   18 1.000000
   287   16   19 1.000000
   287   16   20 1.000000
   287   16   21 1.000000
   287   16   22 1.000000
   287   16   23 1.000000
   287   16   24 1.000000
   287   16   25 1.000000
   287   16   26 1.000000
   287   16   27 1.000000
   287   17   18 1.000000
   287   17   19 1.000000
   287   17   20 1.000000
   287   17   21 1.000000
   287   17   22 1.000000
   287   17   23 1.000000
   287   17   24 1.000000
   287   17   25 1.000000
   287   17   26 1.000000
   287   17   27 1.000000
   287   18   19 1.000000
   287   18   20 1.000000
   287   18   21 1.000000
   287   18   22 1.000000
   287   18   23 1.000000
   287   18   24 1.000000
   287   18   25 1.000000
   287   18   26 1.000000
   287   18   27 1.000000
   287   19   20 1.000000
   287   19   21 1.000000
   287   19   22 1.000000
   287   19   23 1.000000
   287   19   24 1.000000
   287   19   25 1.000000
   287   19   26 1.000000
   287   19   27 1.000000
   287   20   21 1.000000
   287   20   22 1.000000
   287   20   23 1.000000
   287   20   24 1.000000
   287   20   25 1.000000
   287   20   26 1.000000
   287   20   27 1.000000
   287   21   22 1.000000
   287   21   23 1.000000
   287   21   24 1.000000
   287   21   25 1.000000
   287   21   26 1.000000
   287   21   27 1.000000
   287   22   23 1.000000
   287   22   24 1.000000
   287   22   25 1.000000
   287   22   26 1.000000
   287   22   27 1.000000
   287   23   24 1.000000
   287   23   25 1.000000
   287   23   26 1.000000
   287   23   27 1.000000
   287   24   25 1.000000
   287   24   26 1.000000
   287   24   27 1.000000
   287   25   26 1.000000
   287   25   27 1.000000
   287   26   27 1.000000
   288    1    2 0.958333
   288    1    3 0.958333
   288    1    4 0.958333
   288    1    5 0.958333
   288    1    6 0.958333
   288    1    7 0.958333
   288    1    8 0.958333
   288    1    9 0.958333
   288    1   10 0.958333
   288    1   11 0.958333
   288    1   12 0.958333
   288    1   13 0.958333
   288    1   14 0.958333
   288    1   15 0.958333
   288    1   16 0.958333
   288    1   17 0.958333
   288    1   18 0.958333
   288    1   19 0.958333
   288    1   20 0.958333
   288    1   21 0.958333
   288    1   22 0.958333
   288    1   23 0.916667
   288    1   24 0.958333
   288    1   25 0.958333
   288    1   26 0.958333
   288    2    3 1.000000
   288    2    4 1.000000
   288    2    5 1.000000
   288    2    6 1.000000
   288    2    7 1.000000
   288    2    8 1.000000
   288    2    9 1.000000
   288    2   10 1.000000
   288    2   11 1.000000
   288    2   12 1.000000
   288    2   13 1.000000
   288    2   14 1.000000
   288    2   15 1.000000
   288    2   16 1.000000
   288    2   17 1.000000
   288    2   18 1.000000
   288    2   19 1.000000
   288    2   20 1.000000
   288    2   21 1.000000
   288    2   22 1.000000
   288    2   23 0.958333
   288    2   24 1.000000
   288    2   25 1.000000
   288    2   26 1.000000
   288    3    4 1.000000
   288    3    5 1.000000
   288    3    6 1.000000
   288    3    7 1.000000
   288    3    8 1.000000
   288    3    9 1.000000
   288    3   10 1.000000
   288    3   11 1.000000
   288    3   12 1.000000
   288    3   13 1.000000
   288    3   14 1.000000
   288    3   15 1.000000
   288    3   16 1.000000
   288    3   17 1.000000
   288    3   18 1.000000
   288    3   19 1.000000
   288    3   20 1.000000
   288    3   21 1.000000
   288    3   22 1.000000
   288    3   23 0.958333
   288    3   24 1.000000
   288    3   25 1.000000
   288    3   26 1.000000
   288    4    5 1.000000
   288    4    6 1.000000
   288    4    7 1.000000
   288    4    8 1.000000
   288    4    9 1.000000
   288    4   10 1.000000
   288    4   11 1.000000
   288    4   12 1.000000
   288    4   13 1.000000
   288    4   14 1.000000
   288    4   15 1.000000
   288    4   16 1.000000
   288    4   17 1.000000
   288    4   18 1.000000
   288    4   19 1.000000
   288    4   20 1.000000
   288    4   21 1.000000
   288    4   22 1.000000
   288    4   23 0.958333
   288    4   24 1.000000
   288    4   25 1.000000
   288    4   26 1.000000
   288    5    6 1.000000
   288    5    7 1.000000
   288    5    8 1.000000
   288    5    9 1.000000
   288    5   10 1.000000
   288    5   11 1.000000
   288    5   12 1.000000
   288    5   13 1.000000
   288    5   14 1.000000
   288    5   15 1.000000
   288    5   16 1.000000
   288    5   17 1.000000
   288    5   18 1.000000
   288    5   19 1.000000
   288    5   20 1.000000
   288    5   21 1.000000
   288    5   22 1.000000
   288    5   23 0.958333
   288    5   24 1.000000
   288    5   25 1.000000
   288    5   26 1.000000
   288    6    7 1.000000
   288    6    8 1.000000
   288    6    9 1.000000
   288    6   10 1.000000
   288    6   11 1.000000
   288    6   12 1.000000
   288    6   13 1.000000
   288    6   14 1.000000
   288    6   15 1.000000
   288    6   16 1.000000
   288    6   17 1.000000
   288    6   18 1.000000
   288    6   19 1.000000
   288    6   20 1.000000
   288    6   21 1.000000
   288    6   22 1.000000
   288    6   23 0.958333
   288    6   24 1.000000
   288    6   25 1.000000
   288    6   26 1.000000
   288    7    8 1.000000
   288    7    9 1.000000
   288    7   10 1.000000
   288    7   11 1.000000
   288    7   12 1.000000
   288    7   13 1.000000
   288    7   14 1.000000
   288    7   15 1.000000
   288    7   16 1.000000
   288    7   17 1.000000
   288    7   18 1.000000
   288    7   19 1.000000
   288    7   20 1.000000
   288    7   21 1.000000
   288    7   22 1.000000
   288    7   23 0.958333
   288    7   24 1.000000
   288    7   25 1.000000
   288    7   26 1.000000
   288    8    9 1.000000
   288    8   10 1.000000
   288    8   11 1.000000
   288    8   12 1.000000
   288    8   13 1.000000
   288    8   14 1.000000
   288    8   15 1.000000
   288    8   16 1.000000
   288    8   17 1.000000
   288    8   18 1.000000
   288    8   19 1.000000
   288    8   20 1.000000
   288    8   21 1.000000
   288    8   22 1.000000
   288    8   23 0.958333
   288    8   24 1.000000
   288    8   25 1.000000
   288    8   26 1.000000
   288    9   10 1.000000
   288    9   11 1.000000
   288    9   12 1.000000
   288    9   13 1.000000
   288    9   14 1.000000
   288    9   15 1.000000
   288    9   16 1.000000
   288    9   17 1.000000
   288    9   18 1.000000
   288    9   19 1.000000
   288    9   20 1.000000
   288    9   21 1.000000
   288    9   22 1.000000
   288    9   23 0.958333
   288    9   24 1.000000
   288    9   25 1.000000
   288    9   26 1.000000
   288   10   11 1.000000
   288   10   12 1.000000
   288   10   13 1.000000
   288   10   14 1.000000
   288   10   15 1.000000
   288   10   16 1.000000
   288   10   17 1.000000
   288   10   18 1.000000
   288   10   19 1.000000
   288   10   20 1.000000
   288   10   21 1.000000
   288   10   22 1.000000
   288   10   23 0.958333
   288   10   24 1.000000
   288   10   25 1.000000
   288   10   26 1.000000
   288   11   12 1.000000
   288   11   13 1.000000
   288   11   14 1.000000
   288   11   15 1.000000
   288   11   16 1.000000
   288   11   17 1.000000
   288   11   18 1.000000
   288   11   19 1.000000
   288   11   20 1.000000
   288   11   21 1.000000
   288   11   22 1.000000
   288   11   23 0.958333
   288   11   24 1.000000
   288   11   25 1.000000
   288   11   26 1.000000
   288   12   13 1.000000
   288   12   14 1.000000
   288   12   15 1.000000
   288   12   16 1.000000
   288   12   17 1.000000
   288   12   18 1.000000
   288   12   19 1.000000
   288   12   20 1.000000
   288   12   21 1.000000
   288   12   22 1.000000
   288   12   23 0.958333
   288   12   24 1.000000
   288   12   25 1.000000
   288   12   26 1.000000
   288   13   14 1.000000
   288   13   15 1.000000
   288   13   16 1.000000
   288   13   17 1.000000
   288   13   18 1.000000
   288   13   19 1.000000
   288   13   20 1.000000
   288   13   21 1.000000
   288   13   22 1.000000
   288   13   23 0.958333
   288   13   24 1.000000
   288   13   25 1.000000
   288   13   26 1.000000
   288   14   15 1.000000
   288   14   16 1.000000
   288   14   17 1.000000
   288   14   18 1.000000
   288   14   19 1.000000
   288   14   20 1.000000
   288   14   21 1.000000
   288   14   22 1.000000
   288   14   23 0.958333
   288   14   24 1.000000
   288   14   25 1.000000
   288   14   26 1.000000
   288   15   16 1.000000
   288   15   17 1.000000
   288   15   18 1.000000
   288   15   19 1.000000
   288   15   20 1.000000
   288   15   21 1.000000
   288   15   22 1.000000
   288   15   23 0.958333
   288   15   24 1.000000
   288   15   25 1.000000
   288   15   26 1.000000
   288   16   17 1.000000
   288   16   18 1.000000
   288   16   19 1.000000
   288   16   20 1.000000
   288   16   21 1.000000
   288   16   22 1.000000
   288   16   23 0.958333
   288   16   24 1.000000
   288   16   25 1.000000
   288   16   26 1.000000
   288   17   18 1.000000
   288   17   19 1.000000
   288   17   20 1.000000
   288   17   21 1.000000
   288   17   22 1.000000
   288   17   23 0.958333
   288   17   24 1.000000
   288   17   25 1.000000
   288   17   26 1.000000
   288   18   19 1.000000
   288   18   20 1.000000
   288   18   21 1.000000
   288   18   22 1.000000
   288   18   23 0.958333
   288   18   24 1.000000
   288   18   25 1.000000
   288   18   26 1.000000
   288   19   20 1.000000
   288   19   21 1.000000
   288   19   22 1.000000
   288   19   23 0.958333
   288   19   24 1.000000
   288   19   25 1.000000
   288   19   26 1.000000
   288   20   21 1.000000
   288   20   22 1.000000
   288   20   23 0.958333
   288   20   24 1.000000
   288   20   25 1.000000
   288   20   26 1.000000
   288   21   22 1.000000
   288   21   23 0.958333
   288   21   24 1.000000
   288   21   25 1.000000
   288   21   26 1.000000
   288   22   23 0.958333
   288   22   24 1.000000
   288   22   25 1.000000
   288   22   26 1.000000
   288   23   24 0.958333
   288   23   25 0.958333
   288   23   26 0.958333
   288   24   25 1.000000
   288   24   26 1.000000
   288   25   26 1.000000
   289    1    2 0.916667
   289    1    3 0.958333
   289    1    4 0.958333
   289    1    5 0.958333
   289    1    6 0.500000
   289    1    7 0.916667
   289    1    8 0.208333
   289    1    9 0.958333
   289    1   10 0.958333
   289    1   11 0.958333
   289    1   12 0.958333
   289    1   13 0.833333
   289    1   14 0.958333
   289    1   15 0.958333
   289    1   16 0.958333
   289    1   17 0.958333
   289    1   18 0.458333
   289    1   19 0.958333
   289    1   20 0.458333
   289    1   23 0.333333
   289    1   25 0.208333
   289    1   26 0.958333
   289    2    3 0.958333
   289    2    4 0.958333
   289    2    5 0.958333
   289    2    6 0.458333
   289    2    7 1.000000
   289    2    8 0.208333
   289    2    9 0.958333
   289    2   10 0.958333
   289    2   11 0.958333
   289    2   12 0.958333
   289    2   13 0.916667
   289    2   14 0.958333
   289    2   15 0.958333
   289    2   16 0.958333
   289    2   17 0.958333
   289    2   18 0.416667
   289    2   19 0.958333
   289    2   20 0.416667
   289    2   23 0.291667
   289    2   25 0.166667
   289    2   26 0.958333
   289    3    4 1.000000
   289    3    5 1.000000
   289    3    6 0.500000
   289    3    7 0.958333
   289    3    8 0.208333
   289    3    9 1.000000
   289    3   10 1.000000
   289    3   11 1.000000
   289    3   12 1.000000
   289    3   13 0.875000
   289    3   14 1.000000
   289    3   15 1.000000
   289    3   16 1.000000
   289    3   17 1.000000
   289    3   18 0.458333
   289    3   19 1.000000
   289    3   20 0.458333
   289    3   23 0.333333
   289    3   25 0.166667
   289    3   26 1.000000
   289    4    5 1.000000
   289    4    6 0.500000
   289    4    7 0.958333
   289    4    8 0.208333
   289    4    9 1.000000
   289    4   10 1.000000
   289    4   11 1.000000
   289    4   12 1.000000
   289    4   13 0.875000
   289    4   14 1.000000
   289    4   15 1.000000
   289    4   16 1.000000
   289    4   17 1.000000
   289    4   18 0.458333
   289    4   19 1.000000
   289    4   20 0.458333
   289    4   23 0.333333
   289    4   25 0.166667
   289    4   26 1.000000
   289    5    6 0.500000
   289    5    7 0.958333
   289    5    8 0.208333
   289    5    9 1.000000
   289    5   10 1.000000
   289    5   11 1.000000
   289    5   12 1.000000
   289    5   13 0.875000
   289    5   14 1.000000
   289    5   15 1.000000
   289    5   16 1.000000
   289    5   17 1.000000
   289    5   18 0.458333
   289    5   19 1.000000
   289    5   20 0.458333
   289    5   23 0.333333
   289    5   25 0.166667
   289    5   26 1.000000
   289    6    7 0.458333
   289    6    8 0.208333
   289    6    9 0.500000
   289    6   10 0.500000
   289    6   11 0.500000
   289    6   12 0.500000
   289    6   13 0.375000
   289    6   14 0.500000
   289    6   15 0.500000
   289    6   16 0.500000
   289    6   17 0.500000
   289    6   18 0.958333
   289    6   19 0.500000
   289    6   20 0.958333
   289    6   23 0.791667
   289    6   25 0.166667
   289    6   26 0.500000
   289    7    8 0.208333
   289    7    9 0.958333
   289    7   10 0.958333
   289    7   11 0.958333
   289    7   12 0.958333
   289    7   13 0.916667
   289    7   14 0.958333
   289    7   15 0.958333
   289    7   16 0.958333
   289    7   17 0.958333
   289    7   18 0.416667
   289    7   19 0.958333
   289    7   20 0.416667
   289    7   23 0.291667
   289    7   25 0.166667
   289    7   26 0.958333
   289    8    9 0.208333
   289    8   10 0.208333
   289    8   11 0.208333
   289    8   12 0.208333
   289    8   13 0.208333
   289    8   14 0.208333
   289    8   15 0.208333
   289    8   16 0.208333
   289    8   17 0.208333
   289    8   18 0.208333
   289    8   19 0.208333
   289    8   20 0.208333
   289    8   23 0.166667
   289    8   25 0.166667
   289    8   26 0.208333
   289    9   10 1.000000
   289    9   11 1.000000
   289    9   12 1.000000
   289    9   13 0.875000
   289    9   14 1.000000
   289    9   15 1.000000
   289    9   16 1.000000
   289    9   17 1.000000
   289    9   18 0.458333
   289    9   19 1.000000
   289    9   20 0.458333
   289    9   23 0.333333
   289    9   25 0.166667
   289    9   26 1.000000
   289   10   11 1.000000
   289   10   12 1.000000
   289   10   13 0.875000
   289   10   14 1.000000
   289   10   15 1.000000
   289   10   16 1.000000
   289   10   17 1.000000
   289   10   18 0.458333
   289   10   19 1.000000
   289   10   20 0.458333
   289   10   23 0.333333
   289   10   25 0.166667
   289   10   26 1.000000
   289   11   12 1.000000
   289   11   13 0.875000
   289   11   14 1.000000
   289   11   15 1.000000
   289   11   16 1.000000
   289   11   17 1.000000
   289   11   18 0.458333
   289   11   19 1.000000
   289   11   20 0.458333
   289   11   23 0.333333
   289   11   25 0.166667
   289   11   26 1.000000
   289   12   13 0.875000
   289   12   14 1.000000
   289   12   15 1.000000
   289   12   16 1.000000
   289   12   17 1.000000
   289   12   18 0.458333
   289   12   19 1.000000
   289   12   20 0.458333
   289   12   23 0.333333
   289   12   25 0.166667
   289   12   26 1.000000
   289   13   14 0.875000
   289   13   15 0.875000
   289   13   16 0.875000
   289   13   17 0.875000
   289   13   18 0.333333
   289   13   19 0.875000
   289   13   20 0.333333
   289   13   23 0.208333
   289   13   25 0.166667
   289   13   26 0.875000
   289   14   15 1.000000
   289   14   16 1.000000
   289   14   17 1.000000
   289   14   18 0.458333
   289   14   19 1.000000
   289   14   20 0.458333
   289   14   23 0.333333
   289   14   25 0.166667
   289   14   26 1.000000
   289   15   16 1.000000
   289   15   17 1.000000
   289   15   18 0.458333
   289   15   19 1.000000
   289   15   20 0.458333
   289   15   23 0.333333
   289   15   25 0.166667
   289   15   26 1.000000
   289   16   17 1.000000
   289   16   18 0.458333
   289   16   19 1.000000
   289   16   20 0.458333
   289   16   23 0.333333
   289   16   25 0.166667
   289   16   26 1.000000
   289   17   18 0.458333
   289   17   19 1.000000
   289   17   20 0.458333
   289   17   23 0.333333
   289   17   25 0.166667
   289   17   26 1.000000
   289   18   19 0.458333
   289   18   20 1.000000
   289   18   23 0.833333
   289   18   25 0.166667
   289   18   26 0.458333
   289   19   20 0.458333
   289   19   23 0.333333
   289   19   25 0.166667
   289   19   26 1.000000
   289   20   23 0.833333
   289   20   25 0.166667
   289   20   26 0.458333
   289   23   25 0.125000
   289   23   26 0.333333
   289   25   26 0.166667
   290    1    2 0.916667
   290    1    3 0.958333
   290    1    4 0.958333
   290    1    5 0.958333
   290    1    7 0.916667
   290    1    8 0.250000
   290    1    9 0.958333
   290    1   10 0.958333
   290    1   11 0.958333
   290    1   12 0.958333
   290    1   13 0.833333
   290    1   14 0.958333
   290    1   15 0.958333
   290    1   16 0.958333
   290    1   17 0.958333
   290    1   18 0.458333
   290    1   19 0.958333
   290    1   20 0.458333
   290    1   23 0.333333
   290    1   25 0.208333
   290    1   26 0.958333
   290    2    3 0.958333
   290    2    4 0.958333
   290    2    5 0.958333
   290    2    7 1.000000
   290    2    8 0.208333
   290    2    9 0.958333
   290    2   10 0.958333
   290    2   11 0.958333
   290    2   12 0.958333
   290    2   13 0.916667
   290    2   14 0.958333
   290    2   15 0.958333
   290    2   16 0.958333
   290    2   17 0.958333
   290    2   18 0.416667
   290    2   19 0.958333
   290    2   20 0.416667
   290    2   23 0.291667
   290    2   25 0.166667
   290    2   26 0.958333
   290    3    4 1.000000
   290    3    5 1.000000
   290    3    7 0.958333
   290    3    8 0.208333
   290    3    9 1.000000
   290    3   10 1.000000
   290    3   11 1.000000
   290    3   12 1.000000
   290    3   13 0.875000
   290    3   14 1.000000
   290    3   15 1.000000
   290    3   16 1.000000
   290    3   17 1.000000
   290    3   18 0.458333
   290    3   19 1.000000
   290    3   20 0.458333
   290    3   23 0.333333
   290    3   25 0.166667
   290    3   26 1.000000
   290    4    5 1.000000
   290    4    7 0.958333
   290    4    8 0.208333
   290    4    9 1.000000
   290    4   10 1.000000
   290    4   11 1.000000
   290    4   12 1.000000
   290    4   13 0.875000
   290    4   14 1.000000
   290    4   15 1.000000
   290    4   16 1.000000
   290    4   17 1.000000
   290    4   18 0.458333
   290    4   19 1.000000
   290    4   20 0.458333
   290    4   23 0.333333
   290    4   25 0.166667
   290    4   26 1.000000
   290    5    7 0.958333
   290    5    8 0.208333
   290    5    9 1.000000
   290    5   10 1.000000
   290    5   11 1.000000
   290    5   12 1.000000
   290    5   13 0.875000
   290    5   14 1.000000
   290    5   15 1.000000
   290    5   16 1.000000
   290    5   17 1.000000
   290    5   18 0.458333
   290    5   19 1.000000
   290    5   20 0.458333
   290    5   23 0.333333
   290    5   25 0.166667
   290    5   26 1.000000
   290    7    8 0.208333
   290    7    9 0.958333
   290    7   10 0.958333
   290    7   11 0.958333
   290    7   12 0.958333
   290    7   13 0.916667
   290    7   14 0.958333
   290    7   15 0.958333
   290    7   16 0.958333
   290    7   17 0.958333
   290    7   18 0.416667
   290    7   19 0.958333
   290    7   20 0.416667
   290    7   23 0.291667
   290    7   25 0.166667
   290    7   26 0.958333
   290    8    9 0.208333
   290    8   10 0.208333
   290    8   11 0.208333
   290    8   12 0.208333
   290    8   13 0.208333
   290    8   14 0.208333
   290    8   15 0.208333
   290    8   16 0.208333
   290    8   17 0.208333
   290    8   18 0.208333
   290    8   19 0.208333
   290    8   20 0.208333
   290    8   23 0.166667
   290    8   25 0.958333
   290    8   26 0.208333
   290    9   10 1.000000
   290    9   11 1.000000
   290    9   12 1.000000
   290    9   13 0.875000
   290    9   14 1.000000
   290    9   15 1.000000
   290    9   16 1.000000
   290    9   17 1.000000
   290    9   18 0.458333
   290    9   19 1.000000
   290    9   20 0.458333
   290    9   23 0.333333
   290    9   25 0.166667
   290    9   26 1.000000
   290   10   11 1.000000
   290   10   12 1.000000
   290   10   13 0.875000
   290   10   14 1.000000
   290   10   15 1.000000
   290   10   16 1.000000
   290   10   17 1.000000
   290   10   18 0.458333
   290   10   19 1.000000
   290   10   20 0.458333
   290   10   23 0.333333
   290   10   25 0.166667
   290   10   26 1.000000
   290   11   12 1.000000
   290   11   13 0.875000
   290   11   14 1.000000
   290   11   15 1.000000
   290   11   16 1.000000
   290   11   17 1.000000
   290   11   18 0.458333
   290   11   19 1.000000
   290   11   20 0.458333
   290   11   23 0.333333
   290   11   25 0.166667
   290   11   26 1.000000
   290   12   13 0.875000
   290   12   14 1.000000
   290   12   15 1.000000
   290   12   16 1.000000
   290   12   17 1.000000
   290   12   18 0.458333
   290   12   19 1.000000
   290   12   20 0.458333
   290   12   23 0.333333
   290   12   25 0.166667
   290   12   26 1.000000
   290   13   14 0.875000
   290   13   15 0.875000
   290   13   16 0.875000
   290   13   17 0.875000
   290   13   18 0.333333
   290   13   19 0.875000
   290   13   20 0.333333
   290   13   23 0.208333
   290   13   25 0.166667
   290   13   26 0.875000
   290   14   15 1.000000
   290   14   16 1.000000
   290   14   17 1.000000
   290   14   18 0.458333
   290   14   19 1.000000
   290   14   20 0.458333
   290   14   23 0.333333
   290   14   25 0.166667
   290   14   26 1.000000
   290   15   16 1.000000
   290   15   17 1.000000
   290   15   18 0.458333
   290   15   19 1.000000
   290   15   20 0.458333
   290   15   23 0.333333
   290   15   25 0.166667
   290   15   26 1.000000
   290   16   17 1.000000
   290   16   18 0.458333
   290   16   19 1.000000
   290   16   20 0.458333
   290   16   23 0.333333
   290   16   25 0.166667
   290   16   26 1.000000
   290   17   18 0.458333
   290   17   19 1.000000
   290   17   20 0.458333
   290   17   23 0.333333
   290   17   25 0.166667
   290   17   26 1.000000
   290   18   19 0.458333
   290   18   20 1.000000
   290   18   23 0.833333
   290   18   25 0.166667
   290   18   26 0.458333
   290   19   20 0.458333
   290   19   23 0.333333
   290   19   25 0.166667
   290   19   26 1.000000
   290   20   23 0.833333
   290   20   25 0.166667
   290   20   26 0.458333
   290   23   25 0.125000
   290   23   26 0.333333
   290   25   26 0.166667
   291    1    2 0.916667
   291    1    3 0.958333
   291    1    4 0.958333
   291    1    5 0.958333
   291    1    6 0.458333
   291    1    7 0.916667
   291    1    8 0.250000
   291    1    9 0.958333
   291    1   10 0.958333
   291    1   11 0.958333
   291    1   12 0.958333
   291    1   13 0.833333
   291    1   14 0.958333
   291    1   15 0.958333
   291    1   16 0.958333
   291    1   17 0.958333
   291    1   18 0.458333
   291    1   19 0.958333
   291    1   20 0.458333
   291    1   23 0.333333
   291    1   25 0.208333
   291    1   26 0.958333
   291    2    3 0.958333
   291    2    4 0.958333
   291    2    5 0.958333
   291    2    6 0.416667
   291    2    7 1.000000
   291    2    8 0.208333
   291    2    9 0.958333
   291    2   10 0.958333
   291    2   11 0.958333
   291    2   12 0.958333
   291    2   13 0.916667
   291    2   14 0.958333
   291    2   15 0.958333
   291    2   16 0.958333
   291    2   17 0.958333
   291    2   18 0.416667
   291    2   19 0.958333
   291    2   20 0.416667
   291    2   23 0.291667
   291    2   25 0.166667
   291    2   26 0.958333
   291    3    4 1.000000
   291    3    5 1.000000
   291    3    6 0.458333
   291    3    7 0.958333
   291    3    8 0.208333
   291    3    9 1.000000
   291    3   10 1.000000
   291    3   11 1.000000
   291    3   12 1.000000
   291    3   13 0.875000
   291    3   14 1.000000
   291    3   15 1.000000
   291    3   16 1.000000
   291    3   17 1.000000
   291    3   18 0.458333
   291    3   19 1.000000
   291    3   20 0.458333
   291    3   23 0.333333
   291    3   25 0.166667
   291    3   26 1.000000
   291    4    5 1.000000
   291    4    6 0.458333
   291    4    7 0.958333
   291    4    8 0.208333
   291    4    9 1.000000
   291    4   10 1.000000
   291    4   11 1.000000
   291    4   12 1.000000
   291    4   13 0.875000
   291    4   14 1.000000
   291    4   15 1.000000
   291    4   16 1.000000
   291    4   17 1.000000
   291    4   18 0.458333
   291    4   19 1.000000
   291    4   20 0.458333
   291    4   23 0.333333
   291    4   25 0.166667
   291    4   26 1.000000
   291    5    6 0.458333
   291    5    7 0.958333
   291    5    8 0.208333
   291    5    9 1.000000
   291    5   10 1.000000
   291    5   11 1.000000
   291    5   12 1.000000
   291    5   13 0.875000
   291    5   14 1.000000
   291    5   15 1.000000
   291    5   16 1.000000
   291    5   17 1.000000
   291    5   18 0.458333
   291    5   19 1.000000
   291    5   20 0.458333
   291    5   23 0.333333
   291    5   25 0.166667
   291    5   26 1.000000
   291    6    7 0.416667
   291    6    8 0.250000
   291    6    9 0.458333
   291    6   10 0.458333
   291    6   11 0.458333
   291    6   12 0.458333
   291    6   13 0.333333
   291    6   14 0.458333
   291    6   15 0.458333
   291    6   16 0.458333
   291    6   17 0.458333
   291    6   18 0.958333
   291    6   19 0.458333
   291    6   20 0.958333
   291    6   23 0.791667
   291    6   25 0.208333
   291    6   26 0.458333
   291    7    8 0.208333
   291    7    9 0.958333
   291    7   10 0.958333
   291    7   11 0.958333
   291    7   12 0.958333
   291    7   13 0.916667
   291    7   14 0.958333
   291    7   15 0.958333
   291    7   16 0.958333
   291    7   17 0.958333
   291    7   18 0.416667
   291    7   19 0.958333
   291    7   20 0.416667
   291    7   23 0.291667
   291    7   25 0.166667
   291    7   26 0.958333
   291    8    9 0.208333
   291    8   10 0.208333
   291    8   11 0.208333
   291    8   12 0.208333
   291    8   13 0.208333
   291    8   14 0.208333
   291    8   15 0.208333
   291    8   16 0.208333
   291    8   17 0.208333
   291    8   18 0.208333
   291    8   19 0.208333
   291    8   20 0.208333
   291    8   23 0.166667
   291    8   25 0.958333
   291    8   26 0.208333
   291    9   10 1.000000
   291    9   11 1.000000
   291    9   12 1.000000
   291    9   13 0.875000
   291    9   14 1.000000
   291    9   15 1.000000
   291    9   16 1.000000
   291    9   17 1.000000
   291    9   18 0.458333
   291    9   19 1.000000
   291    9   20 0.458333
   291    9   23 0.333333
   291    9   25 0.166667
   291    9   26 1.000000
   291   10   11 1.000000
   291   10   12 1.000000
   291   10   13 0.875000
   291   10   14 1.000000
   291   10   15 1.000000
   291   10   16 1.000000
   291   10   17 1.000000
   291   10   18 0.458333
   291   10   19 1.000000
   291   10   20 0.458333
   291   10   23 0.333333
   291   10   25 0.166667
   291   10   26 1.000000
   291   11   12 1.000000
   291   11   13 0.875000
   291   11   14 1.000000
   291   11   15 1.000000
   291   11   16 1.000000
   291   11   17 1.000000
   291   11   18 0.458333
   291   11   19 1.000000
   291   11   20 0.458333
   291   11   23 0.333333
   291   11   25 0.166667
   291   11   26 1.000000
   291   12   13 0.875000
   291   12   14 1.000000
   291   12   15 1.000000
   291   12   16 1.000000
   291   12   17 1.000000
   291   12   18 0.458333
   291   12   19 1.000000
   291   12   20 0.458333
   291   12   23 0.333333
   291   12   25 0.166667
   291   12   26 1.000000
   291   13   14 0.875000
   291   13   15 0.875000
   291   13   16 0.875000
   291   13   17 0.875000
   291   13   18 0.333333
   291   13   19 0.875000
   291   13   20 0.333333
   291   13   23 0.208333
   291   13   25 0.166667
   291   13   26 0.875000
   291   14   15 1.000000
   291   14   16 1.000000
   291   14   17 1.000000
   291   14   18 0.458333
   291   14   19 1.000000
   291   14   20 0.458333
   291   14   23 0.333333
   291   14   25 0.166667
   291   14   26 1.000000
   291   15   16 1.000000
   291   15   17 1.000000
   291   15   18 0.458333
   291   15   19 1.000000
   291   15   20 0.458333
   291   15   23 0.333333
   291   15   25 0.166667
   291   15   26 1.000000
   291   16   17 1.000000
   291   16   18 0.458333
   291   16   19 1.000000
   291   16   20 0.458333
   291   16   23 0.333333
   291   16   25 0.166667
   291   16   26 1.000000
   291   17   18 0.458333
   291   17   19 1.000000
   291   17   20 0.458333
   291   17   23 0.333333
   291   17   25 0.166667
   291   17   26 1.000000
   291   18   19 0.458333
   291   18   20 1.000000
   291   18   23 0.833333
   291   18   25 0.166667
   291   18   26 0.458333
   291   19   20 0.458333
   291   19   23 0.333333
   291   19   25 0.166667
   291   19   26 1.000000
   291   20   23 0.833333
   291   20   25 0.166667
   291   20   26 0.458333
   291   23   25 0.125000
   291   23   26 0.333333
   291   25   26 0.166667
   292    1    6 0.458333
   292    1    8 0.250000
   292    1   18 0.458333
   292    1   20 0.458333
   292    1   21 0.333333
   292    1   22 0.291667
   292    1   23 0.333333
   292    1   24 0.333333
   292    1   25 0.208333
   292    1   27 0.250000
   292    6    8 0.250000
   292    6   18 0.958333
   292    6   20 0.958333
   292    6   21 0.791667
   292    6   22 0.750000
   292    6   23 0.791667
   292    6   24 0.791667
   292    6   25 0.208333
   292    6   27 0.708333
   292    8   18 0.208333
   292    8   20 0.208333
   292    8   21 0.166667
   292    8   22 0.125000
   292    8   23 0.166667
   292    8   24 0.166667
   292    8   25 0.958333
   292    8   27 0.083333
   292   18   20 1.000000
   292   18   21 0.833333
   292   18   22 0.791667
   292   18   23 0.833333
   292   18   24 0.833333
   292   18   25 0.166667
   292   18   27 0.750000
   292   20   21 0.833333
   292   20   22 0.791667
   292   20   23 0.833333
   292   20   24 0.833333
   292   20   25 0.166667
   292   20   27 0.750000
   292   21   22 0.958333
   292   21   23 1.000000
   292   21   24 1.000000
   292   21   25 0.125000
   292   21   27 0.875000
   292   22   23 0.958333
   292   22   24 0.958333
   292   22   25 0.083333
   292   22   27 0.875000
   292   23   24 1.000000
   292   23   25 0.125000
   292   23   27 0.875000
   292   24   25 0.125000
   292   24   27 0.875000
   292   25   27 0.041667
   293    6   18 0.958333
   293    6   20 0.958333
   293    6   24 0.791667
   293    6   27 0.708333
   293   18   20 1.000000
   293   18   24 0.791667
   293   18   27 0.708333
   293   20   24 0.791667
   293   20   27 0.708333
   293   24   27 0.875000
   294   20   21 0.791667
   294   20   24 0.791667
   294   20   27 0.708333
   294   21   24 1.000000
   294   21   27 0.875000
   294   24   27 0.875000
   295   20   21 0.791667
   295   20   24 0.791667
   295   20   27 0.708333
   295   21   24 1.000000
   295   21   27 0.875000
   295   24   27 0.875000
   296   20   21 0.791667
   296   20   24 0.791667
   296   20   27 0.708333
   296   21   24 1.000000
   296   21   27 0.875000
   296   24   27 0.875000
   297    1    2 1.000000
   297    1    3 1.000000
   297    1    4 1.000000
   297    1    5 1.000000
   297    1    6 1.000000
   297    1    7 1.000000
   297    1    8 1.000000
   297    1    9 1.000000
   297    1   10 1.000000
   297    1   11 1.000000
   297    1   12 1.000000
   297    1   13 1.000000
   297    1   14 1.000000
   297    1   15 1.000000
   297    1   16 1.000000
   297    1   17 1.000000
   297    1   18 1.000000
   297    1   19 1.000000
   297    1   20 1.000000
   297    1   21 1.000000
   297    1   22 0.916667
   297    1   23 1.000000
   297    1   24 1.000000
   297    1   25 1.000000
   297    1   26 1.000000
   297    1   27 1.000000
   297    2    3 1.000000
   297    2    4 1.000000
   297    2    5 1.000000
   297    2    6 1.000000
   297    2    7 1.000000
   297    2    8 1.000000
   297    2    9 1.000000
   297    2   10 1.000000
   297    2   11 1.000000
   297    2   12 1.000000
   297    2   13 1.000000
   297    2   14 1.000000
   297    2   15 1.000000
   297    2   16 1.000000
   297    2   17 1.000000
   297    2   18 1.000000
   297    2   19 1.000000
   297    2   20 1.000000
   297    2   21 1.000000
   297    2   22 0.916667
   297    2   23 1.000000
   297    2   24 1.000000
   297    2   25 1.000000
   297    2   26 1.000000
   297    2   27 1.000000
   297    3    4 1.000000
   297    3    5 1.000000
   297    3    6 1.000000
   297    3    7 1.000000
   297    3    8 1.000000
   297    3    9 1.000000
   297    3   10 1.000000
   297    3   11 1.000000
   297    3   12 1.000000
   297    3   13 1.000000
   297    3   14 1.000000
   297    3   15 1.000000
   297    3   16 1.000000
   297    3   17 1.000000
   297    3   18 1.000000
   297    3   19 1.000000
   297    3   20 1.000000
   297    3   21 1.000000
   297    3   22 0.916667
   297    3   23 1.000000
   297    3   24 1.000000
   297    3   25 1.000000
   297    3   26 1.000000
   297    3   27 1.000000
   297    4    5 1.000000
   297    4    6 1.000000
   297    4    7 1.000000
   297    4    8 1.000000
   297    4    9 1.000000
   297    4   10 1.000000
   297    4   11 1.000000
   297    4   12 1.000000
   297    4   13 1.000000
   297    4   14 1.000000
   297    4   15 1.000000
   297    4   16 1.000000
   297    4   17 1.000000
   297    4   18 1.000000
   297    4   19 1.000000
   297    4   20 1.000000
   297    4   21 1.000000
   297    4   22 0.916667
   297    4   23 1.000000
   297    4   24 1.000000
   297    4   25 1.000000
   297    4   26 1.000000
   297    4   27 1.000000
   297    5    6 1.000000
   297    5    7 1.000000
   297    5    8 1.000000
   297    5    9 1.000000
   297    5   10 1.000000
   297    5   11 1.000000
   297    5   12 1.000000
   297    5   13 1.000000
   297    5   14 1.000000
   297    5   15 1.000000
   297    5   16 1.000000
   297    5   17 1.000000
   297    5   18 1.000000
   297    5   19 1.000000
   297    5   20 1.000000
   297    5   21 1.000000
   297    5   22 0.916667
   297    5   23 1.000000
   297    5   24 1.000000
   297    5   25 1.000000
   297    5   26 1.000000
   297    5   27 1.000000
   297    6    7 1.000000
   297    6    8 1.000000
   297    6    9 1.000000
   297    6   10 1.000000
   297    6   11 1.000000
   297    6   12 1.000000
   297    6   13 1.000000
   297    6   14 1.000000
   297    6   15 1.000000
   297    6   16 1.000000
   297    6   17 1.000000
   297    6   18 1.000000
   297    6   19 1.000000
   297    6   20 1.000000
   297    6   21 1.000000
   297    6   22 0.916667
   297    6   23 1.000000
   297    6   24 1.000000
   297    6   25 1.000000
   297    6   26 1.000000
   297    6   27 1.000000
   297    7    8 1.000000
   297    7    9 1.000000
   297    7   10 1.000000
   297    7   11 1.000000
   297    7   12 1.000000
   297    7   13 1.000000
   297    7   14 1.000000
   297    7   15 1.000000
   297    7   16 1.000000
   297    7   17 1.000000
   297    7   18 1.000000
   297    7   19 1.000000
   297    7   20 1.000000
   297    7   21 1.000000
   297    7   22 0.916667
   297    7   23 1.000000
   297    7   24 1.000000
   297    7   25 1.000000
   297    7   26 1.000000
   297    7   27 1.000000
   297    8    9 1.000000
   297    8   10 1.000000
   297    8   11 1.000000
   297    8   12 1.000000
   297    8   13 1.000000
   297    8   14 1.000000
   297    8   15 1.000000
   297    8   16 1.000000
   297    8   17 1.000000
   297    8   18 1.000000
   297    8   19 1.000000
   297    8   20 1.000000
   297    8   21 1.000000
   297    8   22 0.916667
   297    8   23 1.000000
   297    8   24 1.000000
   297    8   25 1.000000
   297    8   26 1.000000
   297    8   27 1.000000
   297    9   10 1.000000
   297    9   11 1.000000
   297    9   12 1.000000
   297    9   13 1.000000
   297    9   14 1.000000
   297    9   15 1.000000
   297    9   16 1.000000
   297    9   17 1.000000
   297    9   18 1.000000
   297    9   19 1.000000
   297    9   20 1.000000
   297    9   21 1.000000
   297    9   22 0.916667
   297    9   23 1.000000
   297    9   24 1.000000
   297    9   25 1.000000
   297    9   26 1.000000
   297    9   27 1.000000
   297   10   11 1.000000
   297   10   12 1.000000
   297   10   13 1.000000
   297   10   14 1.000000
   297   10   15 1.000000
   297   10   16 1.000000
   297   10   17 1.000000
   297   10   18 1.000000
   297   10   19 1.000000
   297   10   20 1.000000
   297   10   21 1.000000
   297   10   22 0.916667
   297   10   23 1.000000
   297   10   24 1.000000
   297   10   25 1.000000
   297   10   26 1.000000
   297   10   27 1.000000
   297   11   12 1.000000
   297   11   13 1.000000
   297   11   14 1.000000
   297   11   15 1.000000
   297   11   16 1.000000
   297   11   17 1.000000
   297   11   18 1.000000
   297   11   19 1.000000
   297   11   20 1.000000
   297   11   21 1.000000
   297   11   22 0.916667
   297   11   23 1.000000
   297   11   24 1.000000
   297   11   25 1.000000
   297   11   26 1.000000
   297   11   27 1.000000
   297   12   13 1.000000
   297   12   14 1.000000
   297   12   15 1.000000
   297   12   16 1.000000
   297   12   17 1.000000
   297   12   18 1.000000
   297   12   19 1.000000
   297   12   20 1.000000
   297   12   21 1.000000
   297   12   22 0.916667
   297   12   23 1.000000
   297   12   24 1.000000
   297   12   25 1.000000
   297   12   26 1.000000
   297   12   27 1.000000
   297   13   14 1.000000
   297   13   15 1.000000
   297   13   16 1.000000
   297   13   17 1.000000
   297   13   18 1.000000
   297   13   19 1.000000
   297   13   20 1.000000
   297   13   21 1.000000
   297   13   22 0.916667
   297   13   23 1.000000
   297   13   24 1.000000
   297   13   25 1.000000
   297   13   26 1.000000
   297   13   27 1.000000
   297   14   15 1.000000
   297   14   16 1.000000
   297   14   17 1.000000
   297   14   18 1.000000
   297   14   19 1.000000
   297   14   20 1.000000
   297   14   21 1.000000
   297   14   22 0.916667
   297   14   23 1.000000
   297   14   24 1.000000
   297   14   25 1.000000
   297   14   26 1.000000
   297   14   27 1.000000
   297   15   16 1.000000
   297   15   17 1.000000
   297   15   18 1.000000
   297   15   19 1.000000
   297   15   20 1.000000
   297   15   21 1.000000
   297   15   22 0.916667
   297   15   23 1.000000
   297   15   24 1.000000
   297   15   25 1.000000
   297   15   26 1.000000
   297   15   27 1.000000
   297   16   17 1.000000
   297   16   18 1.000000
   297   16   19 1.000000
   297   16   20 1.000000
   297   16   21 1.000000
   297   16   22 0.916667
   297   16   23 1.000000
   297   16   24 1.000000
   297   16   25 1.000000
   297   16   26 1.000000
   297   16   27 1.000000
   297   17   18 1.000000
   297   17   19 1.000000
   297   17   20 1.000000
   297   17   21 1.000000
   297   17   22 0.916667
   297   17   23 1.000000
   297   17   24 1.000000
   297   17   25 1.000000
   297   17   26 1.000000
   297   17   27 1.000000
   297   18   19 1.000000
   297   18   20 1.000000
   297   18   21 1.000000
   297   18   22 0.916667
   297   18   23 1.000000
   297   18   24 1.000000
   297   18   25 1.000000
   297   18   26 1.000000
   297   18   27 1.000000
   297   19   20 1.000000
   297   19   21 1.000000
   297   19   22 0.916667
   297   19   23 1.000000
   297   19   24 1.000000
   297   19   25 1.000000
   297   19   26 1.000000
   297   19   27 1.000000
   297   20   21 1.000000
   297   20   22 0.916667
   297   20   23 1.000000
   297   20   24 1.000000
   297   20   25 1.000000
   297   20   26 1.000000
   297   20   27 1.000000
   297   21   22 0.916667
   297   21   23 1.000000
   297   21   24 1.000000
   297   21   25 1.000000
   297   21   26 1.000000
   297   21   27 1.000000
   297   22   23 0.916667
   297   22   24 0.916667
   297   22   25 0.916667
   297   22   26 0.916667
   297   22   27 0.916667
   297   23   24 1.000000
   297   23   25 1.000000
   297   23   26 1.000000
   297   23   27 1.000000
   297   24   25 1.000000
   297   24   26 1.000000
   297   24   27 1.000000
   297   25   26 1.000000
   297   25   27 1.000000
   297   26   27 1.000000
   298    1    2 1.000000
   298    1    3 1.000000
   298    1    4 1.000000
   298    1    5 1.000000
   298    1    6 0.541667
   298    1    7 1.000000
   298    1    8 1.000000
   298    1    9 1.000000
   298    1   10 1.000000
   298    1   11 1.000000
   298    1   12 1.000000
   298    1   13 1.000000
   298    1   14 1.000000
   298    1   15 1.000000
   298    1   16 1.000000
   298    1   17 1.000000
   298    1   18 0.541667
   298    1   19 1.000000
   298    1   20 0.541667
   298    1   21 1.000000
   298    1   22 0.916667
   298    1   23 1.000000
   298    1   24 1.000000
   298    1   25 1.000000
   298    1   26 1.000000
   298    1   27 1.000000
   298    2    3 1.000000
   298    2    4 1.000000
   298    2    5 1.000000
   298    2    6 0.541667
   298    2    7 1.000000
   298    2    8 1.000000
   298    2    9 1.000000
   298    2   10 1.000000
   298    2   11 1.000000
   298    2   12 1.000000
   298    2   13 1.000000
   298    2   14 1.000000
   298    2   15 1.000000
   298    2   16 1.000000
   298    2   17 1.000000
   298    2   18 0.541667
   298    2   19 1.000000
   298    2   20 0.541667
   298    2   21 1.000000
   298    2   22 0.916667
   298    2   23 1.000000
   298    2   24 1.000000
   298    2   25 1.000000
   298    2   26 1.000000
   298    2   27 1.000000
   298    3    4 1.000000
   298    3    5 1.000000
   298    3    6 0.541667
   298    3    7 1.000000
   298    3    8 1.000000
   298    3    9 1.000000
   298    3   10 1.000000
   298    3   11 1.000000
   298    3   12 1.000000
   298    3   13 1.000000
   298    3   14 1.000000
   298    3   15 1.000000
   298    3   16 1.000000
   298    3   17 1.000000
   298    3   18 0.541667
   298    3   19 1.000000
   298    3   20 0.541667
   298    3   21 1.000000
   298    3   22 0.916667
   298    3   23 1.000000
   298    3   24 1.000000
   298    3   25 1.000000
   298    3   26 1.000000
   298    3   27 1.000000
   298    4    5 1.000000
   298    4    6 0.541667
   298    4    7 1.000000
   298    4    8 1.000000
   298    4    9 1.000000
   298    4   10 1.000000
   298    4   11 1.000000
   298    4   12 1.000000
   298    4   13 1.000000
   298    4   14 1.000000
   298    4   15 1.000000
   298    4   16 1.000000
   298    4   17 1.000000
   298    4   18 0.541667
   298    4   19 1.000000
   298    4   20 0.541667
   298    4   21 1.000000
   298    4   22 0.916667
   298    4   23 1.000000
   298    4   24 1.000000
   298    4   25 1.000000
   298    4   26 1.000000
   298    4   27 1.000000
   298    5    6 0.541667
   298    5    7 1.000000
   298    5    8 1.000000
   298    5    9 1.000000
   298    5   10 1.000000
   298    5   11 1.000000
   298    5   12 1.000000
   298    5   13 1.000000
   298    5   14 1.000000
   298    5   15 1.000000
   298    5   16 1.000000
   298    5   17 1.000000
   298    5   18 0.541667
   298    5   19 1.000000
   298    5   20 0.541667
   298    5   21 1.000000
   298    5   22 0.916667
   298    5   23 1.000000
   298    5   24 1.000000
   298    5   25 1.000000
   298    5   26 1.000000
   298    5   27 1.000000
   298    6    7 0.541667
   298    6    8 0.541667
   298    6    9 0.541667
   298    6   10 0.541667
   298    6   11 0.541667
   298    6   12 0.541667
   298    6   13 0.541667
   298    6   14 0.541667
   298    6   15 0.541667
   298    6   16 0.541667
   298    6   17 0.541667
   298    6   18 1.000000
   298    6   19 0.541667
   298    6   20 1.000000
   298    6   21 0.541667
   298    6   22 0.458333
   298    6   23 0.541667
   298    6   24 0.541667
   298    6   25 0.541667
   298    6   26 0.541667
   298    6   27 0.541667
   298    7    8 1.000000
   298    7    9 1.000000
   298    7   10 1.000000
   298    7   11 1.000000
   298    7   12 1.000000
   298    7   13 1.000000
   298    7   14 1.000000
   298    7   15 1.000000
   298    7   16 1.000000
   298    7   17 1.000000
   298    7   18 0.541667
   298    7   19 1.000000
   298    7   20 0.541667
   298    7   21 1.000000
   298    7   22 0.916667
   298    7   23 1.000000
   298    7   24 1.000000
   298    7   25 1.000000
   298    7   26 1.000000
   298    7   27 1.000000
   298    8    9 1.000000
   298    8   10 1.000000
   298    8   11 1.000000
   298    8   12 1.000000
   298    8   13 1.000000
   298    8   14 1.000000
   298    8   15 1.000000
   298    8   16 1.000000
   298    8   17 1.000000
   298    8   18 0.541667
   298    8   19 1.000000
   298    8   20 0.541667
   298    8   21 1.000000
   298    8   22 0.916667
   298    8   23 1.000000
   298    8   24 1.000000
   298    8   25 1.000000
   298    8   26 1.000000
   298    8   27 1.000000
   298    9   10 1.000000
   298    9   11 1.000000
   298    9   12 1.000000
   298    9   13 1.000000
   298    9   14 1.000000
   298    9   15 1.000000
   298    9   16 1.000000
   298    9   17 1.000000
   298    9   18 0.541667
   298    9   19 1.000000
   298    9   20 0.541667
   298    9   21 1.000000
   298    9   22 0.916667
   298    9   23 1.000000
   298    9   24 1.000000
   298    9   25 1.000000
   298    9   26 1.000000
   298    9   27 1.000000
   298   10   11 1.000000
   298   10   12 1.000000
   298   10   13 1.000000
   298   10   14 1.000000
   298   10   15 1.000000
   298   10   16 1.000000
   298   10   17 1.000000
   298   10   18 0.541667
   298   10   19 1.000000
   298   10   20 0.541667
   298   10   21 1.000000
   298   10   22 0.916667
   298   10   23 1.000000
   298   10   24 1.000000
   298   10   25 1.000000
   298   10   26 1.000000
   298   10   27 1.000000
   298   11   12 1.000000
   298   11   13 1.000000
   298   11   14 1.000000
   298   11   15 1.000000
   298   11   16 1.000000
   298   11   17 1.000000
   298   11   18 0.541667
   298   11   19 1.000000
   298   11   20 0.541667
   298   11   21 1.000000
   298   11   22 0.916667
   298   11   23 1.000000
   298   11   24 1.000000
   298   11   25 1.000000
   298   11   26 1.000000
   298   11   27 1.000000
   298   12   13 1.000000
   298   12   14 1.000000
   298   12   15 1.000000
   298   12   16 1.000000
   298   12   17 1.000000
   298   12   18 0.541667
   298   12   19 1.000000
   298   12   20 0.541667
   298   12   21 1.000000
   298   12   22 0.916667
   298   12   23 1.000000
   298   12   24 1.000000
   298   12   25 1.000000
   298   12   26 1.000000
   298   12   27 1.000000
   298   13   14 1.000000
   298   13   15 1.000000
   298   13   16 1.000000
   298   13   17 1.000000
   298   13   18 0.541667
   298   13   19 1.000000
   298   13   20 0.541667
   298   13   21 1.000000
   298   13   22 0.916667
   298   13   23 1.000000
   298   13   24 1.000000
   298   13   25 1.000000
   298   13   26 1.000000
   298   13   27 1.000000
   298   14   15 1.000000
   298   14   16 1.000000
   298   14   17 1.000000
   298   14   18 0.541667
   298   14   19 1.000000
   298   14   20 0.541667
   298   14   21 1.000000
   298   14   22 0.916667
   298   14   23 1.000000
   298   14   24 1.000000
   298   14   25 1.000000
   298   14   26 1.000000
   298   14   27 1.000000
   298   15   16 1.000000
   298   15   17 1.000000
   298   15   18 0.541667
   298   15   19 1.000000
   298   15   20 0.541667
   298   15   21 1.000000
   298   15   22 0.916667
   298   15   23 1.000000
   298   15   24 1.000000
   298   15   25 1.000000
   298   15   26 1.000000
   298   15   27 1.000000
   298   16   17 1.000000
   298   16   18 0.541667
   298   16   19 1.000000
   298   16   20 0.541667
   298   16   21 1.000000
   298   16   22 0.916667
   298   16   23 1.000000
   298   16   24 1.000000
   298   16   25 1.000000
   298   16   26 1.000000
   298   16   27 1.000000
   298   17   18 0.541667
   298   17   19 1.000000
   298   17   20 0.541667
   298   17   21 1.000000
   298   17   22 0.916667
   298   17   23 1.000000
   298   17   24 1.000000
   298   17   25 1.000000
   298   17   26 1.000000
   298   17   27 1.000000
   298   18   19 0.541667
   298   18   20 1.000000
   298   18   21 0.541667
   298   18   22 0.458333
   298   18   23 0.541667
   298   18   24 0.541667
   298   18   25 0.541667
   298   18   26 0.541667
   298   18   27 0.541667
   298   19   20 0.541667
   298   19   21 1.000000
   298   19   22 0.916667
   298   19   23 1.000000
   298   19   24 1.000000
   298   19   25 1.000000
   298   19   26 1.000000
   298   19   27 1.000000
   298   20   21 0.541667
   298   20   22 0.458333
   298   20   23 0.541667
   298   20   24 0.541667
   298   20   25 0.541667
   298   20   26 0.541667
   298   20   27 0.541667
   298   21   22 0.916667
   298   21   23 1.000000
   298   21   24 1.000000
   298   21   25 1.000000
   298   21   26 1.000000
   298   21   27 1.000000
   298   22   23 0.916667
   298   22   24 0.916667
   298   22   25 0.916667
   298   22   26 0.916667
   298   22   27 0.916667
   298   23   24 1.000000
   298   23   25 1.000000
   298   23   26 1.000000
   298   23   27 1.000000
   298   24   25 1.000000
   298   24   26 1.000000
   298   24   27 1.000000
   298   25   26 1.000000
   298   25   27 1.000000
   298   26   27 1.000000
   299    1    2 1.000000
   299    1    3 1.000000
   299    1    4 1.000000
   299    1    5 1.000000
   299    1    6 0.541667
   299    1    7 1.000000
   299    1    8 1.000000
   299    1    9 1.000000
   299    1   10 1.000000
   299    1   11 1.000000
   299    1   12 1.000000
   299    1   13 1.000000
   299    1   14 1.000000
   299    1   15 1.000000
   299    1   16 1.000000
   299    1   17 1.000000
   299    1   18 0.541667
   299    1   19 1.000000
   299    1   20 0.541667
   299    1   21 1.000000
   299    1   22 1.000000
   299    1   23 1.000000
   299    1   24 1.000000
   299    1   25 1.000000
   299    1   26 1.000000
   299    1   27 1.000000
   299    2    3 1.000000
   299    2    4 1.000000
   299    2    5 1.000000
   299    2    6 0.541667
   299    2    7 1.000000
   299    2    8 1.000000
   299    2    9 1.000000
   299    2   10 1.000000
   299    2   11 1.000000
   299    2   12 1.000000
   299    2   13 1.000000
   299    2   14 1.000000
   299    2   15 1.000000
   299    2   16 1.000000
   299    2   17 1.000000
   299    2   18 0.541667
   299    2   19 1.000000
   299    2   20 0.541667
   299    2   21 1.000000
   299    2   22 1.000000
   299    2   23 1.000000
   299    2   24 1.000000
   299    2   25 1.000000
   299    2   26 1.000000
   299    2   27 1.000000
   299    3    4 1.000000
   299    3    5 1.000000
   299    3    6 0.541667
   299    3    7 1.000000
   299    3    8 1.000000
   299    3    9 1.000000
   299    3   10 1.000000
   299    3   11 1.000000
   299    3   12 1.000000
   299    3   13 1.000000
   299    3   14 1.000000
   299    3   15 1.000000
   299    3   16 1.000000
   299    3   17 1.000000
   299    3   18 0.541667
   299    3   19 1.000000
   299    3   20 0.541667
   299    3   21 1.000000
   299    3   22 1.000000
   299    3   23 1.000000
   299    3   24 1.000000
   299    3   25 1.000000
   299    3   26 1.000000
   299    3   27 1.000000
   299    4    5 1.000000
   299    4    6 0.541667
   299    4    7 1.000000
   299    4    8 1.000000
   299    4    9 1.000000
   299    4   10 1.000000
   299    4   11 1.000000
   299    4   12 1.000000
   299    4   13 1.000000
   299    4   14 1.000000
   299    4   15 1.000000
   299    4   16 1.000000
   299    4   17 1.000000
   299    4   18 0.541667
   299    4   19 1.000000
   299    4   20 0.541667
   299    4   21 1.000000
   299    4   22 1.000000
   299    4   23 1.000000
   299    4   24 1.000000
   299    4   25 1.000000
   299    4   26 1.000000
   299    4   27 1.000000
   299    5    6 0.541667
   299    5    7 1.000000
   299    5    8 1.000000
   299    5    9 1.000000
   299    5   10 1.000000
   299    5   11 1.000000
   299    5   12 1.000000
   299    5   13 1.000000
   299    5   14 1.000000
   299    5   15 1.000000
   299    5   16 1.000000
   299    5   17 1.000000
   299    5   18 0.541667
   299    5   19 1.000000
   299    5   20 0.541667
   299    5   21 1.000000
   299    5   22 1.000000
   299    5   23 1.000000
   299    5   24 1.000000
   299    5   25 1.000000
   299    5   26 1.000000
   299    5   27 1.000000
   299    6    7 0.541667
   299    6    8 0.541667
   299    6    9 0.541667
   299    6   10 0.541667
   299    6   11 0.541667
   299    6   12 0.541667
   299    6   13 0.541667
   299    6   14 0.541667
   299    6   15 0.541667
   299    6   16 0.541667
   299    6   17 0.541667
   299    6   18 1.000000
   299    6   19 0.541667
   299    6   20 1.000000
   299    6   21 0.541667
   299    6   22 0.541667
   299    6   23 0.541667
   299    6   24 0.541667
   299    6   25 0.541667
   299    6   26 0.541667
   299    6   27 0.541667
   299    7    8 1.000000
   299    7    9 1.000000
   299    7   10 1.000000
   299    7   11 1.000000
   299    7   12 1.000000
   299    7   13 1.000000
   299    7   14 1.000000
   299    7   15 1.000000
   299    7   16 1.000000
   299    7   17 1.000000
   299    7   18 0.541667
   299    7   19 1.000000
   299    7   20 0.541667
   299    7   21 1.000000
   299    7   22 1.000000
   299    7   23 1.000000
   299    7   24 1.000000
   299    7   25 1.000000
   299    7   26 1.000000
   299    7   27 1.000000
   299    8    9 1.000000
   299    8   10 1.000000
   299    8   11 1.000000
   299    8   12 1.000000
   299    8   13 1.000000
   299    8   14 1.000000
   299    8   15 1.000000
   299    8   16 1.000000
   299    8   17 1.000000
   299    8   18 0.541667
   299    8   19 1.000000
   299    8   20 0.541667
   299    8   21 1.000000
   299    8   22 1.000000
   299    8   23 1.000000
   299    8   24 1.000000
   299    8   25 1.000000
   299    8   26 1.000000
   299    8   27 1.000000
   299    9   10 1.000000
   299    9   11 1.000000
   299    9   12 1.000000
   299    9   13 1.000000
   299    9   14 1.000000
   299    9   15 1.000000
   299    9   16 1.000000
   299    9   17 1.000000
   299    9   18 0.541667
   299    9   19 1.000000
   299    9   20 0.541667
   299    9   21 1.000000
   299    9   22 1.000000
   299    9   23 1.000000
   299    9   24 1.000000
   299    9   25 1.000000
   299    9   26 1.000000
   299    9   27 1.000000
   299   10   11 1.000000
   299   10   12 1.000000
   299   10   13 1.000000
   299   10   14 1.000000
   299   10   15 1.000000
   299   10   16 1.000000
   299   10   17 1.000000
   299   10   18 0.541667
   299   10   19 1.000000
   299   10   20 0.541667
   299   10   21 1.000000
   299   10   22 1.000000
   299   10   23 1.000000
   299   10   24 1.000000
   299   10   25 1.000000
   299   10   26 1.000000
   299   10   27 1.000000
   299   11   12 1.000000
   299   11   13 1.000000
   299   11   14 1.000000
   299   11   15 1.000000
   299   11   16 1.000000
   299   11   17 1.000000
   299   11   18 0.541667
   299   11   19 1.000000
   299   11   20 0.541667
   299   11   21 1.000000
   299   11   22 1.000000
   299   11   23 1.000000
   299   11   24 1.000000
   299   11   25 1.000000
   299   11   26 1.000000
   299   11   27 1.000000
   299   12   13 1.000000
   299   12   14 1.000000
   299   12   15 1.000000
   299   12   16 1.000000
   299   12   17 1.000000
   299   12   18 0.541667
   299   12   19 1.000000
   299   12   20 0.541667
   299   12   21 1.000000
   299   12   22 1.000000
   299   12   23 1.000000
   299   12   24 1.000000
   299   12   25 1.000000
   299   12   26 1.000000
   299   12   27 1.000000
   299   13   14 1.000000
   299   13   15 1.000000
   299   13   16 1.000000
   299   13   17 1.000000
   299   13   18 0.541667
   299   13   19 1.000000
   299   13   20 0.541667
   299   13   21 1.000000
   299   13   22 1.000000
   299   13   23 1.000000
   299   13   24 1.000000
   299   13   25 1.000000
   299   13   26 1.000000
   299   13   27 1.000000
   299   14   15 1.000000
   299   14   16 1.000000
   299   14   17 1.000000
   299   14   18 0.541667
   299   14   19 1.000000
   299   14   20 0.541667
   299   14   21 1.000000
   299   14   22 1.000000
   299   14   23 1.000000
   299   14   24 1.000000
   299   14   25 1.000000
   299   14   26 1.000000
   299   14   27 1.000000
   299   15   16 1.000000
   299   15   17 1.000000
   299   15   18 0.541667
   299   15   19 1.000000
   299   15   20 0.541667
   299   15   21 1.000000
   299   15   22 1.000000
   299   15   23 1.000000
   299   15   24 1.000000
   299   15   25 1.000000
   299   15   26 1.000000
   299   15   27 1.000000
   299   16   17 1.000000
   299   16   18 0.541667
   299   16   19 1.000000
   299   16   20 0.541667
   299   16   21 1.000000
   299   16   22 1.000000
   299   16   23 1.000000
   299   16   24 1.000000
   299   16   25 1.000000
   299   16   26 1.000000
   299   16   27 1.000000
   299   17   18 0.541667
   299   17   19 1.000000
   299   17   20 0.541667
   299   17   21 1.000000
   299   17   22 1.000000
   299   17   23 1.000000
   299   17   24 1.000000
   299   17   25 1.000000
   299   17   26 1.000000
   299   17   27 1.000000
   299   18   19 0.541667
   299   18   20 1.000000
   299   18   21 0.541667
   299   18   22 0.541667
   299   18   23 0.541667
   299   18   24 0.541667
   299   18   25 0.541667
   299   18   26 0.541667
   299   18   27 0.541667
   299   19   20 0.541667
   299   19   21 1.000000
   299   19   22 1.000000
   299   19   23 1.000000
   299   19   24 1.000000
   299   19   25 1.000000
   299   19   26 1.000000
   299   19   27 1.000000
   299   20   21 0.541667
   299   20   22 0.541667
   299   20   23 0.541667
   299   20   24 0.541667
   299   20   25 0.541667
   299   20   26 0.541667
   299   20   27 0.541667
   299   21   22 1.000000
   299   21   23 1.000000
   299   21   24 1.000000
   299   21   25 1.000000
   299   21   26 1.000000
   299   21   27 1.000000
   299   22   23 1.000000
   299   22   24 1.000000
   299   22   25 1.000000
   299   22   26 1.000000
   299   22   27 1.000000
   299   23   24 1.000000
   299   23   25 1.000000
   299   23   26 1.000000
   299   23   27 1.000000
   299   24   25 1.000000
   299   24   26 1.000000
   299   24   27 1.000000
   299   25   26 1.000000
   299   25   27 1.000000
   299   26   27 1.000000
   300    2    7 1.000000
   300    2    8 1.000000
   300    2   10 1.000000
   300    2   11 1.000000
   300    2   12 1.000000
   300    2   13 1.000000
   300    2   14 1.000000
   300    2   15 1.000000
   300    2   16 1.000000
   300    2   17 1.000000
   300    2   21 1.000000
   300    2   22 1.000000
   300    2   23 1.000000
   300    2   24 1.000000
   300    2   25 1.000000
   300    2   26 1.000000
   300    2   27 1.000000
   300    7    8 1.000000
   300    7   10 1.000000
   300    7   11 1.000000
   300    7   12 1.000000
   300    7   13 1.000000
   300    7   14 1.000000
   300    7   15 1.000000
   300    7   16 1.000000
   300    7   17 1.000000
   300    7   21 1.000000
   300    7   22 1.000000
   300    7   23 1.000000
   300    7   24 1.000000
   300    7   25 1.000000
   300    7   26 1.000000
   300    7   27 1.000000
   300    8   10 1.000000
   300    8   11 1.000000
   300    8   12 1.000000
   300    8   13 1.000000
   300    8   14 1.000000
   300    8   15 1.000000
   300    8   16 1.000000
   300    8   17 1.000000
   300    8   21 1.000000
   300    8   22 1.000000
   300    8   23 1.000000
   300    8   24 1.000000
   300    8   25 1.000000
   300    8   26 1.000000
   300    8   27 1.000000
   300   10   11 1.000000
   300   10   12 1.000000
   300   10   13 1.000000
   300   10   14 1.000000
   300   10   15 1.000000
   300   10   16 1.000000
   300   10   17 1.000000
   300   10   21 1.000000
   300   10   22 1.000000
   300   10   23 1.000000
   300   10   24 1.000000
   300   10   25 1.000000
   300   10   26 1.000000
   300   10   27 1.000000
   300   11   12 1.000000
   300   11   13 1.000000
   300   11   14 1.000000
   300   11   15 1.000000
   300   11   16 1.000000
   300   11   17 1.000000
   300   11   21 1.000000
   300   11   22 1.000000
   300   11   23 1.000000
   300   11   24 1.000000
   300   11   25 1.000000
   300   11   26 1.000000
   300   11   27 1.000000
   300   12   13 1.000000
   300   12   14 1.000000
   300   12   15 1.000000
   300   12   16 1.000000
   300   12   17 1.000000
   300   12   21 1.000000
   300   12   22 1.000000
   300   12   23 1.000000
   300   12   24 1.000000
   300   12   25 1.000000
   300   12   26 1.000000
   300   12   27 1.000000
   300   13   14 1.000000
   300   13   15 1.000000
   300   13   16 1.000000
   300   13   17 1.000000
   300   13   21 1.000000
   300   13   22 1.000000
   300   13   23 1.000000
   300   13   24 1.000000
   300   13   25 1.000000
   300   13   26 1.000000
   300   13   27 1.000000
   300   14   15 1.000000
   300   14   16 1.000000
   300   14   17 1.000000
   300   14   21 1.000000
   300   14   22 1.000000
   300   14   23 1.000000
   300   14   24 1.000000
   300   14   25 1.000000
   300   14   26 1.000000
   300   14   27 1.000000
   300   15   16 1.000000
   300   15   17 1.000000
   300   15   21 1.000000
   300   15   22 1.000000
   300   15   23 1.000000
   300   15   24 1.000000
   300   15   25 1.000000
   300   15   26 1.000000
   300   15   27 1.000000
   300   16   17 1.000000
   300   16   21 1.000000
   300   16   22 1.000000
   300   16   23 1.000000
   300   16   24 1.000000
   300   16   25 1.000000
   300   16   26 1.000000
   300   16   27 1.000000
   300   17   21 1.000000
   300   17   22 1.000000
   300   17   23 1.000000
   300   17   24 1.000000
   300   17   25 1.000000
   300   17   26 1.000000
   300   17   27 1.000000
   300   21   22 1.000000
   300   21   23 1.000000
   300   21   24 1.000000
   300   21   25 1.000000
   300   21   26 1.000000
   300   21   27 1.000000
   300   22   23 1.000000
   300   22   24 1.000000
   300   22   25 1.000000
   300   22   26 1.000000
   300   22   27 1.000000
   300   23   24 1.000000
   300   23   25 1.000000
   300   23   26 1.000000
   300   23   27 1.000000
   300   24   25 1.000000
   300   24   26 1.000000
   300   24   27 1.000000
   300   25   26 1.000000
   300   25   27 1.000000
   300   26   27 1.000000
   301    1    2 1.000000
   301    1    3 1.000000
   301    1    4 1.000000
   301    1    5 1.000000
   301    1    6 1.000000
   301    1    8 1.000000
   301    1    9 1.000000
   301    1   10 1.000000
   301    1   11 1.000000
   301    1   12 1.000000
   301    1   13 1.000000
   301    1   14 1.000000
   301    1   15 1.000000
   301    1   16 1.000000
   301    1   17 1.000000
   301    1   18 1.000000
   301    1   19 1.000000
   301    1   20 1.000000
   301    1   21 1.000000
   301    1   22 1.000000
   301    1   23 1.000000
   301    1   24 1.000000
   301    1   25 1.000000
   301    1   26 1.000000
   301    1   27 1.000000
   301    2    3 1.000000
   301    2    4 1.000000
   301    2    5 1.000000
   301    2    6 1.000000
   301    2    8 1.000000
   301    2    9 1.000000
   301    2   10 1.000000
   301    2   11 1.000000
   301    2   12 1.000000
   301    2   13 1.000000
   301    2   14 1.000000
   301    2   15 1.000000
   301    2   16 1.000000
   301    2   17 1.000000
   301    2   18 1.000000
   301    2   19 1.000000
   301    2   20 1.000000
   301    2   21 1.000000
   301    2   22 1.000000
   301    2   23 1.000000
   301    2   24 1.000000
   301    2   25 1.000000
   301    2   26 1.000000
   301    2   27 1.000000
   301    3    4 1.000000
   301    3    5 1.000000
   301    3    6 1.000000
   301    3    8 1.000000
   301    3    9 1.000000
   301    3   10 1.000000
   301    3   11 1.000000
   301    3   12 1.000000
   301    3   13 1.000000
   301    3   14 1.000000
   301    3   15 1.000000
   301    3   16 1.000000
   301    3   17 1.000000
   301    3   18 1.000000
   301    3   19 1.000000
   301    3   20 1.000000
   301    3   21 1.000000
   301    3   22 1.000000
   301    3   23 1.000000
   301    3   24 1.000000
   301    3   25 1.000000
   301    3   26 1.000000
   301    3   27 1.000000
   301    4    5 1.000000
   301    4    6 1.000000
   301    4    8 1.000000
   301    4    9 1.000000
   301    4   10 1.000000
   301    4   11 1.000000
   301    4   12 1.000000
   301    4   13 1.000000
   301    4   14 1.000000
   301    4   15 1.000000
   301    4   16 1.000000
   301    4   17 1.000000
   301    4   18 1.000000
   301    4   19 1.000000
   301    4   20 1.000000
   301    4   21 1.000000
   301    4   22 1.000000
   301    4   23 1.000000
   301    4   24 1.000000
   301    4   25 1.000000
   301    4   26 1.000000
   301    4   27 1.000000
   301    5    6 1.000000
   301    5    8 1.000000
   301    5    9 1.000000
   301    5   10 1.000000
   301    5   11 1.000000
   301    5   12 1.000000
   301    5   13 1.000000
   301    5   14 1.000000
   301    5   15 1.000000
   301    5   16 1.000000
   301    5   17 1.000000
   301    5   18 1.000000
   301    5   19 1.000000
   301    5   20 1.000000
   301    5   21 1.000000
   301    5   22 1.000000
   301    5   23 1.000000
   301    5   24 1.000000
   301    5   25 1.000000
   301    5   26 1.000000
   301    5   27 1.000000
   301    6    8 1.000000
   301    6    9 1.000000
   301    6   10 1.000000
   301    6   11 1.000000
   301    6   12 1.000000
   301    6   13 1.000000
   301    6   14 1.000000
   301    6   15 1.000000
   301    6   16 1.000000
   301    6   17 1.000000
   301    6   18 1.000000
   301    6   19 1.000000
   301    6   20 1.000000
   301    6   21 1.000000
   301    6   22 1.000000
   301    6   23 1.000000
   301    6   24 1.000000
   301    6   25 1.000000
   301    6   26 1.000000
   301    6   27 1.000000
   301    8    9 1.000000
   301    8   10 1.000000
   301    8   11 1.000000
   301    8   12 1.000000
   301    8   13 1.000000
   301    8   14 1.000000
   301    8   15 1.000000
   301    8   16 1.000000
   301    8   17 1.000000
   301    8   18 1.000000
   301    8   19 1.000000
   301    8   20 1.000000
   301    8   21 1.000000
   301    8   22 1.000000
   301    8   23 1.000000
   301    8   24 1.000000
   301    8   25 1.000000
   301    8   26 1.000000
   301    8   27 1.000000
   301    9   10 1.000000
   301    9   11 1.000000
   301    9   12 1.000000
   301    9   13 1.000000
   301    9   14 1.000000
   301    9   15 1.000000
   301    9   16 1.000000
   301    9   17 1.000000
   301    9   18 1.000000
   301    9   19 1.000000
   301    9   20 1.000000
   301    9   21 1.000000
   301    9   22 1.000000
   301    9   23 1.000000
   301    9   24 1.000000
   301    9   25 1.000000
   301    9   26 1.000000
   301    9   27 1.000000
   301   10   11 1.000000
   301   10   12 1.000000
   301   10   13 1.000000
   301   10   14 1.000000
   301   10   15 1.000000
   301   10   16 1.000000
   301   10   17 1.000000
   301   10   18 1.000000
   301   10   19 1.000000
   301   10   20 1.000000
   301   10   21 1.000000
   301   10   22 1.000000
   301   10   23 1.000000
   301   10   24 1.000000
   301   10   25 1.000000
   301   10   26 1.000000
   301   10   27 1.000000
   301   11   12 1.000000
   301   11   13 1.000000
   301   11   14 1.000000
   301   11   15 1.000000
   301   11   16 1.000000
   301   11   17 1.000000
   301   11   18 1.000000
   301   11   19 1.000000
   301   11   20 1.000000
   301   11   21 1.000000
   301   11   22 1.000000
   301   11   23 1.000000
   301   11   24 1.000000
   301   11   25 1.000000
   301   11   26 1.000000
   301   11   27 1.000000
   301   12   13 1.000000
   301   12   14 1.000000
   301   12   15 1.000000
   301   12   16 1.000000
   301   12   17 1.000000
   301   12   18 1.000000
   301   12   19 1.000000
   301   12   20 1.000000
   301   12   21 1.000000
   301   12   22 1.000000
   301   12   23 1.000000
   301   12   24 1.000000
   301   12   25 1.000000
   301   12   26 1.000000
   301   12   27 1.000000
   301   13   14 1.000000
   301   13   15 1.000000
   301   13   16 1.000000
   301   13   17 1.000000
   301   13   18 1.000000
   301   13   19 1.000000
   301   13   20 1.000000
   301   13   21 1.000000
   301   13   22 1.000000
   301   13   23 1.000000
   301   13   24 1.000000
   301   13   25 1.000000
   301   13   26 1.000000
   301   13   27 1.000000
   301   14   15 1.000000
   301   14   16 1.000000
   301   14   17 1.000000
   301   14   18 1.000000
   301   14   19 1.000000
   301   14   20 1.000000
   301   14   21 1.000000
   301   14   22 1.000000
   301   14   23 1.000000
   301   14   24 1.000000
   301   14   25 1.000000
   301   14   26 1.000000
   301   14   27 1.000000
   301   15   16 1.000000
   301   15   17 1.000000
   301   15   18 1.000000
   301   15   19 1.000000
   301   15   20 1.000000
   301   15   21 1.000000
   301   15   22 1.000000
   301   15   23 1.000000
   301   15   24 1.000000
   301   15   25 1.000000
   301   15   26 1.000000
   301   15   27 1.000000
   301   16   17 1.000000
   301   16   18 1.000000
   301   16   19 1.000000
   301   16   20 1.000000
   301   16   21 1.000000
   301   16   22 1.000000
   301   16   23 1.000000
   301   16   24 1.000000
   301   16   25 1.000000
   301   16   26 1.000000
   301   16   27 1.000000
   301   17   18 1.000000
   301   17   19 1.000000
   301   17   20 1.000000
   301   17   21 1.000000
   301   17   22 1.000000
   301   17   23 1.000000
   301   17   24 1.000000
   301   17   25 1.000000
   301   17   26 1.000000
   301   17   27 1.000000
   301   18   19 1.000000
   301   18   20 1.000000
   301   18   21 1.000000
   301   18   22 1.000000
   301   18   23 1.000000
   301   18   24 1.000000
   301   18   25 1.000000
   301   18   26 1.000000
   301   18   27 1.000000
   301   19   20 1.000000
   301   19   21 1.000000
   301   19   22 1.000000
   301   19   23 1.000000
   301   19   24 1.000000
   301   19   25 1.000000
   301   19   26 1.000000
   301   19   27 1.000000
   301   20   21 1.000000
   301   20   22 1.000000
   301   20   23 1.000000
   301   20   24 1.000000
   301   20   25 1.000000
   301   20   26 1.000000
   301   20   27 1.000000
   301   21   22 1.000000
   301   21   23 1.000000
   301   21   24 1.000000
   301   21   25 1.000000
   301   21   26 1.000000
   301   21   27 1.000000
   301   22   23 1.000000
   301   22   24 1.000000
   301   22   25 1.000000
   301   22   26 1.000000
   301   22   27 1.000000
   301   23   24 1.000000
   301   23   25 1.000000
   301   23   26 1.000000
   301   23   27 1.000000
   301   24   25 1.000000
   301   24   26 1.000000
   301   24   27 1.000000
   301   25   26 1.000000
   301   25   27 1.000000
   301   26   27 1.000000
   302    1    2 1.000000
   302    1    3 1.000000
   302    1    4 1.000000
   302    1    5 1.000000
   302    1    6 1.000000
   302    1    7 1.000000
   302    1    8 1.000000
   302    1    9 1.000000
   302    1   10 1.000000
   302    1   11 1.000000
   302    1   12 1.000000
   302    1   13 1.000000
   302    1   14 1.000000
   302    1   15 1.000000
   302    1   16 1.000000
   302    1   17 1.000000
   302    1   18 1.000000
   302    1   19 1.000000
   302    1   20 1.000000
   302    1   21 1.000000
   302    1   22 1.000000
   302    1   23 1.000000
   302    1   24 1.000000
   302    1   25 1.000000
   302    1   26 1.000000
   302    1   27 1.000000
   302    2    3 1.000000
   302    2    4 1.000000
   302    2    5 1.000000
   302    2    6 1.000000
   302    2    7 1.000000
   302    2    8 1.000000
   302    2    9 1.000000
   302    2   10 1.000000
   302    2   11 1.000000
   302    2   12 1.000000
   302    2   13 1.000000
   302    2   14 1.000000
   302    2   15 1.000000
   302    2   16 1.000000
   302    2   17 1.000000
   302    2   18 1.000000
   302    2   19 1.000000
   302    2   20 1.000000
   302    2   21 1.000000
   302    2   22 1.000000
   302    2   23 1.000000
   302    2   24 1.000000
   302    2   25 1.000000
   302    2   26 1.000000
   302    2   27 1.000000
   302    3    4 1.000000
   302    3    5 1.000000
   302    3    6 1.000000
   302    3    7 1.000000
   302    3    8 1.000000
   302    3    9 1.000000
   302    3   10 1.000000
   302    3   11 1.000000
   302    3   12 1.000000
   302    3   13 1.000000
   302    3   14 1.000000
   302    3   15 1.000000
   302    3   16 1.000000
   302    3   17 1.000000
   302    3   18 1.000000
   302    3   19 1.000000
   302    3   20 1.000000
   302    3   21 1.000000
   302    3   22 1.000000
   302    3   23 1.000000
   302    3   24 1.000000
   302    3   25 1.000000
   302    3   26 1.000000
   302    3   27 1.000000
   302    4    5 1.000000
   302    4    6 1.000000
   302    4    7 1.000000
   302    4    8 1.000000
   302    4    9 1.000000
   302    4   10 1.000000
   302    4   11 1.000000
   302    4   12 1.000000
   302    4   13 1.000000
   302    4   14 1.000000
   302    4   15 1.000000
   302    4   16 1.000000
   302    4   17 1.000000
   302    4   18 1.000000
   302    4   19 1.000000
   302    4   20 1.000000
   302    4   21 1.000000
   302    4   22 1.000000
   302    4   23 1.000000
   302    4   24 1.000000
   302    4   25 1.000000
   302    4   26 1.000000
   302    4   27 1.000000
   302    5    6 1.000000
   302    5    7 1.000000
   302    5    8 1.000000
   302    5    9 1.000000
   302    5   10 1.000000
   302    5   11 1.000000
   302    5   12 1.000000
   302    5   13 1.000000
   302    5   14 1.000000
   302    5   15 1.000000
   302    5   16 1.000000
   302    5   17 1.000000
   302    5   18 1.000000
   302    5   19 1.000000
   302    5   20 1.000000
   302    5   21 1.000000
   302    5   22 1.000000
   302    5   23 1.000000
   302    5   24 1.000000
   302    5   25 1.000000
   302    5   26 1.000000
   302    5   27 1.000000
   302    6    7 1.000000
   302    6    8 1.000000
   302    6    9 1.000000
   302    6   10 1.000000
   302    6   11 1.000000
   302    6   12 1.000000
   302    6   13 1.000000
   302    6   14 1.000000
   302    6   15 1.000000
   302    6   16 1.000000
   302    6   17 1.000000
   302    6   18 1.000000
   302    6   19 1.000000
   302    6   20 1.000000
   302    6   21 1.000000
   302    6   22 1.000000
   302    6   23 1.000000
   302    6   24 1.000000
   302    6   25 1.000000
   302    6   26 1.000000
   302    6   27 1.000000
   302    7    8 1.000000
   302    7    9 1.000000
   302    7   10 1.000000
   302    7   11 1.000000
   302    7   12 1.000000
   302    7   13 1.000000
   302    7   14 1.000000
   302    7   15 1.000000
   302    7   16 1.000000
   302    7   17 1.000000
   302    7   18 1.000000
   302    7   19 1.000000
   302    7   20 1.000000
   302    7   21 1.000000
   302    7   22 1.000000
   302    7   23 1.000000
   302    7   24 1.000000
   302    7   25 1.000000
   302    7   26 1.000000
   302    7   27 1.000000
   302    8    9 1.000000
   302    8   10 1.000000
   302    8   11 1.000000
   302    8   12 1.000000
   302    8   13 1.000000
   302    8   14 1.000000
   302    8   15 1.000000
   302    8   16 1.000000
   302    8   17 1.000000
   302    8   18 1.000000
   302    8   19 1.000000
   302    8   20 1.000000
   302    8   21 1.000000
   302    8   22 1.000000
   302    8   23 1.000000
   302    8   24 1.000000
   302    8   25 1.000000
   302    8   26 1.000000
   302    8   27 1.000000
   302    9   10 1.000000
   302    9   11 1.000000
   302    9   12 1.000000
   302    9   13 1.000000
   302    9   14 1.000000
   302    9   15 1.000000
   302    9   16 1.000000
   302    9   17 1.000000
   302    9   18 1.000000
   302    9   19 1.000000
   302    9   20 1.000000
   302    9   21 1.000000
   302    9   22 1.000000
   302    9   23 1.000000
   302    9   24 1.000000
   302    9   25 1.000000
   302    9   26 1.000000
   302    9   27 1.000000
   302   10   11 1.000000
   302   10   12 1.000000
   302   10   13 1.000000
   302   10   14 1.000000
   302   10   15 1.000000
   302   10   16 1.000000
   302   10   17 1.000000
   302   10   18 1.000000
   302   10   19 1.000000
   302   10   20 1.000000
   302   10   21 1.000000
   302   10   22 1.000000
   302   10   23 1.000000
   302   10   24 1.000000
   302   10   25 1.000000
   302   10   26 1.000000
   302   10   27 1.000000
   302   11   12 1.000000
   302   11   13 1.000000
   302   11   14 1.000000
   302   11   15 1.000000
   302   11   16 1.000000
   302   11   17 1.000000
   302   11   18 1.000000
   302   11   19 1.000000
   302   11   20 1.000000
   302   11   21 1.000000
   302   11   22 1.000000
   302   11   23 1.000000
   302   11   24 1.000000
   302   11   25 1.000000
   302   11   26 1.000000
   302   11   27 1.000000
   302   12   13 1.000000
   302   12   14 1.000000
   302   12   15 1.000000
   302   12   16 1.000000
   302   12   17 1.000000
   302   12   18 1.000000
   302   12   19 1.000000
   302   12   20 1.000000
   302   12   21 1.000000
   302   12   22 1.000000
   302   12   23 1.000000
   302   12   24 1.000000
   302   12   25 1.000000
   302   12   26 1.000000
   302   12   27 1.000000
   302   13   14 1.000000
   302   13   15 1.000000
   302   13   16 1.000000
   302   13   17 1.000000
   302   13   18 1.000000
   302   13   19 1.000000
   302   13   20 1.000000
   302   13   21 1.000000
   302   13   22 1.000000
   302   13   23 1.000000
   302   13   24 1.000000
   302   13   25 1.000000
   302   13   26 1.000000
   302   13   27 1.000000
   302   14   15 1.000000
   302   14   16 1.000000
   302   14   17 1.000000
   302   14   18 1.000000
   302   14   19 1.000000
   302   14   20 1.000000
   302   14   21 1.000000
   302   14   22 1.000000
   302   14   23 1.000000
   302   14   24 1.000000
   302   14   25 1.000000
   302   14   26 1.000000
   302   14   27 1.000000
   302   15   16 1.000000
   302   15   17 1.000000
   302   15   18 1.000000
   302   15   19 1.000000
   302   15   20 1.000000
   302   15   21 1.000000
   302   15   22 1.000000
   302   15   23 1.000000
   302   15   24 1.000000
   302   15   25 1.000000
   302   15   26 1.000000
   302   15   27 1.000000
   302   16   17 1.000000
   302   16   18 1.000000
   302   16   19 1.000000
   302   16   20 1.000000
   302   16   21 1.000000
   302   16   22 1.000000
   302   16   23 1.000000
   302   16   24 1.000000
   302   16   25 1.000000
   302   16   26 1.000000
   302   16   27 1.000000
   302   17   18 1.000000
   302   17   19 1.000000
   302   17   20 1.000000
   302   17   21 1.000000
   302   17   22 1.000000
   302   17   23 1.000000
   302   17   24 1.000000
   302   17   25 1.000000
   302   17   26 1.000000
   302   17   27 1.000000
   302   18   19 1.000000
   302   18   20 1.000000
   302   18   21 1.000000
   302   18   22 1.000000
   302   18   23 1.000000
   302   18   24 1.000000
   302   18   25 1.000000
   302   18   26 1.000000
   302   18   27 1.000000
   302   19   20 1.000000
   302   19   21 1.000000
   302   19   22 1.000000
   302   19   23 1.000000
   302   19   24 1.000000
   302   19   25 1.000000
   302   19   26 1.000000
   302   19   27 1.000000
   302   20   21 1.000000
   302   20   22 1.000000
   302   20   23 1.000000
   302   20   24 1.000000
   302   20   25 1.000000
   302   20   26 1.000000
   302   20   27 1.000000
   302   21   22 1.000000
   302   21   23 1.000000
   302   21   24 1.000000
   302   21   25 1.000000
   302   21   26 1.000000
   302   21   27 1.000000
   302   22   23 1.000000
   302   22   24 1.000000
   302   22   25 1.000000
   302   22   26 1.000000
   302   22   27 1.000000
   302   23   24 1.000000
   302   23   25 1.000000
   302   23   26 1.000000
   302   23   27 1.000000
   302   24   25 1.000000
   302   24   26 1.000000
   302   24   27 1.000000
   302   25   26 1.000000
   302   25   27 1.000000
   302   26   27 1.000000
   303    1    2 1.000000
   303    1    3 1.000000
   303    1    4 1.000000
   303    1    5 1.000000
   303    1    6 1.000000
   303    1    7 1.000000
   303    1    8 1.000000
   303    1    9 1.000000
   303    1   10 1.000000
   303    1   11 1.000000
   303    1   12 1.000000
   303    1   13 1.000000
   303    1   14 1.000000
   303    1   15 1.000000
   303    1   16 1.000000
   303    1   17 1.000000
   303    1   18 1.000000
   303    1   19 1.000000
   303    1   20 1.000000
   303    1   21 1.000000
   303    1   22 1.000000
   303    1   23 1.000000
   303    1   24 1.000000
   303    1   25 1.000000
   303    1   26 1.000000
   303    1   27 1.000000
   303    2    3 1.000000
   303    2    4 1.000000
   303    2    5 1.000000
   303    2    6 1.000000
   303    2    7 1.000000
   303    2    8 1.000000
   303    2    9 1.000000
   303    2   10 1.000000
   303    2   11 1.000000
   303    2   12 1.000000
   303    2   13 1.000000
   303    2   14 1.000000
   303    2   15 1.000000
   303    2   16 1.000000
   303    2   17 1.000000
   303    2   18 1.000000
   303    2   19 1.000000
   303    2   20 1.000000
   303    2   21 1.000000
   303    2   22 1.000000
   303    2   23 1.000000
   303    2   24 1.000000
   303    2   25 1.000000
   303    2   26 1.000000
   303    2   27 1.000000
   303    3    4 1.000000
   303    3    5 1.000000
   303    3    6 1.000000
   303    3    7 1.000000
   303    3    8 1.000000
   303    3    9 1.000000
   303    3   10 1.000000
   303    3   11 1.000000
   303    3   12 1.000000
   303    3   13 1.000000
   303    3   14 1.000000
   303    3   15 1.000000
   303    3   16 1.000000
   303    3   17 1.000000
   303    3   18 1.000000
   303    3   19 1.000000
   303    3   20 1.000000
   303    3   21 1.000000
   303    3   22 1.000000
   303    3   23 1.000000
   303    3   24 1.000000
   303    3   25 1.000000
   303    3   26 1.000000
   303    3   27 1.000000
   303    4    5 1.000000
   303    4    6 1.000000
   303    4    7 1.000000
   303    4    8 1.000000
   303    4    9 1.000000
   303    4   10 1.000000
   303    4   11 1.000000
   303    4   12 1.000000
   303    4   13 1.000000
   303    4   14 1.000000
   303    4   15 1.000000
   303    4   16 1.000000
   303    4   17 1.000000
   303    4   18 1.000000
   303    4   19 1.000000
   303    4   20 1.000000
   303    4   21 1.000000
   303    4   22 1.000000
   303    4   23 1.000000
   303    4   24 1.000000
   303    4   25 1.000000
   303    4   26 1.000000
   303    4   27 1.000000
   303    5    6 1.000000
   303    5    7 1.000000
   303    5    8 1.000000
   303    5    9 1.000000
   303    5   10 1.000000
   303    5   11 1.000000
   303    5   12 1.000000
   303    5   13 1.000000
   303    5   14 1.000000
   303    5   15 1.000000
   303    5   16 1.000000
   303    5   17 1.000000
   303    5   18 1.000000
   303    5   19 1.000000
   303    5   20 1.000000
   303    5   21 1.000000
   303    5   22 1.000000
   303    5   23 1.000000
   303    5   24 1.000000
   303    5   25 1.000000
   303    5   26 1.000000
   303    5   27 1.000000
   303    6    7 1.000000
   303    6    8 1.000000
   303    6    9 1.000000
   303    6   10 1.000000
   303    6   11 1.000000
   303    6   12 1.000000
   303    6   13 1.000000
   303    6   14 1.000000
   303    6   15 1.000000
   303    6   16 1.000000
   303    6   17 1.000000
   303    6   18 1.000000
   303    6   19 1.000000
   303    6   20 1.000000
   303    6   21 1.000000
   303    6   22 1.000000
   303    6   23 1.000000
   303    6   24 1.000000
   303    6   25 1.000000
   303    6   26 1.000000
   303    6   27 1.000000
   303    7    8 1.000000
   303    7    9 1.000000
   303    7   10 1.000000
   303    7   11 1.000000
   303    7   12 1.000000
   303    7   13 1.000000
   303    7   14 1.000000
   303    7   15 1.000000
   303    7   16 1.000000
   303    7   17 1.000000
   303    7   18 1.000000
   303    7   19 1.000000
   303    7   20 1.000000
   303    7   21 1.000000
   303    7   22 1.000000
   303    7   23 1.000000
   303    7   24 1.000000
   303    7   25 1.000000
   303    7   26 1.000000
   303    7   27 1.000000
   303    8    9 1.000000
   303    8   10 1.000000
   303    8   11 1.000000
   303    8   12 1.000000
   303    8   13 1.000000
   303    8   14 1.000000
   303    8   15 1.000000
   303    8   16 1.000000
   303    8   17 1.000000
   303    8   18 1.000000
   303    8   19 1.000000
   303    8   20 1.000000
   303    8   21 1.000000
   303    8   22 1.000000
   303    8   23 1.000000
   303    8   24 1.000000
   303    8   25 1.000000
   303    8   26 1.000000
   303    8   27 1.000000
   303    9   10 1.000000
   303    9   11 1.000000
   303    9   12 1.000000
   303    9   13 1.000000
   303    9   14 1.000000
   303    9   15 1.000000
   303    9   16 1.000000
   303    9   17 1.000000
   303    9   18 1.000000
   303    9   19 1.000000
   303    9   20 1.000000
   303    9   21 1.000000
   303    9   22 1.000000
   303    9   23 1.000000
   303    9   24 1.000000
   303    9   25 1.000000
   303    9   26 1.000000
   303    9   27 1.000000
   303   10   11 1.000000
   303   10   12 1.000000
   303   10   13 1.000000
   303   10   14 1.000000
   303   10   15 1.000000
   303   10   16 1.000000
   303   10   17 1.000000
   303   10   18 1.000000
   303   10   19 1.000000
   303   10   20 1.000000
   303   10   21 1.000000
   303   10   22 1.000000
   303   10   23 1.000000
   303   10   24 1.000000
   303   10   25 1.000000
   303   10   26 1.000000
   303   10   27 1.000000
   303   11   12 1.000000
   303   11   13 1.000000
   303   11   14 1.000000
   303   11   15 1.000000
   303   11   16 1.000000
   303   11   17 1.000000
   303   11   18 1.000000
   303   11   19 1.000000
   303   11   20 1.000000
   303   11   21 1.000000
   303   11   22 1.000000
   303   11   23 1.000000
   303   11   24 1.000000
   303   11   25 1.000000
   303   11   26 1.000000
   303   11   27 1.000000
   303   12   13 1.000000
   303   12   14 1.000000
   303   12   15 1.000000
   303   12   16 1.000000
   303   12   17 1.000000
   303   12   18 1.000000
   303   12   19 1.000000
   303   12   20 1.000000
   303   12   21 1.000000
   303   12   22 1.000000
   303   12   23 1.000000
   303   12   24 1.000000
   303   12   25 1.000000
   303   12   26 1.000000
   303   12   27 1.000000
   303   13   14 1.000000
   303   13   15 1.000000
   303   13   16 1.000000
   303   13   17 1.000000
   303   13   18 1.000000
   303   13   19 1.000000
   303   13   20 1.000000
   303   13   21 1.000000
   303   13   22 1.000000
   303   13   23 1.000000
   303   13   24 1.000000
   303   13   25 1.000000
   303   13   26 1.000000
   303   13   27 1.000000
   303   14   15 1.000000
   303   14   16 1.000000
   303   14   17 1.000000
   303   14   18 1.000000
   303   14   19 1.000000
   303   14   20 1.000000
   303   14   21 1.000000
   303   14   22 1.000000
   303   14   23 1.000000
   303   14   24 1.000000
   303   14   25 1.000000
   303   14   26 1.000000
   303   14   27 1.000000
   303   15   16 1.000000
   303   15   17 1.000000
   303   15   18 1.000000
   303   15   19 1.000000
   303   15   20 1.000000
   303   15   21 1.000000
   303   15   22 1.000000
   303   15   23 1.000000
   303   15   24 1.000000
   303   15   25 1.000000
   303   15   26 1.000000
   303   15   27 1.000000
   303   16   17 1.000000
   303   16   18 1.000000
   303   16   19 1.000000
   303   16   20 1.000000
   303   16   21 1.000000
   303   16   22 1.000000
   303   16   23 1.000000
   303   16   24 1.000000
   303   16   25 1.000000
   303   16   26 1.000000
   303   16   27 1.000000
   303   17   18 1.000000
   303   17   19 1.000000
   303   17   20 1.000000
   303   17   21 1.000000
   303   17   22 1.000000
   303   17   23 1.000000
   303   17   24 1.000000
   303   17   25 1.000000
   303   17   26 1.000000
   303   17   27 1.000000
   303   18   19 1.000000
   303   18   20 1.000000
   303   18   21 1.000000
   303   18   22 1.000000
   303   18   23 1.000000
   303   18   24 1.000000
   303   18   25 1.000000
   303   18   26 1.000000
   303   18   27 1.000000
   303   19   20 1.000000
   303   19   21 1.000000
   303   19   22 1.000000
   303   19   23 1.000000
   303   19   24 1.000000
   303   19   25 1.000000
   303   19   26 1.000000
   303   19   27 1.000000
   303   20   21 1.000000
   303   20   22 1.000000
   303   20   23 1.000000
   303   20   24 1.000000
   303   20   25 1.000000
   303   20   26 1.000000
   303   20   27 1.000000
   303   21   22 1.000000
   303   21   23 1.000000
   303   21   24 1.000000
   303   21   25 1.000000
   303   21   26 1.000000
   303   21   27 1.000000
   303   22   23 1.000000
   303   22   24 1.000000
   303   22   25 1.000000
   303   22   26 1.000000
   303   22   27 1.000000
   303   23   24 1.000000
   303   23   25 1.000000
   303   23   26 1.000000
   303   23   27 1.000000
   303   24   25 1.000000
   303   24   26 1.000000
   303   24   27 1.000000
   303   25   26 1.000000
   303   25   27 1.000000
   303   26   27 1.000000
   304    1    2 1.000000
   304    1    3 1.000000
   304    1    4 1.000000
   304    1    5 1.000000
   304    1    6 1.000000
   304    1    7 1.000000
   304    1    8 1.000000
   304    1    9 1.000000
   304    1   10 1.000000
   304    1   11 1.000000
   304    1   12 1.000000
   304    1   13 1.000000
   304    1   14 1.000000
   304    1   15 1.000000
   304    1   16 1.000000
   304    1   17 1.000000
   304    1   18 1.000000
   304    1   19 1.000000
   304    1   20 1.000000
   304    1   21 1.000000
   304    1   22 1.000000
   304    1   23 1.000000
   304    1   24 1.000000
   304    1   25 1.000000
   304    1   26 1.000000
   304    1   27 1.000000
   304    2    3 1.000000
   304    2    4 1.000000
   304    2    5 1.000000
   304    2    6 1.000000
   304    2    7 1.000000
   304    2    8 1.000000
   304    2    9 1.000000
   304    2   10 1.000000
   304    2   11 1.000000
   304    2   12 1.000000
   304    2   13 1.000000
   304    2   14 1.000000
   304    2   15 1.000000
   304    2   16 1.000000
   304    2   17 1.000000
   304    2   18 1.000000
   304    2   19 1.000000
   304    2   20 1.000000
   304    2   21 1.000000
   304    2   22 1.000000
   304    2   23 1.000000
   304    2   24 1.000000
   304    2   25 1.000000
   304    2   26 1.000000
   304    2   27 1.000000
   304    3    4 1.000000
   304    3    5 1.000000
   304    3    6 1.000000
   304    3    7 1.000000
   304    3    8 1.000000
   304    3    9 1.000000
   304    3   10 1.000000
   304    3   11 1.000000
   304    3   12 1.000000
   304    3   13 1.000000
   304    3   14 1.000000
   304    3   15 1.000000
   304    3   16 1.000000
   304    3   17 1.000000
   304    3   18 1.000000
   304    3   19 1.000000
   304    3   20 1.000000
   304    3   21 1.000000
   304    3   22 1.000000
   304    3   23 1.000000
   304    3   24 1.000000
   304    3   25 1.000000
   304    3   26 1.000000
   304    3   27 1.000000
   304    4    5 1.000000
   304    4    6 1.000000
   304    4    7 1.000000
   304    4    8 1.000000
   304    4    9 1.000000
   304    4   10 1.000000
   304    4   11 1.000000
   304    4   12 1.000000
   304    4   13 1.000000
   304    4   14 1.000000
   304    4   15 1.000000
   304    4   16 1.000000
   304    4   17 1.000000
   304    4   18 1.000000
   304    4   19 1.000000
   304    4   20 1.000000
   304    4   21 1.000000
   304    4   22 1.000000
   304    4   23 1.000000
   304    4   24 1.000000
   304    4   25 1.000000
   304    4   26 1.000000
   304    4   27 1.000000
   304    5    6 1.000000
   304    5    7 1.000000
   304    5    8 1.000000
   304    5    9 1.000000
   304    5   10 1.000000
   304    5   11 1.000000
   304    5   12 1.000000
   304    5   13 1.000000
   304    5   14 1.000000
   304    5   15 1.000000
   304    5   16 1.000000
   304    5   17 1.000000
   304    5   18 1.000000
   304    5   19 1.000000
   304    5   20 1.000000
   304    5   21 1.000000
   304    5   22 1.000000
   304    5   23 1.000000
   304    5   24 1.000000
   304    5   25 1.000000
   304    5   26 1.000000
   304    5   27 1.000000
   304    6    7 1.000000
   304    6    8 1.000000
   304    6    9 1.000000
   304    6   10 1.000000
   304    6   11 1.000000
   304    6   12 1.000000
   304    6   13 1.000000
   304    6   14 1.000000
   304    6   15 1.000000
   304    6   16 1.000000
   304    6   17 1.000000
   304    6   18 1.000000
   304    6   19 1.000000
   304    6   20 1.000000
   304    6   21 1.000000
   304    6   22 1.000000
   304    6   23 1.000000
   304    6   24 1.000000
   304    6   25 1.000000
   304    6   26 1.000000
   304    6   27 1.000000
   304    7    8 1.000000
   304    7    9 1.000000
   304    7   10 1.000000
   304    7   11 1.000000
   304    7   12 1.000000
   304    7   13 1.000000
   304    7   14 1.000000
   304    7   15 1.000000
   304    7   16 1.000000
   304    7   17 1.000000
   304    7   18 1.000000
   304    7   19 1.000000
   304    7   20 1.000000
   304    7   21 1.000000
   304    7   22 1.000000
   304    7   23 1.000000
   304    7   24 1.000000
   304    7   25 1.000000
   304    7   26 1.000000
   304    7   27 1.000000
   304    8    9 1.000000
   304    8   10 1.000000
   304    8   11 1.000000
   304    8   12 1.000000
   304    8   13 1.000000
   304    8   14 1.000000
   304    8   15 1.000000
   304    8   16 1.000000
   304    8   17 1.000000
   304    8   18 1.000000
   304    8   19 1.000000
   304    8   20 1.000000
   304    8   21 1.000000
   304    8   22 1.000000
   304    8   23 1.000000
   304    8   24 1.000000
   304    8   25 1.000000
   304    8   26 1.000000
   304    8   27 1.000000
   304    9   10 1.000000
   304    9   11 1.000000
   304    9   12 1.000000
   304    9   13 1.000000
   304    9   14 1.000000
   304    9   15 1.000000
   304    9   16 1.000000
   304    9   17 1.000000
   304    9   18 1.000000
   304    9   19 1.000000
   304    9   20 1.000000
   304    9   21 1.000000
   304    9   22 1.000000
   304    9   23 1.000000
   304    9   24 1.000000
   304    9   25 1.000000
   304    9   26 1.000000
   304    9   27 1.000000
   304   10   11 1.000000
   304   10   12 1.000000
   304   10   13 1.000000
   304   10   14 1.000000
   304   10   15 1.000000
   304   10   16 1.000000
   304   10   17 1.000000
   304   10   18 1.000000
   304   10   19 1.000000
   304   10   20 1.000000
   304   10   21 1.000000
   304   10   22 1.000000
   304   10   23 1.000000
   304   10   24 1.000000
   304   10   25 1.000000
   304   10   26 1.000000
   304   10   27 1.000000
   304   11   12 1.000000
   304   11   13 1.000000
   304   11   14 1.000000
   304   11   15 1.000000
   304   11   16 1.000000
   304   11   17 1.000000
   304   11   18 1.000000
   304   11   19 1.000000
   304   11   20 1.000000
   304   11   21 1.000000
   304   11   22 1.000000
   304   11   23 1.000000
   304   11   24 1.000000
   304   11   25 1.000000
   304   11   26 1.000000
   304   11   27 1.000000
   304   12   13 1.000000
   304   12   14 1.000000
   304   12   15 1.000000
   304   12   16 1.000000
   304   12   17 1.000000
   304   12   18 1.000000
   304   12   19 1.000000
   304   12   20 1.000000
   304   12   21 1.000000
   304   12   22 1.000000
   304   12   23 1.000000
   304   12   24 1.000000
   304   12   25 1.000000
   304   12   26 1.000000
   304   12   27 1.000000
   304   13   14 1.000000
   304   13   15 1.000000
   304   13   16 1.000000
   304   13   17 1.000000
   304   13   18 1.000000
   304   13   19 1.000000
   304   13   20 1.000000
   304   13   21 1.000000
   304   13   22 1.000000
   304   13   23 1.000000
   304   13   24 1.000000
   304   13   25 1.000000
   304   13   26 1.000000
   304   13   27 1.000000
   304   14   15 1.000000
   304   14   16 1.000000
   304   14   17 1.000000
   304   14   18 1.000000
   304   14   19 1.000000
   304   14   20 1.000000
   304   14   21 1.000000
   304   14   22 1.000000
   304   14   23 1.000000
   304   14   24 1.000000
   304   14   25 1.000000
   304   14   26 1.000000
   304   14   27 1.000000
   304   15   16 1.000000
   304   15   17 1.000000
   304   15   18 1.000000
   304   15   19 1.000000
   304   15   20 1.000000
   304   15   21 1.000000
   304   15   22 1.000000
   304   15   23 1.000000
   304   15   24 1.000000
   304   15   25 1.000000
   304   15   26 1.000000
   304   15   27 1.000000
   304   16   17 1.000000
   304   16   18 1.000000
   304   16   19 1.000000
   304   16   20 1.000000
   304   16   21 1.000000
   304   16   22 1.000000
   304   16   23 1.000000
   304   16   24 1.000000
   304   16   25 1.000000
   304   16   26 1.000000
   304   16   27 1.000000
   304   17   18 1.000000
   304   17   19 1.000000
   304   17   20 1.000000
   304   17   21 1.000000
   304   17   22 1.000000
   304   17   23 1.000000
   304   17   24 1.000000
   304   17   25 1.000000
   304   17   26 1.000000
   304   17   27 1.000000
   304   18   19 1.000000
   304   18   20 1.000000
   304   18   21 1.000000
   304   18   22 1.000000
   304   18   23 1.000000
   304   18   24 1.000000
   304   18   25 1.000000
   304   18   26 1.000000
   304   18   27 1.000000
   304   19   20 1.000000
   304   19   21 1.000000
   304   19   22 1.000000
   304   19   23 1.000000
   304   19   24 1.000000
   304   19   25 1.000000
   304   19   26 1.000000
   304   19   27 1.000000
   304   20   21 1.000000
   304   20   22 1.000000
   304   20   23 1.000000
   304   20   24 1.000000
   304   20   25 1.000000
   304   20   26 1.000000
   304   20   27 1.000000
   304   21   22 1.000000
   304   21   23 1.000000
   304   21   24 1.000000
   304   21   25 1.000000
   304   21   26 1.000000
   304   21   27 1.000000
   304   22   23 1.000000
   304   22   24 1.000000
   304   22   25 1.000000
   304   22   26 1.000000
   304   22   27 1.000000
   304   23   24 1.000000
   304   23   25 1.000000
   304   23   26 1.000000
   304   23   27 1.000000
   304   24   25 1.000000
   304   24   26 1.000000
   304   24   27 1.000000
   304   25   26 1.000000
   304   25   27 1.000000
   304   26   27 1.000000
   305    1    2 1.000000
   305    1    3 1.000000
   305    1    4 1.000000
   305    1    5 1.000000
   305    1    6 1.000000
   305    1    7 1.000000
   305    1    8 1.000000
   305    1    9 1.000000
   305    1   10 1.000000
   305    1   11 1.000000
   305    1   12 1.000000
   305    1   13 1.000000
   305    1   14 1.000000
   305    1   15 1.000000
   305    1   16 1.000000
   305    1   17 1.000000
   305    1   18 1.000000
   305    1   19 1.000000
   305    1   20 1.000000
   305    1   21 1.000000
   305    1   22 1.000000
   305    1   23 1.000000
   305    1   24 1.000000
   305    1   25 1.000000
   305    1   26 1.000000
   305    1   27 1.000000
   305    2    3 1.000000
   305    2    4 1.000000
   305    2    5 1.000000
   305    2    6 1.000000
   305    2    7 1.000000
   305    2    8 1.000000
   305    2    9 1.000000
   305    2   10 1.000000
   305    2   11 1.000000
   305    2   12 1.000000
   305    2   13 1.000000
   305    2   14 1.000000
   305    2   15 1.000000
   305    2   16 1.000000
   305    2   17 1.000000
   305    2   18 1.000000
   305    2   19 1.000000
   305    2   20 1.000000
   305    2   21 1.000000
   305    2   22 1.000000
   305    2   23 1.000000
   305    2   24 1.000000
   305    2   25 1.000000
   305    2   26 1.000000
   305    2   27 1.000000
   305    3    4 1.000000
   305    3    5 1.000000
   305    3    6 1.000000
   305    3    7 1.000000
   305    3    8 1.000000
   305    3    9 1.000000
   305    3   10 1.000000
   305    3   11 1.000000
   305    3   12 1.000000
   305    3   13 1.000000
   305    3   14 1.000000
   305    3   15 1.000000
   305    3   16 1.000000
   305    3   17 1.000000
   305    3   18 1.000000
   305    3   19 1.000000
   305    3   20 1.000000
   305    3   21 1.000000
   305    3   22 1.000000
   305    3   23 1.000000
   305    3   24 1.000000
   305    3   25 1.000000
   305    3   26 1.000000
   305    3   27 1.000000
   305    4    5 1.000000
   305    4    6 1.000000
   305    4    7 1.000000
   305    4    8 1.000000
   305    4    9 1.000000
   305    4   10 1.000000
   305    4   11 1.000000
   305    4   12 1.000000
   305    4   13 1.000000
   305    4   14 1.000000
   305    4   15 1.000000
   305    4   16 1.000000
   305    4   17 1.000000
   305    4   18 1.000000
   305    4   19 1.000000
   305    4   20 1.000000
   305    4   21 1.000000
   305    4   22 1.000000
   305    4   23 1.000000
   305    4   24 1.000000
   305    4   25 1.000000
   305    4   26 1.000000
   305    4   27 1.000000
   305    5    6 1.000000
   305    5    7 1.000000
   305    5    8 1.000000
   305    5    9 1.000000
   305    5   10 1.000000
   305    5   11 1.000000
   305    5   12 1.000000
   305    5   13 1.000000
   305    5   14 1.000000
   305    5   15 1.000000
   305    5   16 1.000000
   305    5   17 1.000000
   305    5   18 1.000000
   305    5   19 1.000000
   305    5   20 1.000000
   305    5   21 1.000000
   305    5   22 1.000000
   305    5   23 1.000000
   305    5   24 1.000000
   305    5   25 1.000000
   305    5   26 1.000000
   305    5   27 1.000000
   305    6    7 1.000000
   305    6    8 1.000000
   305    6    9 1.000000
   305    6   10 1.000000
   305    6   11 1.000000
   305    6   12 1.000000
   305    6   13 1.000000
   305    6   14 1.000000
   305    6   15 1.000000
   305    6   16 1.000000
   305    6   17 1.000000
   305    6   18 1.000000
   305    6   19 1.000000
   305    6   20 1.000000
   305    6   21 1.000000
   305    6   22 1.000000
   305    6   23 1.000000
   305    6   24 1.000000
   305    6   25 1.000000
   305    6   26 1.000000
   305    6   27 1.000000
   305    7    8 1.000000
   305    7    9 1.000000
   305    7   10 1.000000
   305    7   11 1.000000
   305    7   12 1.000000
   305    7   13 1.000000
   305    7   14 1.000000
   305    7   15 1.000000
   305    7   16 1.000000
   305    7   17 1.000000
   305    7   18 1.000000
   305    7   19 1.000000
   305    7   20 1.000000
   305    7   21 1.000000
   305    7   22 1.000000
   305    7   23 1.000000
   305    7   24 1.000000
   305    7   25 1.000000
   305    7   26 1.000000
   305    7   27 1.000000
   305    8    9 1.000000
   305    8   10 1.000000
   305    8   11 1.000000
   305    8   12 1.000000
   305    8   13 1.000000
   305    8   14 1.000000
   305    8   15 1.000000
   305    8   16 1.000000
   305    8   17 1.000000
   305    8   18 1.000000
   305    8   19 1.000000
   305    8   20 1.000000
   305    8   21 1.000000
   305    8   22 1.000000
   305    8   23 1.000000
   305    8   24 1.000000
   305    8   25 1.000000
   305    8   26 1.000000
   305    8   27 1.000000
   305    9   10 1.000000
   305    9   11 1.000000
   305    9   12 1.000000
   305    9   13 1.000000
   305    9   14 1.000000
   305    9   15 1.000000
   305    9   16 1.000000
   305    9   17 1.000000
   305    9   18 1.000000
   305    9   19 1.000000
   305    9   20 1.000000
   305    9   21 1.000000
   305    9   22 1.000000
   305    9   23 1.000000
   305    9   24 1.000000
   305    9   25 1.000000
   305    9   26 1.000000
   305    9   27 1.000000
   305   10   11 1.000000
   305   10   12 1.000000
   305   10   13 1.000000
   305   10   14 1.000000
   305   10   15 1.000000
   305   10   16 1.000000
   305   10   17 1.000000
   305   10   18 1.000000
   305   10   19 1.000000
   305   10   20 1.000000
   305   10   21 1.000000
   305   10   22 1.000000
   305   10   23 1.000000
   305   10   24 1.000000
   305   10   25 1.000000
   305   10   26 1.000000
   305   10   27 1.000000
   305   11   12 1.000000
   305   11   13 1.000000
   305   11   14 1.000000
   305   11   15 1.000000
   305   11   16 1.000000
   305   11   17 1.000000
   305   11   18 1.000000
   305   11   19 1.000000
   305   11   20 1.000000
   305   11   21 1.000000
   305   11   22 1.000000
   305   11   23 1.000000
   305   11   24 1.000000
   305   11   25 1.000000
   305   11   26 1.000000
   305   11   27 1.000000
   305   12   13 1.000000
   305   12   14 1.000000
   305   12   15 1.000000
   305   12   16 1.000000
   305   12   17 1.000000
   305   12   18 1.000000
   305   12   19 1.000000
   305   12   20 1.000000
   305   12   21 1.000000
   305   12   22 1.000000
   305   12   23 1.000000
   305   12   24 1.000000
   305   12   25 1.000000
   305   12   26 1.000000
   305   12   27 1.000000
   305   13   14 1.000000
   305   13   15 1.000000
   305   13   16 1.000000
   305   13   17 1.000000
   305   13   18 1.000000
   305   13   19 1.000000
   305   13   20 1.000000
   305   13   21 1.000000
   305   13   22 1.000000
   305   13   23 1.000000
   305   13   24 1.000000
   305   13   25 1.000000
   305   13   26 1.000000
   305   13   27 1.000000
   305   14   15 1.000000
   305   14   16 1.000000
   305   14   17 1.000000
   305   14   18 1.000000
   305   14   19 1.000000
   305   14   20 1.000000
   305   14   21 1.000000
   305   14   22 1.000000
   305   14   23 1.000000
   305   14   24 1.000000
   305   14   25 1.000000
   305   14   26 1.000000
   305   14   27 1.000000
   305   15   16 1.000000
   305   15   17 1.000000
   305   15   18 1.000000
   305   15   19 1.000000
   305   15   20 1.000000
   305   15   21 1.000000
   305   15   22 1.000000
   305   15   23 1.000000
   305   15   24 1.000000
   305   15   25 1.000000
   305   15   26 1.000000
   305   15   27 1.000000
   305   16   17 1.000000
   305   16   18 1.000000
   305   16   19 1.000000
   305   16   20 1.000000
   305   16   21 1.000000
   305   16   22 1.000000
   305   16   23 1.000000
   305   16   24 1.000000
   305   16   25 1.000000
   305   16   26 1.000000
   305   16   27 1.000000
   305   17   18 1.000000
   305   17   19 1.000000
   305   17   20 1.000000
   305   17   21 1.000000
   305   17   22 1.000000
   305   17   23 1.000000
   305   17   24 1.000000
   305   17   25 1.000000
   305   17   26 1.000000
   305   17   27 1.000000
   305   18   19 1.000000
   305   18   20 1.000000
   305   18   21 1.000000
   305   18   22 1.000000
   305   18   23 1.000000
   305   18   24 1.000000
   305   18   25 1.000000
   305   18   26 1.000000
   305   18   27 1.000000
   305   19   20 1.000000
   305   19   21 1.000000
   305   19   22 1.000000
   305   19   23 1.000000
   305   19   24 1.000000
   305   19   25 1.000000
   305   19   26 1.000000
   305   19   27 1.000000
   305   20   21 1.000000
   305   20   22 1.000000
   305   20   23 1.000000
   305   20   24 1.000000
   305   20   25 1.000000
   305   20   26 1.000000
   305   20   27 1.000000
   305   21   22 1.000000
   305   21   23 1.000000
   305   21   24 1.000000
   305   21   25 1.000000
   305   21   26 1.000000
   305   21   27 1.000000
   305   22   23 1.000000
   305   22   24 1.000000
   305   22   25 1.000000
   305   22   26 1.000000
   305   22   27 1.000000
   305   23   24 1.000000
   305   23   25 1.000000
   305   23   26 1.000000
   305   23   27 1.000000
   305   24   25 1.000000
   305   24   26 1.000000
   305   24   27 1.000000
   305   25   26 1.000000
   305   25   27 1.000000
   305   26   27 1.000000
#END
